0 -0.000553531 -0.00080441 -0.000951887 -0.00105374 -0.00113025 -0.00118997 -0.00123708 -0.00127378 -0.0013013 -0.00132033 -0.00133125 -0.00133427 -0.00132949 -0.00131698 -0.00129678 -0.00126895 -0.00123358 -0.00119078 -0.00114073 -0.00108364 -0.00101979 -0.000949508 -0.000873169 -0.00079121 -0.000704115 -0.000612416 -0.000516687 -0.00041754 -0.000315618 -0.000211592 -0.000106151 0 
-0.000553531 0.00891795 0.0182968 0.0275239 0.0365034 0.0451406 0.0533467 0.0610391 0.0681417 0.0745846 0.080305 0.0852472 0.0893635 0.092614 0.0949675 0.0964014 0.096902 0.0964647 0.095094 0.0928032 0.0896146 0.0855594 0.0806768 0.0750141 0.0686263 0.061575 0.0539285 0.0457609 0.0371509 0.028182 0.0189406 0.0095163 1.20036e-17 
-0.00080441 0.0182968 0.0371813 0.0556989 0.0736799 0.0909519 0.107347 0.122707 0.136881 0.149732 0.161137 0.170985 0.179181 0.185647 0.190319 0.193153 0.194122 0.193216 0.190446 0.185837 0.179434 0.1713 0.161512 0.150166 0.137371 0.123251 0.107941 0.09159 0.0743554 0.0564034 0.0379073 0.0190455 2.38917e-17 
-0.000951887 0.0275239 0.0556989 0.0833186 0.110126 0.135867 0.160295 0.183173 0.204283 0.22342 0.2404 0.255059 0.267256 0.276873 0.283819 0.288026 0.289455 0.28809 0.283947 0.277065 0.267511 0.255376 0.240779 0.22386 0.204782 0.18373 0.160906 0.13653 0.110838 0.0840773 0.056506 0.0283899 3.55496e-17 
-0.00105374 0.0365034 0.0736799 0.110126 0.145498 0.179458 0.211682 0.24186 0.269701 0.294939 0.31733 0.336659 0.35274 0.365417 0.37457 0.38011 0.381984 0.380175 0.374699 0.365611 0.352998 0.336981 0.317716 0.295387 0.270211 0.24243 0.212313 0.180149 0.146248 0.110938 0.0745578 0.0374594 4.68652e-17 
-0.00113025 0.0451406 0.0909519 0.135867 0.179458 0.221308 0.261016 0.298202 0.332507 0.363603 0.39119 0.415002 0.434811 0.450427 0.461699 0.468519 0.470821 0.468584 0.46183 0.450623 0.435073 0.415329 0.391581 0.364059 0.333029 0.298788 0.261668 0.222026 0.180245 0.136726 0.0918892 0.046167 5.77295e-17 
-0.00118997 0.0533467 0.107347 0.160295 0.211682 0.261016 0.307825 0.35166 0.392098 0.428751 0.461268 0.489334 0.512682 0.531085 0.544367 0.552401 0.55511 0.552467 0.544499 0.531283 0.512946 0.489665 0.461666 0.429216 0.392631 0.352261 0.308497 0.26176 0.212501 0.161194 0.108333 0.0544289 6.80377e-17 
-0.00123708 0.0610391 0.122707 0.183173 0.24186 0.298202 0.35166 0.401719 0.4479 0.489758 0.526891 0.558941 0.585601 0.606615 0.62178 0.630952 0.634041 0.631018 0.621914 0.606816 0.585869 0.559277 0.527295 0.490231 0.448444 0.402335 0.352349 0.298968 0.242707 0.184106 0.123732 0.0621655 7.76908e-17 
-0.00127378 0.0681417 0.136881 0.204283 0.269701 0.332507 0.392098 0.4479 0.499378 0.546037 0.587428 0.623153 0.65287 0.676292 0.693194 0.703414 0.706854 0.703481 0.693328 0.676494 0.65314 0.623493 0.587837 0.546517 0.499931 0.448527 0.392802 0.333292 0.270571 0.205243 0.137937 0.0693025 8.65956e-17 
-0.0013013 0.0745846 0.149732 0.22342 0.294939 0.363603 0.428751 0.489758 0.546037 0.597047 0.642297 0.681353 0.71384 0.739444 0.75792 0.769091 0.772849 0.769159 0.758056 0.739648 0.714112 0.681696 0.64271 0.597532 0.546597 0.490394 0.429467 0.364402 0.295827 0.2244 0.150812 0.0757712 9.46665e-17 
-0.00132033 0.080305 0.161137 0.2404 0.31733 0.39119 0.461268 0.526891 0.587428 0.642297 0.690971 0.732982 0.767925 0.795465 0.815338 0.827352 0.831392 0.82742 0.815474 0.79567 0.768199 0.733326 0.691387 0.642786 0.587992 0.527533 0.461992 0.391999 0.31823 0.241394 0.162233 0.0815093 1.01826e-16 
-0.00133125 0.0852472 0.170985 0.255059 0.336659 0.415002 0.489334 0.558941 0.623153 0.681353 0.732982 0.777542 0.814606 0.843817 0.864894 0.877636 0.881919 0.877703 0.86503 0.844021 0.81488 0.777886 0.733398 0.681844 0.62372 0.559587 0.490063 0.415817 0.337565 0.256061 0.172091 0.0864618 1.08004e-16 
-0.00133427 0.0893635 0.179181 0.267256 0.35274 0.434811 0.512682 0.585601 0.65287 0.71384 0.767925 0.814606 0.853433 0.884033 0.906113 0.919459 0.923945 0.919527 0.906248 0.884237 0.853706 0.814949 0.76834 0.714329 0.653436 0.586247 0.51341 0.435627 0.353647 0.26826 0.180289 0.0905808 1.13143e-16 
-0.00132949 0.092614 0.185647 0.276873 0.365417 0.450427 0.531085 0.606615 0.676292 0.739444 0.795465 0.843817 0.884033 0.915728 0.938597 0.95242 0.957065 0.952487 0.938731 0.91593 0.884304 0.844157 0.795878 0.73993 0.676854 0.607257 0.53181 0.451239 0.366321 0.277874 0.18675 0.0938269 1.17191e-16 
-0.00131698 0.0949675 0.190319 0.283819 0.37457 0.461699 0.544367 0.62178 0.693194 0.75792 0.815338 0.864894 0.906113 0.938597 0.962035 0.976202 0.980961 0.976268 0.962167 0.938796 0.906379 0.86523 0.815745 0.7584 0.693749 0.622415 0.545084 0.462502 0.375464 0.28481 0.191411 0.0961689 1.20112e-16 
-0.00129678 0.0964014 0.193153 0.288026 0.38011 0.468519 0.552401 0.630952 0.703414 0.769091 0.827352 0.877636 0.919459 0.95242 0.976202 0.990575 0.995404 0.99064 0.976331 0.952615 0.919721 0.877965 0.827751 0.769562 0.70396 0.631575 0.553106 0.469309 0.38099 0.289001 0.194228 0.0975841 1.21875e-16 
-0.00126895 0.096902 0.194122 0.289455 0.381984 0.470821 0.55511 0.634041 0.706854 0.772849 0.831392 0.881919 0.923945 0.957065 0.980961 0.995404 1.00025 0.995467 0.981087 0.957255 0.9242 0.882241 0.831782 0.773309 0.707387 0.63465 0.555798 0.471593 0.382844 0.290408 0.195174 0.0980591 1.22465e-16 
-0.00123358 0.0964647 0.193216 0.28809 0.380175 0.468584 0.552467 0.631018 0.703481 0.769159 0.82742 0.877703 0.919527 0.952487 0.976268 0.99064 0.995467 0.990701 0.97639 0.952671 0.919774 0.878015 0.827798 0.769605 0.703998 0.631609 0.553136 0.469334 0.38101 0.289016 0.194238 0.0975892 1.21875e-16 
-0.00119078 0.095094 0.190446 0.283947 0.374699 0.46183 0.544499 0.621914 0.693328 0.758056 0.815474 0.86503 0.906248 0.938731 0.962167 0.976331 0.981087 0.97639 0.962285 0.938908 0.906486 0.86533 0.815838 0.758486 0.693827 0.622484 0.545144 0.462552 0.375505 0.28484 0.191432 0.0961792 1.20112e-16 
-0.00114073 0.0928032 0.185837 0.277065 0.365611 0.450623 0.531283 0.606816 0.676494 0.739648 0.79567 0.844021 0.884237 0.91593 0.938796 0.952615 0.957255 0.952671 0.938908 0.916099 0.884464 0.844308 0.796018 0.740059 0.676971 0.607361 0.5319 0.451315 0.366382 0.27792 0.186781 0.0938425 1.17191e-16 
-0.00108364 0.0896146 0.179434 0.267511 0.352998 0.435073 0.512946 0.585869 0.65314 0.714112 0.768199 0.81488 0.853706 0.884304 0.906379 0.919721 0.9242 0.919774 0.906486 0.884464 0.853921 0.815152 0.768529 0.714502 0.653592 0.586386 0.513531 0.435729 0.35373 0.268322 0.180331 0.0906017 1.13143e-16 
-0.00101979 0.0855594 0.1713 0.255376 0.336981 0.415329 0.489665 0.559277 0.623493 0.681696 0.733326 0.777886 0.814949 0.844157 0.86523 0.877965 0.882241 0.878015 0.86533 0.844308 0.815152 0.778142 0.733636 0.682062 0.623917 0.559763 0.490215 0.415946 0.337669 0.25614 0.172143 0.0864881 1.08004e-16 
-0.000949508 0.0806768 0.161512 0.240779 0.317716 0.391581 0.461666 0.527295 0.587837 0.64271 0.691387 0.733398 0.76834 0.795878 0.815745 0.827751 0.831782 0.827798 0.815838 0.796018 0.768529 0.733636 0.691675 0.643051 0.588232 0.527746 0.462177 0.392155 0.318356 0.24149 0.162297 0.0815413 1.01826e-16 
-0.000873169 0.0750141 0.150166 0.22386 0.295387 0.364059 0.429216 0.490231 0.546517 0.597532 0.642786 0.681844 0.714329 0.73993 0.7584 0.769562 0.773309 0.769605 0.758486 0.740059 0.714502 0.682062 0.643051 0.597845 0.54688 0.490646 0.429686 0.364587 0.295975 0.224513 0.150888 0.075809 9.46665e-17 
-0.00079121 0.0686263 0.137371 0.204782 0.270211 0.333029 0.392631 0.448444 0.499931 0.546597 0.587992 0.62372 0.653436 0.676854 0.693749 0.70396 0.707387 0.703998 0.693827 0.676971 0.653592 0.623917 0.588232 0.54688 0.500259 0.448819 0.393056 0.333506 0.270744 0.205373 0.138025 0.0693464 8.65956e-17 
-0.000704115 0.061575 0.123251 0.18373 0.24243 0.298788 0.352261 0.402335 0.448527 0.490394 0.527533 0.559587 0.586247 0.607257 0.622415 0.631575 0.63465 0.631609 0.622484 0.607361 0.586386 0.559763 0.527746 0.490646 0.448819 0.402669 0.352639 0.299213 0.242904 0.184256 0.123832 0.0622157 7.76908e-17 
-0.000612416 0.0539285 0.107941 0.160906 0.212313 0.261668 0.308497 0.352349 0.392802 0.429467 0.461992 0.490063 0.51341 0.53181 0.545084 0.553106 0.555798 0.553136 0.545144 0.5319 0.513531 0.490215 0.462177 0.429686 0.393056 0.352639 0.308826 0.262037 0.212725 0.161363 0.108447 0.0544857 6.80377e-17 
-0.000516687 0.0457609 0.09159 0.13653 0.180149 0.222026 0.26176 0.298968 0.333292 0.364402 0.391999 0.415817 0.435627 0.451239 0.462502 0.469309 0.471593 0.469334 0.462552 0.451315 0.435729 0.415946 0.392155 0.364587 0.333506 0.299213 0.262037 0.222338 0.180496 0.136916 0.0920165 0.0462309 5.77295e-17 
-0.00041754 0.0371509 0.0743554 0.110838 0.146248 0.180245 0.212501 0.242707 0.270571 0.295827 0.31823 0.337565 0.353647 0.366321 0.375464 0.38099 0.382844 0.38101 0.375505 0.366382 0.35373 0.337669 0.318356 0.295975 0.270744 0.242904 0.212725 0.180496 0.146529 0.11115 0.0746999 0.0375307 4.68652e-17 
-0.000315618 0.028182 0.0564034 0.0840773 0.110938 0.136726 0.161194 0.184106 0.205243 0.2244 0.241394 0.256061 0.26826 0.277874 0.28481 0.289001 0.290408 0.289016 0.28484 0.27792 0.268322 0.25614 0.24149 0.224513 0.205373 0.184256 0.161363 0.136916 0.11115 0.0843128 0.0566638 0.028469 3.55496e-17 
-0.000211592 0.0189406 0.0379073 0.056506 0.0745578 0.0918892 0.108333 0.123732 0.137937 0.150812 0.162233 0.172091 0.180289 0.18675 0.191411 0.194228 0.195174 0.194238 0.191432 0.186781 0.180331 0.172143 0.162297 0.150888 0.138025 0.123832 0.108447 0.0920165 0.0746999 0.0566638 0.0380819 0.0191331 2.38917e-17 
-0.000106151 0.0095163 0.0190455 0.0283899 0.0374594 0.046167 0.0544289 0.0621655 0.0693025 0.0757712 0.0815093 0.0864618 0.0905808 0.0938269 0.0961689 0.0975841 0.0980591 0.0975892 0.0961792 0.0938425 0.0906017 0.0864881 0.0815413 0.075809 0.0693464 0.0622157 0.0544857 0.0462309 0.0375307 0.028469 0.0191331 0.00961284 1.20036e-17 
0 1.20036e-17 2.38917e-17 3.55496e-17 4.68652e-17 5.77295e-17 6.80377e-17 7.76908e-17 8.65956e-17 9.46665e-17 1.01826e-16 1.08004e-16 1.13143e-16 1.17191e-16 1.20112e-16 1.21875e-16 1.22465e-16 1.21875e-16 1.20112e-16 1.17191e-16 1.13143e-16 1.08004e-16 1.01826e-16 9.46665e-17 8.65956e-17 7.76908e-17 6.80377e-17 5.77295e-17 4.68652e-17 3.55496e-17 2.38917e-17 1.20036e-17 1.49976e-32 
