0 0.000371027 0.000522615 0.00059954 0.000644016 0.000671101 0.000687369 0.000696211 0.000699594 0.000698756 0.00069452 0.000687452 0.000677951 0.0006663 0.0006527 0.000637288 0.000620153 0.000601345 0.000580877 0.000558734 0.000534869 0.000509206 0.000481636 0.000452011 0.000420136 0.000385755 0.000348526 0.000307979 0.000263436 0.000213835 0.00015729 8.97358e-05 0 
0.000371027 0.000450228 0.000529429 0.000585247 0.000622195 0.000645991 0.000660564 0.000668423 0.000671187 0.000669938 0.000665419 0.000658151 0.000648508 0.000636757 0.000623088 0.000607632 0.000590472 0.000571657 0.000551197 0.000529077 0.000505251 0.000479643 0.000452146 0.000422618 0.000390872 0.000356661 0.000319667 0.000279459 0.000235447 0.000186789 0.000132277 7.03091e-05 0 
0.000522615 0.000529429 0.000559627 0.000589825 0.000613525 0.000630104 0.000640475 0.000645728 0.000646793 0.00064439 0.000639065 0.000631225 0.000621174 0.000609133 0.000595263 0.000579678 0.000562448 0.000543612 0.000523178 0.000501127 0.000477413 0.000451967 0.000424688 0.000395445 0.00036407 0.000330352 0.000294022 0.000254745 0.000212103 0.000165598 0.00011472 5.92234e-05 0 
0.00059954 0.000585247 0.000589825 0.0006009 0.000611975 0.000620426 0.000625503 0.000627223 0.000625866 0.000621764 0.000615227 0.000606512 0.000595828 0.000583336 0.000569155 0.000553369 0.000536031 0.000517166 0.000496775 0.000474838 0.00045131 0.000426124 0.000399193 0.000370403 0.000339613 0.000306653 0.000271324 0.000233395 0.000192622 0.000148782 0.00010178 5.18649e-05 0 
0.000644016 0.000622195 0.000613525 0.000611975 0.000613048 0.000614122 0.000613888 0.000611795 0.000607684 0.000601575 0.000593565 0.000583767 0.000572291 0.000559228 0.000544652 0.000528612 0.00051114 0.000492245 0.00047192 0.00045014 0.000426863 0.000402028 0.000375558 0.000347361 0.000317325 0.000285325 0.000251226 0.00021489 0.000176206 0.000135127 9.17543e-05 4.64558e-05 2.22045e-16 
0.000671101 0.000645991 0.000630104 0.000620426 0.000614122 0.000609127 0.000604131 0.000598386 0.000591498 0.000583288 0.00057369 0.000562701 0.00055034 0.000536635 0.000521612 0.000505289 0.000487671 0.000468754 0.00044852 0.000426941 0.000403973 0.000379565 0.000353651 0.000326157 0.000297001 0.000266096 0.000233363 0.000198734 0.000162186 0.000123767 8.36535e-05 4.22043e-05 2.22045e-16 
0.000687369 0.000660564 0.000640475 0.000625503 0.000613888 0.000604131 0.000595125 0.000586118 0.000576635 0.000566387 0.000555208 0.000543006 0.000529732 0.00051536 0.000499873 0.000483259 0.000465501 0.000446579 0.000426466 0.000405129 0.000382525 0.000358608 0.000333323 0.000306615 0.000278424 0.000248698 0.000217394 0.000184498 0.000150036 0.000114102 7.68883e-05 3.87076e-05 0 
0.000696211 0.000668423 0.000645728 0.000627223 0.000611795 0.000598386 0.000586118 0.000574328 0.000562537 0.000550418 0.000537749 0.000524384 0.000510223 0.000495199 0.000479262 0.000462373 0.000444496 0.000425596 0.000405637 0.000384583 0.00036239 0.000339018 0.00031442 0.000288555 0.000261384 0.000232876 0.000203019 0.000171828 0.000139357 0.000105717 7.10899e-05 3.5738e-05 0 
0.000699594 0.000671187 0.000646793 0.000625866 0.000607684 0.000591498 0.000576635 0.000562537 0.000548768 0.000534999 0.000520987 0.000506556 0.000491576 0.00047595 0.000459603 0.000442475 0.000424513 0.000405671 0.000385905 0.000365174 0.000343436 0.000320652 0.000296785 0.000271802 0.000245679 0.000218402 0.000189978 0.000160438 0.000129848 9.83197e-05 6.6016e-05 3.31545e-05 0 
0.000698756 0.000669938 0.00064439 0.000621764 0.000601575 0.000583288 0.000566387 0.000550418 0.000534999 0.000519821 0.000504644 0.000489278 0.000473576 0.000457423 0.000440726 0.00042341 0.000405409 0.000386669 0.000367138 0.000346772 0.000325528 0.00030337 0.000280266 0.00025619 0.000231128 0.000205077 0.000178053 0.000150097 0.000121277 9.16974e-05 6.14998e-05 3.08639e-05 0 
0.00069452 0.000665419 0.000639065 0.000615227 0.000593565 0.00057369 0.000555208 0.000537749 0.000520987 0.000504644 0.000488489 0.000472335 0.000456027 0.000439439 0.000422469 0.000405029 0.000387046 0.000368457 0.000349207 0.000329247 0.000308535 0.000287035 0.000264718 0.000241564 0.000217565 0.000192723 0.000167061 0.00014062 0.000113466 8.5693e-05 5.7422e-05 2.88013e-05 0 
0.000687452 0.000658151 0.000631225 0.000606512 0.000583767 0.000562701 0.000543006 0.000524384 0.000506556 0.000489278 0.000472335 0.000455546 0.000438757 0.000421839 0.000404681 0.000387191 0.000369289 0.000350907 0.000331986 0.000312474 0.000292329 0.000271516 0.000250006 0.000227785 0.000204844 0.000181191 0.000156848 0.000131856 0.000106275 8.01864e-05 5.36939e-05 2.69194e-05 0 
0.000677951 0.000648508 0.000621174 0.000595828 0.000572291 0.00055034 0.000529732 0.000510223 0.000491576 0.000473576 0.000456027 0.000438757 0.000421617 0.000404477 0.000387226 0.000369765 0.000352013 0.000333897 0.000315355 0.000296335 0.000276792 0.000256692 0.000236008 0.000214724 0.000192835 0.000170348 0.000147284 0.000123681 9.95905e-05 7.50839e-05 5.02476e-05 2.51824e-05 2.22045e-16 
0.0006663 0.000636757 0.000609133 0.000583336 0.000559228 0.000536635 0.00051536 0.000495199 0.00047595 0.000457423 0.000439439 0.000421839 0.000404477 0.000387228 0.000369978 0.000352631 0.0003351 0.000317312 0.000299202 0.000280717 0.000261813 0.000242452 0.000222609 0.000202269 0.000181424 0.000160082 0.000138261 0.000115992 9.33226e-05 7.03112e-05 4.70302e-05 2.35628e-05 0 
0.0006527 0.000623088 0.000595263 0.000569155 0.000544652 0.000521612 0.000499873 0.000479262 0.000459603 0.000440726 0.000422469 0.000404681 0.000387226 0.000369978 0.000352829 0.00033568 0.000318445 0.000301048 0.000283425 0.00026552 0.000247289 0.000228694 0.000209709 0.000190317 0.000170511 0.000150295 0.000129684 0.000108705 8.73965e-05 6.5808e-05 4.39992e-05 2.20384e-05 2.22045e-16 
0.000637288 0.000607632 0.000579678 0.000553369 0.000528612 0.000505289 0.000483259 0.000462373 0.000442475 0.00042341 0.000405029 0.000387191 0.000369765 0.000352631 0.00033568 0.000318815 0.000301951 0.00028501 0.000267929 0.00025065 0.000233129 0.000215326 0.000197216 0.000178779 0.000160007 0.000140902 0.000121475 0.000101747 8.17504e-05 6.15251e-05 4.11202e-05 2.05917e-05 0 
0.000620153 0.000590472 0.000562448 0.000536031 0.00051114 0.000487671 0.000465501 0.000444496 0.000424513 0.000405409 0.000387046 0.000369289 0.000352013 0.0003351 0.000318445 0.000301951 0.000285532 0.000269114 0.00025263 0.000236024 0.000219249 0.000202267 0.000185049 0.000167576 0.000149838 0.000131832 0.000113567 9.50589e-05 7.63328e-05 5.74216e-05 3.8365e-05 1.9208e-05 2.22045e-16 
0.000601345 0.000571657 0.000543612 0.000517166 0.000492245 0.000468754 0.000446579 0.000425596 0.000405671 0.000386669 0.000368457 0.000350907 0.000333897 0.000317312 0.000301048 0.00028501 0.000269114 0.000253284 0.000237453 0.000221566 0.000205576 0.000189442 0.000173137 0.000156639 0.000139935 0.000123021 0.000105902 8.85884e-05 7.11004e-05 5.34637e-05 3.57099e-05 1.78756e-05 0 
0.000580877 0.000551197 0.000523178 0.000496775 0.00047192 0.00044852 0.000426466 0.000405637 0.000385905 0.000367138 0.000349207 0.000331986 0.000315355 0.000299202 0.000283425 0.000267929 0.00025263 0.000237453 0.000222333 0.000207213 0.000192045 0.00017679 0.000161419 0.000145907 0.000130242 0.000114416 9.84305e-05 8.22926e-05 6.60166e-05 4.96227e-05 3.31356e-05 1.65842e-05 2.22045e-16 
0.000558734 0.000529077 0.000501127 0.000474838 0.00045014 0.000426941 0.000405129 0.000384583 0.000365174 0.000346772 0.000329247 0.000312474 0.000296335 0.000280717 0.00026552 0.00025065 0.000236024 0.000221566 0.000207213 0.000192907 0.000178601 0.000164255 0.000149839 0.00013533 0.00012071 0.000105971 9.11114e-05 7.61347e-05 6.10509e-05 4.58748e-05 3.06256e-05 1.53257e-05 0 
0.000534869 0.000505251 0.000477413 0.00045131 0.000426863 0.000403973 0.000382525 0.00036239 0.000343436 0.000325528 0.000308535 0.000292329 0.000276792 0.000261813 0.000247289 0.000233129 0.000219249 0.000205576 0.000192045 0.000178601 0.000165196 0.000151791 0.000138354 0.000124862 0.000111297 9.76472e-05 8.39093e-05 7.0084e-05 5.61773e-05 4.22e-05 2.81662e-05 1.40932e-05 2.22045e-16 
0.000509206 0.000479643 0.000451967 0.000426124 0.000402028 0.000379565 0.000358608 0.000339018 0.000320652 0.00030337 0.000287035 0.000271516 0.000256692 0.000242452 0.000228694 0.000215326 0.000202267 0.000189442 0.00017679 0.000164255 0.000151791 0.000139358 0.000126925 0.000114468 0.000101967 8.94116e-05 7.67946e-05 6.41146e-05 5.13746e-05 3.85817e-05 2.57461e-05 1.28807e-05 0 
0.000481636 0.000452146 0.000424688 0.000399193 0.000375558 0.000353651 0.000333323 0.00031442 0.000296785 0.000280266 0.000264718 0.000250006 0.000236008 0.000222609 0.000209709 0.000197216 0.000185049 0.000173137 0.000161419 0.000149839 0.000138354 0.000126925 0.00011552 0.000104116 9.26927e-05 8.12377e-05 6.9743e-05 5.82051e-05 4.66247e-05 3.50059e-05 2.33559e-05 1.16837e-05 0 
0.000452011 0.000422618 0.000395445 0.000370403 0.000347361 0.000326157 0.000306615 0.000288555 0.000271802 0.00025619 0.000241564 0.000227785 0.000214724 0.000202269 0.000190317 0.000178779 0.000167576 0.000156639 0.000145907 0.00013533 0.000124862 0.000114468 0.000104116 9.3783e-05 8.345e-05 7.31035e-05 6.27345e-05 5.23381e-05 4.19132e-05 3.14616e-05 2.09878e-05 1.0498e-05 0 
0.000420136 0.000390872 0.00036407 0.000339613 0.000317325 0.000297001 0.000278424 0.000261384 0.000245679 0.000231128 0.000217565 0.000204844 0.000192835 0.000181424 0.000170511 0.000160007 0.000149838 0.000139935 0.000130242 0.00012071 0.000111297 0.000101967 9.26927e-05 8.345e-05 7.42209e-05 6.49918e-05 5.57533e-05 4.64996e-05 3.72283e-05 2.79395e-05 1.86356e-05 9.32067e-06 0 
0.000385755 0.000356661 0.000330352 0.000306653 0.000285325 0.000266096 0.000248698 0.000232876 0.000218402 0.000205077 0.000192723 0.000181191 0.000170348 0.000160082 0.000150295 0.000140902 0.000131832 0.000123021 0.000114416 0.000105971 9.76472e-05 8.94116e-05 8.12377e-05 7.31035e-05 6.49918e-05 5.68895e-05 4.87873e-05 4.06788e-05 3.25609e-05 2.44324e-05 1.62944e-05 8.1491e-06 0 
0.000348526 0.000319667 0.000294022 0.000271324 0.000251226 0.000233363 0.000217394 0.000203019 0.000189978 0.000178053 0.000167061 0.000156848 0.000147284 0.000138261 0.000129684 0.000121475 0.000113567 0.000105902 9.84305e-05 9.11114e-05 8.39093e-05 7.67946e-05 6.9743e-05 6.27345e-05 5.57533e-05 4.87873e-05 4.18274e-05 3.48676e-05 2.7904e-05 2.0935e-05 1.39604e-05 6.98138e-06 0 
0.000307979 0.000279459 0.000254745 0.000233395 0.00021489 0.000198734 0.000184498 0.000171828 0.000160438 0.000150097 0.00014062 0.000131856 0.000123681 0.000115992 0.000108705 0.000101747 9.50589e-05 8.85884e-05 8.22926e-05 7.61347e-05 7.0084e-05 6.41146e-05 5.82051e-05 5.23381e-05 4.64996e-05 4.06788e-05 3.48676e-05 2.90601e-05 2.32526e-05 1.7443e-05 1.16307e-05 5.81606e-06 0 
0.000263436 0.000235447 0.000212103 0.000192622 0.000176206 0.000162186 0.000150036 0.000139357 0.000129848 0.000121277 0.000113466 0.000106275 9.95905e-05 9.33226e-05 8.73965e-05 8.17504e-05 7.63328e-05 7.11004e-05 6.60166e-05 6.10509e-05 5.61773e-05 5.13746e-05 4.66247e-05 4.19132e-05 3.72283e-05 3.25609e-05 2.7904e-05 2.32526e-05 1.86032e-05 1.39539e-05 9.30353e-06 4.65211e-06 2.22045e-16 
0.000213835 0.000186789 0.000165598 0.000148782 0.000135127 0.000123767 0.000114102 0.000105717 9.83197e-05 9.16974e-05 8.5693e-05 8.01864e-05 7.50839e-05 7.03112e-05 6.5808e-05 6.15251e-05 5.74216e-05 5.34637e-05 4.96227e-05 4.58748e-05 4.22e-05 3.85817e-05 3.50059e-05 3.14616e-05 2.79395e-05 2.44324e-05 2.0935e-05 1.7443e-05 1.39539e-05 1.04656e-05 6.97741e-06 3.48884e-06 0 
0.00015729 0.000132277 0.00011472 0.00010178 9.17543e-05 8.36535e-05 7.68883e-05 7.10899e-05 6.6016e-05 6.14998e-05 5.7422e-05 5.36939e-05 5.02476e-05 4.70302e-05 4.39992e-05 4.11202e-05 3.8365e-05 3.57099e-05 3.31356e-05 3.06256e-05 2.81662e-05 2.57461e-05 2.33559e-05 2.09878e-05 1.86356e-05 1.62944e-05 1.39604e-05 1.16307e-05 9.30353e-06 6.97741e-06 4.65163e-06 2.32585e-06 0 
8.97358e-05 7.03091e-05 5.92234e-05 5.18649e-05 4.64558e-05 4.22043e-05 3.87076e-05 3.5738e-05 3.31545e-05 3.08639e-05 2.88013e-05 2.69194e-05 2.51824e-05 2.35628e-05 2.20384e-05 2.05917e-05 1.9208e-05 1.78756e-05 1.65842e-05 1.53257e-05 1.40932e-05 1.28807e-05 1.16837e-05 1.0498e-05 9.32067e-06 8.1491e-06 6.98138e-06 5.81606e-06 4.65211e-06 3.48884e-06 2.32585e-06 1.16292e-06 0 
0 0 0 0 2.22045e-16 2.22045e-16 0 0 0 0 0 0 2.22045e-16 0 2.22045e-16 0 2.22045e-16 0 2.22045e-16 0 2.22045e-16 0 0 0 0 0 0 0 2.22045e-16 0 0 0 0 
