0 -0.000122076 -0.000177437 -0.000210092 -0.00023287 -0.000250342 -0.000264501 -0.000276371 -0.000286546 -0.000295397 -0.000303171 -0.000310037 -0.000316115 -0.000321494 -0.000326236 -0.000330388 -0.000333986 -0.000337055 -0.000339614 -0.000341677 -0.000343253 -0.00034435 -0.000344973 -0.000345123 -0.000344804 -0.000344015 -0.000342758 -0.000341033 -0.00033884 -0.00033618 -0.000333053 -0.000329459 -0.000325402 -0.000320882 -0.000315903 -0.000310469 -0.000304583 -0.00029825 -0.000291477 -0.000284271 -0.000276639 -0.000268589 -0.000260131 -0.000251276 -0.000242034 -0.000232418 -0.00022244 -0.000212114 -0.000201455 -0.000190479 -0.0001792 -0.000167635 -0.000155803 -0.000143721 -0.000131408 -0.000118883 -0.000106166 -9.32762e-05 -8.02352e-05 -6.70636e-05 -5.37827e-05 -4.04141e-05 -2.69795e-05 -1.35008e-05 0 
-0.000122076 0.00225317 0.00462262 0.00698758 0.00934095 0.0116753 0.0139837 0.0162598 0.0184977 0.0206916 0.022836 0.0249255 0.026955 0.0289195 0.0308142 0.0326344 0.0343758 0.036034 0.0376052 0.0390854 0.0404712 0.0417591 0.042946 0.0440291 0.0450058 0.0458737 0.0466307 0.047275 0.0478051 0.0482197 0.0485177 0.0486986 0.0487618 0.0487071 0.0485349 0.0482454 0.0478394 0.0473178 0.046682 0.0459335 0.045074 0.0441057 0.0430309 0.0418522 0.0405724 0.0391948 0.0377224 0.0361591 0.0345084 0.0327744 0.0309614 0.0290736 0.0271156 0.0250921 0.0230081 0.0208686 0.0186787 0.0164437 0.014169 0.0118601 0.00952265 0.00716217 0.0047844 0.00239509 6.00906e-18 
-0.000177437 0.00462262 0.00940397 0.0141622 0.0188877 0.0235693 0.0281955 0.0327546 0.0372355 0.0416271 0.0459186 0.0500996 0.0541598 0.0580895 0.061879 0.0655193 0.0690014 0.072317 0.0754581 0.0784171 0.0811868 0.0837606 0.0861323 0.088296 0.0902467 0.0919796 0.0934906 0.094776 0.0958327 0.0966581 0.0972504 0.0976081 0.0977302 0.0976166 0.0972676 0.0966839 0.095867 0.0948188 0.0935419 0.0920395 0.090315 0.0883727 0.0862172 0.0838539 0.0812883 0.0785266 0.0755756 0.0724423 0.0691344 0.0656597 0.0620267 0.0582441 0.054321 0.050267 0.0460917 0.0418053 0.0374181 0.0329407 0.0283838 0.0237585 0.0190759 0.0143473 0.00958416 0.00479786 1.20036e-17 
-0.000210092 0.00698758 0.0141622 0.0213001 0.0283862 0.0354041 0.0423371 0.0491685 0.0558818 0.0624606 0.068889 0.0751515 0.0812327 0.0871182 0.0927935 0.098245 0.10346 0.108425 0.113128 0.117559 0.121706 0.125559 0.12911 0.132349 0.135269 0.137863 0.140124 0.142047 0.143628 0.144863 0.145748 0.146281 0.146462 0.14629 0.145765 0.144888 0.143662 0.14209 0.140175 0.137923 0.135337 0.132426 0.129195 0.125653 0.121807 0.117668 0.113246 0.10855 0.103593 0.098386 0.0929419 0.0872736 0.081395 0.0753202 0.0690638 0.0626409 0.056067 0.049358 0.04253 0.0355994 0.0285831 0.0214978 0.0143607 0.00718902 1.79693e-17 
-0.00023287 0.00934095 0.0188877 0.0283862 0.0378149 0.0471519 0.0563751 0.0654624 0.074392 0.0831422 0.0916921 0.100021 0.108109 0.115936 0.123483 0.130733 0.137667 0.14427 0.150524 0.156416 0.16193 0.167054 0.171775 0.176082 0.179964 0.183413 0.186419 0.188975 0.191076 0.192717 0.193893 0.194601 0.19484 0.19461 0.19391 0.192743 0.191111 0.189018 0.18647 0.183473 0.180033 0.176159 0.171861 0.167148 0.162032 0.156526 0.150643 0.144396 0.137801 0.130875 0.123633 0.116092 0.108272 0.100191 0.091869 0.0833251 0.0745805 0.065656 0.0565733 0.0473543 0.0380211 0.0285963 0.0191026 0.00956282 2.38917e-17 
-0.000250342 0.0116753 0.0235693 0.0354041 0.0471519 0.0587851 0.0702761 0.0815973 0.0927216 0.103622 0.114273 0.124648 0.134723 0.144473 0.153874 0.162905 0.171542 0.179766 0.187557 0.194895 0.201763 0.208145 0.214025 0.21939 0.224225 0.228519 0.232263 0.235447 0.238063 0.240106 0.241569 0.242451 0.242748 0.242459 0.241587 0.240132 0.238098 0.23549 0.232315 0.22858 0.224294 0.219467 0.214111 0.208239 0.201866 0.195006 0.187676 0.179893 0.171677 0.163047 0.154025 0.144631 0.134888 0.124821 0.114452 0.103808 0.0929139 0.0817956 0.0704802 0.0589949 0.0473674 0.0356258 0.0237983 0.0119135 2.97565e-17 
-0.000264501 0.0139837 0.0281955 0.0423371 0.0563751 0.0702761 0.0840068 0.0975345 0.110827 0.123852 0.136578 0.148974 0.161012 0.172661 0.183893 0.194683 0.205003 0.214828 0.224136 0.232904 0.241109 0.248734 0.255759 0.262168 0.267944 0.273075 0.277547 0.28135 0.284476 0.286915 0.288663 0.289715 0.290069 0.289724 0.28868 0.286941 0.28451 0.281394 0.277599 0.273135 0.268013 0.262245 0.255845 0.248829 0.241212 0.233015 0.224256 0.214956 0.205139 0.194827 0.184045 0.17282 0.161179 0.149149 0.13676 0.124041 0.111023 0.0977378 0.0842169 0.0704931 0.0565994 0.0425694 0.0284367 0.0142355 3.55496e-17 
-0.000276371 0.0162598 0.0327546 0.0491685 0.0654624 0.0815973 0.0975345 0.113236 0.128664 0.143782 0.158552 0.17294 0.186911 0.200432 0.213469 0.225991 0.237968 0.249372 0.260175 0.27035 0.279874 0.288723 0.296876 0.304313 0.311017 0.316971 0.322161 0.326575 0.330202 0.333032 0.33506 0.336281 0.336691 0.33629 0.335078 0.333058 0.330236 0.326618 0.322213 0.317032 0.311086 0.304391 0.296962 0.288818 0.279977 0.270462 0.260295 0.249501 0.238105 0.226136 0.213622 0.200593 0.187081 0.173117 0.158737 0.143974 0.128865 0.113444 0.0977506 0.0818213 0.0656949 0.0494102 0.0330064 0.0165231 4.12571e-17 
-0.000286546 0.0184977 0.0372355 0.0558818 0.074392 0.0927216 0.110827 0.128664 0.146191 0.163364 0.180144 0.196489 0.21236 0.227719 0.242528 0.256754 0.27036 0.283314 0.295585 0.307144 0.317963 0.328015 0.337276 0.345724 0.353339 0.360103 0.365998 0.371012 0.375131 0.378346 0.38065 0.382036 0.382501 0.382044 0.380667 0.378372 0.375166 0.371055 0.366051 0.360164 0.353409 0.345803 0.337363 0.32811 0.318067 0.307257 0.295707 0.283444 0.270498 0.2569 0.242683 0.227882 0.212531 0.196668 0.180332 0.163561 0.146395 0.128877 0.111048 0.0929522 0.074632 0.0561319 0.0374966 0.0187709 4.68652e-17 
-0.000295397 0.0206916 0.0416271 0.0624606 0.0831422 0.103622 0.123852 0.143782 0.163364 0.182553 0.2013 0.219563 0.237296 0.254456 0.271003 0.286897 0.302099 0.316572 0.330283 0.343197 0.355284 0.366515 0.376863 0.386302 0.39481 0.402366 0.408953 0.414554 0.419156 0.422748 0.425321 0.426869 0.427388 0.426878 0.425338 0.422774 0.419191 0.414598 0.409005 0.402427 0.39488 0.38638 0.37695 0.366611 0.355389 0.343311 0.330405 0.316703 0.302238 0.287045 0.27116 0.254621 0.237469 0.219745 0.201492 0.182752 0.163573 0.143999 0.124079 0.103859 0.0833891 0.0627183 0.0418963 0.0209734 5.23604e-17 
-0.000303171 0.022836 0.0459186 0.068889 0.0916921 0.114273 0.136578 0.158552 0.180144 0.2013 0.221972 0.242107 0.261659 0.28058 0.298824 0.316348 0.333109 0.349067 0.364184 0.378423 0.39175 0.404132 0.415541 0.425947 0.435328 0.443659 0.450921 0.457096 0.46217 0.46613 0.468967 0.470673 0.471245 0.470682 0.468984 0.466156 0.462205 0.45714 0.450974 0.443721 0.435398 0.426027 0.415628 0.404229 0.391855 0.378537 0.364307 0.349199 0.33325 0.316497 0.298982 0.280747 0.261835 0.242292 0.222166 0.201504 0.180356 0.158774 0.13681 0.114515 0.0919452 0.0691534 0.0461951 0.0231254 5.77295e-17 
-0.000310037 0.0249255 0.0500996 0.0751515 0.100021 0.124648 0.148974 0.17294 0.196489 0.219563 0.242107 0.264068 0.285391 0.306027 0.325924 0.345036 0.363316 0.38072 0.397207 0.412736 0.42727 0.440774 0.453217 0.464566 0.474796 0.483882 0.491802 0.498537 0.50407 0.508388 0.511482 0.513342 0.513966 0.513351 0.511499 0.508415 0.504105 0.498581 0.491855 0.483944 0.474867 0.464646 0.453305 0.440872 0.427376 0.412851 0.397331 0.380853 0.363458 0.345187 0.326084 0.306196 0.285569 0.264255 0.242304 0.219769 0.196705 0.173166 0.149211 0.124896 0.10028 0.0754219 0.0503824 0.0252216 6.29594e-17 
-0.000316115 0.026955 0.0541598 0.0812327 0.108109 0.134723 0.161012 0.186911 0.21236 0.237296 0.261659 0.285391 0.308435 0.330736 0.352239 0.372892 0.392647 0.411455 0.429272 0.446054 0.46176 0.476354 0.4898 0.502065 0.51312 0.522939 0.531498 0.538775 0.544754 0.549421 0.552764 0.554774 0.555448 0.554783 0.552781 0.549448 0.54479 0.538819 0.531551 0.523001 0.513191 0.502145 0.489888 0.476452 0.461867 0.446169 0.429396 0.411589 0.39279 0.373044 0.3524 0.330906 0.308616 0.285581 0.261858 0.237505 0.212579 0.187141 0.161252 0.134975 0.108372 0.0815085 0.0544484 0.027257 6.80377e-17 
-0.000321494 0.0289195 0.0580895 0.0871182 0.115936 0.144473 0.172661 0.200432 0.227719 0.254456 0.28058 0.306027 0.330736 0.354647 0.377703 0.399849 0.421031 0.441198 0.460302 0.478296 0.495137 0.510785 0.525202 0.538353 0.550207 0.560735 0.569912 0.577715 0.584126 0.589129 0.592713 0.594869 0.595591 0.594877 0.592731 0.589156 0.584161 0.577759 0.569965 0.560797 0.550278 0.538434 0.525291 0.510883 0.495245 0.478412 0.460427 0.441333 0.421175 0.400003 0.377866 0.354819 0.330918 0.306219 0.280782 0.254668 0.227941 0.200665 0.172905 0.144729 0.116204 0.0873987 0.0583831 0.0292267 7.29521e-17 
-0.000326236 0.0308142 0.061879 0.0927935 0.123483 0.153874 0.183893 0.213469 0.242528 0.271003 0.298824 0.325924 0.352239 0.377703 0.402258 0.425842 0.4484 0.469878 0.490222 0.509385 0.527321 0.543985 0.559339 0.573344 0.585968 0.59718 0.606952 0.615262 0.622089 0.627418 0.631234 0.633529 0.634298 0.633538 0.631252 0.627444 0.622125 0.615307 0.607006 0.597242 0.586039 0.573425 0.559428 0.544084 0.527428 0.509502 0.490349 0.470013 0.448545 0.425997 0.402422 0.377877 0.352422 0.326118 0.299028 0.271218 0.242754 0.213705 0.184141 0.154134 0.123755 0.0930782 0.062177 0.031126 7.76908e-17 
-0.000330388 0.0326344 0.0655193 0.098245 0.130733 0.162905 0.194683 0.225991 0.256754 0.286897 0.316348 0.345036 0.372892 0.399849 0.425842 0.450809 0.474689 0.497424 0.518961 0.539247 0.558233 0.575874 0.592127 0.606953 0.620316 0.632185 0.64253 0.651326 0.658553 0.664194 0.668233 0.670663 0.671476 0.670672 0.668251 0.66422 0.658589 0.651371 0.642583 0.632247 0.620388 0.607034 0.592217 0.575973 0.558341 0.539364 0.519088 0.497561 0.474835 0.450964 0.426008 0.400025 0.373078 0.345232 0.316554 0.287114 0.256981 0.22623 0.194934 0.163168 0.131008 0.0985335 0.0658212 0.0329503 8.22423e-17 
-0.000333986 0.0343758 0.0690014 0.10346 0.137667 0.171542 0.205003 0.237968 0.27036 0.302099 0.333109 0.363316 0.392647 0.421031 0.4484 0.474689 0.499833 0.523772 0.546449 0.567809 0.5878 0.606375 0.623488 0.639099 0.653169 0.665666 0.676559 0.685821 0.69343 0.699369 0.703622 0.70618 0.707037 0.706189 0.70364 0.699396 0.693466 0.685865 0.676612 0.665729 0.653241 0.63918 0.623578 0.606474 0.587909 0.567927 0.546576 0.523909 0.499979 0.474845 0.448567 0.421208 0.392834 0.363513 0.333317 0.302318 0.27059 0.23821 0.205256 0.171808 0.137946 0.103751 0.0693067 0.0346951 8.65956e-17 
-0.000337055 0.036034 0.072317 0.108425 0.14427 0.179766 0.214828 0.249372 0.283314 0.316572 0.349067 0.38072 0.411455 0.441198 0.469878 0.497424 0.523772 0.548857 0.572619 0.595002 0.61595 0.635414 0.653346 0.669704 0.684448 0.697543 0.708957 0.718662 0.726636 0.732859 0.737315 0.739996 0.740893 0.740005 0.737333 0.732885 0.726672 0.718707 0.709011 0.697606 0.68452 0.669785 0.653436 0.635513 0.616059 0.59512 0.572747 0.548995 0.523919 0.497582 0.470045 0.441376 0.411643 0.380919 0.349277 0.316793 0.283546 0.249616 0.215084 0.180034 0.144551 0.108719 0.0726252 0.0363564 9.07403e-17 
-0.000339614 0.0376052 0.0754581 0.113128 0.150524 0.187557 0.224136 0.260175 0.295585 0.330283 0.364184 0.397207 0.429272 0.460302 0.490222 0.518961 0.546449 0.572619 0.59741 0.620761 0.642615 0.662921 0.68163 0.698695 0.714078 0.727739 0.739646 0.749772 0.75809 0.764582 0.769232 0.772028 0.772963 0.772037 0.76925 0.764609 0.758126 0.749817 0.7397 0.727802 0.71415 0.698777 0.68172 0.663021 0.642725 0.620879 0.597538 0.572758 0.546597 0.519119 0.49039 0.46048 0.429461 0.397406 0.364395 0.330505 0.295819 0.26042 0.224394 0.187827 0.150807 0.113425 0.0757686 0.03793 9.46665e-17 
-0.000341677 0.0390854 0.0784171 0.117559 0.156416 0.194895 0.232904 0.27035 0.307144 0.343197 0.378423 0.412736 0.446054 0.478296 0.509385 0.539247 0.567809 0.595002 0.620761 0.645024 0.667732 0.688831 0.708271 0.726003 0.741986 0.756181 0.768554 0.779074 0.787718 0.794463 0.799294 0.802199 0.803171 0.802208 0.799312 0.79449 0.787754 0.779119 0.768607 0.756244 0.742058 0.726084 0.708361 0.688931 0.667842 0.645143 0.620889 0.59514 0.567957 0.539405 0.509554 0.478475 0.446243 0.412936 0.378635 0.34342 0.307379 0.270597 0.233163 0.195167 0.156701 0.117857 0.0787295 0.0394122 9.83646e-17 
-0.000343253 0.0404712 0.0811868 0.121706 0.16193 0.201763 0.241109 0.279874 0.317963 0.355284 0.39175 0.42727 0.46176 0.495137 0.527321 0.558233 0.5878 0.61595 0.642615 0.667732 0.69124 0.713081 0.733205 0.751561 0.768106 0.782801 0.795609 0.806499 0.815447 0.82243 0.82743 0.830438 0.831444 0.830446 0.827448 0.822456 0.815483 0.806544 0.795662 0.782864 0.768178 0.751642 0.733295 0.713181 0.691349 0.667851 0.642744 0.616088 0.587948 0.558392 0.52749 0.495317 0.461951 0.427471 0.391962 0.355508 0.318198 0.280121 0.24137 0.202036 0.162216 0.122005 0.0815007 0.0407995 1.01826e-16 
-0.00034435 0.0417591 0.0837606 0.125559 0.167054 0.208145 0.248734 0.288723 0.328015 0.366515 0.404132 0.440774 0.476354 0.510785 0.543985 0.575874 0.606375 0.635414 0.662921 0.688831 0.713081 0.735613 0.756372 0.775308 0.792375 0.807534 0.820746 0.831981 0.841211 0.848414 0.853573 0.856675 0.857713 0.856684 0.853591 0.848441 0.841247 0.832026 0.8208 0.807597 0.792448 0.775389 0.756462 0.735713 0.713191 0.68895 0.66305 0.635552 0.606523 0.576033 0.544154 0.510965 0.476545 0.440976 0.404345 0.36674 0.328251 0.288971 0.248995 0.208419 0.167341 0.12586 0.0840754 0.0420884 1.05041e-16 
-0.000344973 0.042946 0.0861323 0.12911 0.171775 0.214025 0.255759 0.296876 0.337276 0.376863 0.415541 0.453217 0.4898 0.525202 0.559339 0.592127 0.623488 0.653346 0.68163 0.708271 0.733205 0.756372 0.777716 0.797186 0.814735 0.830321 0.843906 0.855458 0.864948 0.872354 0.877658 0.880848 0.881915 0.880856 0.877676 0.872381 0.864984 0.855502 0.84396 0.830384 0.814807 0.797267 0.777806 0.756471 0.733314 0.70839 0.681758 0.653485 0.623636 0.592286 0.559508 0.525382 0.48999 0.453418 0.415754 0.377087 0.337512 0.297124 0.25602 0.2143 0.172063 0.129411 0.0864476 0.0432759 1.08004e-16 
-0.000345123 0.0440291 0.088296 0.132349 0.176082 0.21939 0.262168 0.304313 0.345724 0.386302 0.425947 0.464566 0.502065 0.538353 0.573344 0.606953 0.639099 0.669704 0.698695 0.726003 0.751561 0.775308 0.797186 0.817143 0.835132 0.851108 0.865032 0.876873 0.886601 0.894192 0.899629 0.902898 0.903991 0.902907 0.899647 0.894219 0.886636 0.876918 0.865086 0.85117 0.835203 0.817224 0.797276 0.775407 0.75167 0.726122 0.698824 0.669842 0.639247 0.607111 0.573513 0.538533 0.502256 0.464768 0.42616 0.386526 0.345961 0.304562 0.262429 0.219664 0.17637 0.13265 0.0886115 0.0443592 1.10707e-16 
-0.000344804 0.0450058 0.0902467 0.135269 0.179964 0.224225 0.267944 0.311017 0.353339 0.39481 0.435328 0.474796 0.51312 0.550207 0.585968 0.620316 0.653169 0.684448 0.714078 0.741986 0.768106 0.792375 0.814735 0.835132 0.853516 0.869843 0.884074 0.896175 0.906117 0.913875 0.919432 0.922772 0.92389 0.922781 0.919449 0.913902 0.906152 0.89622 0.884128 0.869905 0.853587 0.835212 0.814825 0.792475 0.768215 0.742104 0.714206 0.684586 0.653317 0.620474 0.586137 0.550387 0.51331 0.474998 0.43554 0.395034 0.353575 0.311265 0.268205 0.224499 0.180252 0.13557 0.0905619 0.0453356 1.13143e-16 
-0.000344015 0.0458737 0.0919796 0.137863 0.183413 0.228519 0.273075 0.316971 0.360103 0.402366 0.443659 0.483882 0.522939 0.560735 0.59718 0.632185 0.665666 0.697543 0.727739 0.756181 0.782801 0.807534 0.830321 0.851108 0.869843 0.886483 0.900986 0.913318 0.92345 0.931356 0.937019 0.940424 0.941562 0.940432 0.937036 0.931383 0.923485 0.913362 0.901039 0.886545 0.869914 0.851188 0.830411 0.807633 0.782909 0.756299 0.727866 0.69768 0.665813 0.632342 0.597348 0.560914 0.523129 0.484083 0.443871 0.40259 0.360338 0.317219 0.273335 0.228793 0.183699 0.138163 0.092294 0.0462027 1.15306e-16 
-0.000342758 0.0466307 0.0934906 0.140124 0.186419 0.232263 0.277547 0.322161 0.365998 0.408953 0.450921 0.491802 0.531498 0.569912 0.606952 0.64253 0.676559 0.708957 0.739646 0.768554 0.795609 0.820746 0.843906 0.865032 0.884074 0.900986 0.915726 0.92826 0.938558 0.946593 0.952348 0.955809 0.956966 0.955817 0.952366 0.94662 0.938593 0.928304 0.915779 0.901048 0.884145 0.865112 0.843995 0.820844 0.795716 0.768671 0.739773 0.709093 0.676705 0.642686 0.607119 0.570089 0.531686 0.492002 0.451132 0.409175 0.366233 0.322408 0.277806 0.232535 0.186704 0.140423 0.0938038 0.0469585 1.17191e-16 
-0.000341033 0.047275 0.094776 0.142047 0.188975 0.235447 0.28135 0.326575 0.371012 0.414554 0.457096 0.498537 0.538775 0.577715 0.615262 0.651326 0.685821 0.718662 0.749772 0.779074 0.806499 0.831981 0.855458 0.876873 0.896175 0.913318 0.92826 0.940966 0.951404 0.959549 0.965383 0.968891 0.970064 0.968899 0.9654 0.959575 0.951439 0.941009 0.928313 0.913379 0.896246 0.876952 0.855546 0.832079 0.806606 0.779191 0.749898 0.718798 0.685966 0.651482 0.615428 0.577892 0.538963 0.498735 0.457306 0.414775 0.371245 0.32682 0.281608 0.235718 0.189259 0.142345 0.0950876 0.0476011 1.18795e-16 
-0.00033884 0.0478051 0.0958327 0.143628 0.191076 0.238063 0.284476 0.330202 0.375131 0.419156 0.46217 0.50407 0.544754 0.584126 0.622089 0.658553 0.69343 0.726636 0.75809 0.787718 0.815447 0.841211 0.864948 0.886601 0.906117 0.92345 0.938558 0.951404 0.961958 0.970193 0.976092 0.979638 0.980824 0.979647 0.976109 0.970219 0.961992 0.951447 0.938609 0.923511 0.906187 0.886679 0.865036 0.841308 0.815553 0.787833 0.758215 0.72677 0.693575 0.658708 0.622254 0.584301 0.54494 0.504267 0.462378 0.419376 0.375363 0.330445 0.284732 0.238332 0.191358 0.143924 0.0961422 0.0481291 1.20112e-16 
-0.00033618 0.0482197 0.0966581 0.144863 0.192717 0.240106 0.286915 0.333032 0.378346 0.422748 0.46613 0.508388 0.549421 0.589129 0.627418 0.664194 0.699369 0.732859 0.764582 0.794463 0.82243 0.848414 0.872354 0.894192 0.913875 0.931356 0.946593 0.959549 0.970193 0.9785 0.984448 0.988025 0.989221 0.988033 0.984465 0.978525 0.970228 0.959592 0.946645 0.931416 0.913944 0.89427 0.872441 0.84851 0.822534 0.794577 0.764706 0.732992 0.699512 0.664347 0.627581 0.589303 0.549605 0.508583 0.466336 0.422966 0.378576 0.333274 0.287169 0.240372 0.192997 0.145156 0.0969652 0.0485411 1.21139e-16 
-0.000333053 0.0485177 0.0972504 0.145748 0.193893 0.241569 0.288663 0.33506 0.38065 0.425321 0.468967 0.511482 0.552764 0.592713 0.631234 0.668233 0.703622 0.737315 0.769232 0.799294 0.82743 0.853573 0.877658 0.899629 0.919432 0.937019 0.952348 0.965383 0.976092 0.984448 0.990433 0.994031 0.995234 0.99404 0.99045 0.984474 0.976125 0.965425 0.952399 0.937078 0.9195 0.899706 0.877744 0.853667 0.827534 0.799407 0.769354 0.737447 0.703764 0.668385 0.631396 0.592885 0.552946 0.511675 0.469171 0.425536 0.380877 0.3353 0.288915 0.241833 0.19417 0.146038 0.0975546 0.0488361 1.21875e-16 
-0.000329459 0.0486986 0.0976081 0.146281 0.194601 0.242451 0.289715 0.336281 0.382036 0.426869 0.470673 0.513342 0.554774 0.594869 0.633529 0.670663 0.70618 0.739996 0.772028 0.802199 0.830438 0.856675 0.880848 0.902898 0.922772 0.940424 0.955809 0.968891 0.979638 0.988025 0.994031 0.997643 0.99885 0.997651 0.994048 0.98805 0.979671 0.968932 0.955859 0.940482 0.92284 0.902974 0.880932 0.856768 0.83054 0.802311 0.772149 0.740126 0.70632 0.670813 0.633689 0.595038 0.554954 0.513533 0.470875 0.427082 0.38226 0.336517 0.289964 0.242712 0.194875 0.146568 0.0979089 0.0490135 1.22317e-16 
-0.000325402 0.0487618 0.0977302 0.146462 0.19484 0.242748 0.290069 0.336691 0.382501 0.427388 0.471245 0.513966 0.555448 0.595591 0.634298 0.671476 0.707037 0.740893 0.772963 0.803171 0.831444 0.857713 0.881915 0.903991 0.92389 0.941562 0.956966 0.970064 0.980824 0.989221 0.995234 0.99885 1.00006 0.998858 0.995251 0.989245 0.980857 0.970105 0.957015 0.94162 0.923956 0.904066 0.881998 0.857805 0.831545 0.803281 0.773083 0.741021 0.707175 0.671624 0.634455 0.595758 0.555626 0.514154 0.471444 0.427599 0.382723 0.336924 0.290315 0.243005 0.195111 0.146746 0.0980273 0.0490728 1.22465e-16 
-0.000320882 0.0487071 0.0976166 0.14629 0.19461 0.242459 0.289724 0.33629 0.382044 0.426878 0.470682 0.513351 0.554783 0.594877 0.633538 0.670672 0.706189 0.740005 0.772037 0.802208 0.830446 0.856684 0.880856 0.902907 0.922781 0.940432 0.955817 0.968899 0.979647 0.988033 0.99404 0.997651 0.998858 0.997659 0.994056 0.988058 0.979679 0.96894 0.955866 0.940489 0.922846 0.90298 0.880939 0.856774 0.830546 0.802316 0.772154 0.740131 0.706325 0.670817 0.633693 0.595043 0.554958 0.513537 0.470878 0.427085 0.382263 0.33652 0.289966 0.242713 0.194876 0.146569 0.0979096 0.0490138 1.22317e-16 
-0.000315903 0.0485349 0.0972676 0.145765 0.19391 0.241587 0.28868 0.335078 0.380667 0.425338 0.468984 0.511499 0.552781 0.592731 0.631252 0.668251 0.70364 0.737333 0.76925 0.799312 0.827448 0.853591 0.877676 0.899647 0.919449 0.937036 0.952366 0.9654 0.976109 0.984465 0.99045 0.994048 0.995251 0.994056 0.990466 0.984489 0.976141 0.96544 0.952414 0.937092 0.919513 0.899719 0.877757 0.85368 0.827546 0.799419 0.769365 0.737458 0.703774 0.668394 0.631404 0.592893 0.552954 0.511682 0.469177 0.425542 0.380882 0.335304 0.288918 0.241837 0.194172 0.14604 0.0975559 0.0488368 1.21875e-16 
-0.000310469 0.0482454 0.0966839 0.144888 0.192743 0.240132 0.286941 0.333058 0.378372 0.422774 0.466156 0.508415 0.549448 0.589156 0.627444 0.66422 0.699396 0.732885 0.764609 0.79449 0.822456 0.848441 0.872381 0.894219 0.913902 0.931383 0.94662 0.959575 0.970219 0.978525 0.984474 0.98805 0.989245 0.988058 0.984489 0.978549 0.97025 0.959614 0.946667 0.931438 0.913965 0.89429 0.87246 0.848528 0.822552 0.794595 0.764722 0.733008 0.699527 0.664361 0.627594 0.589315 0.549617 0.508594 0.466346 0.422974 0.378584 0.333281 0.287175 0.240377 0.193 0.145159 0.0969672 0.0485421 1.21139e-16 
-0.000304583 0.0478394 0.095867 0.143662 0.191111 0.238098 0.28451 0.330236 0.375166 0.419191 0.462205 0.504105 0.54479 0.584161 0.622125 0.658589 0.693466 0.726672 0.758126 0.787754 0.815483 0.841247 0.864984 0.886636 0.906152 0.923485 0.938593 0.951439 0.961992 0.970228 0.976125 0.979671 0.980857 0.979679 0.976141 0.97025 0.962022 0.951477 0.938639 0.923539 0.906214 0.886706 0.865061 0.841333 0.815577 0.787856 0.758237 0.726791 0.693595 0.658727 0.622272 0.584318 0.544956 0.504281 0.462391 0.419387 0.375373 0.330454 0.28474 0.238339 0.191364 0.143928 0.0961449 0.0481304 1.20112e-16 
-0.00029825 0.0473178 0.0948188 0.14209 0.189018 0.23549 0.281394 0.326618 0.371055 0.414598 0.45714 0.498581 0.538819 0.577759 0.615307 0.651371 0.685865 0.718707 0.749817 0.779119 0.806544 0.832026 0.855502 0.876918 0.89622 0.913362 0.928304 0.941009 0.951447 0.959592 0.965425 0.968932 0.970105 0.96894 0.96544 0.959614 0.951477 0.941047 0.928349 0.913415 0.89628 0.876986 0.855578 0.83211 0.806636 0.779219 0.749925 0.718824 0.685991 0.651506 0.61545 0.577912 0.538982 0.498753 0.457322 0.41479 0.371258 0.326832 0.281618 0.235726 0.189266 0.14235 0.0950909 0.0476028 1.18795e-16 
-0.000291477 0.046682 0.0935419 0.140175 0.18647 0.232315 0.277599 0.322213 0.366051 0.409005 0.450974 0.491855 0.531551 0.569965 0.607006 0.642583 0.676612 0.709011 0.7397 0.768607 0.795662 0.8208 0.84396 0.865086 0.884128 0.901039 0.915779 0.928313 0.938609 0.946645 0.952399 0.955859 0.957015 0.955866 0.952414 0.946667 0.938639 0.928349 0.915823 0.90109 0.884186 0.865152 0.844034 0.820882 0.795752 0.768705 0.739806 0.709125 0.676735 0.642715 0.607146 0.570114 0.531709 0.492023 0.451151 0.409193 0.366249 0.322422 0.277818 0.232545 0.186712 0.140429 0.0938078 0.0469605 1.17191e-16 
-0.000284271 0.0459335 0.0920395 0.137923 0.183473 0.22858 0.273135 0.317032 0.360164 0.402427 0.443721 0.483944 0.523001 0.560797 0.597242 0.632247 0.665729 0.697606 0.727802 0.756244 0.782864 0.807597 0.830384 0.85117 0.869905 0.886545 0.901048 0.913379 0.923511 0.931416 0.937078 0.940482 0.94162 0.940489 0.937092 0.931438 0.923539 0.913415 0.90109 0.886594 0.869963 0.851235 0.830456 0.807676 0.782951 0.756339 0.727905 0.697717 0.665848 0.632375 0.597379 0.560943 0.523156 0.484108 0.443894 0.40261 0.360357 0.317235 0.273349 0.228804 0.183708 0.13817 0.0922987 0.046205 1.15306e-16 
-0.000276639 0.045074 0.090315 0.135337 0.180033 0.224294 0.268013 0.311086 0.353409 0.39488 0.435398 0.474867 0.513191 0.550278 0.586039 0.620388 0.653241 0.68452 0.71415 0.742058 0.768178 0.792448 0.814807 0.835203 0.853587 0.869914 0.884145 0.896246 0.906187 0.913944 0.9195 0.92284 0.923956 0.922846 0.919513 0.913965 0.906214 0.89628 0.884186 0.869963 0.853643 0.835266 0.814877 0.792525 0.768263 0.742151 0.71425 0.684628 0.653357 0.620512 0.586172 0.55042 0.513341 0.475026 0.435567 0.395057 0.353597 0.311284 0.268221 0.224512 0.180262 0.135578 0.0905672 0.0453382 1.13143e-16 
-0.000268589 0.0441057 0.0883727 0.132426 0.176159 0.219467 0.262245 0.304391 0.345803 0.38638 0.426027 0.464646 0.502145 0.538434 0.573425 0.607034 0.63918 0.669785 0.698777 0.726084 0.751642 0.775389 0.797267 0.817224 0.835212 0.851188 0.865112 0.876952 0.886679 0.89427 0.899706 0.902974 0.904066 0.90298 0.899719 0.89429 0.886706 0.876986 0.865152 0.851235 0.835266 0.817285 0.797335 0.775464 0.751725 0.726174 0.698874 0.66989 0.639292 0.607154 0.573554 0.538571 0.502291 0.4648 0.42619 0.386553 0.345985 0.304583 0.262447 0.219679 0.176382 0.132659 0.0886176 0.0443622 1.10707e-16 
-0.000260131 0.0430309 0.0862172 0.129195 0.171861 0.214111 0.255845 0.296962 0.337363 0.37695 0.415628 0.453305 0.489888 0.525291 0.559428 0.592217 0.623578 0.653436 0.68172 0.708361 0.733295 0.756462 0.777806 0.797276 0.814825 0.830411 0.843995 0.855546 0.865036 0.872441 0.877744 0.880932 0.881998 0.880939 0.877757 0.87246 0.865061 0.855578 0.844034 0.830456 0.814877 0.797335 0.777872 0.756535 0.733375 0.708448 0.681814 0.653538 0.623687 0.592334 0.559553 0.525424 0.49003 0.453454 0.415787 0.377117 0.337539 0.297148 0.256041 0.214316 0.172076 0.129421 0.0864544 0.0432793 1.08004e-16 
-0.000251276 0.0418522 0.0838539 0.125653 0.167148 0.208239 0.248829 0.288818 0.32811 0.366611 0.404229 0.440872 0.476452 0.510883 0.544084 0.575973 0.606474 0.635513 0.663021 0.688931 0.713181 0.735713 0.756471 0.775407 0.792475 0.807633 0.820844 0.832079 0.841308 0.84851 0.853667 0.856768 0.857805 0.856774 0.85368 0.848528 0.841333 0.83211 0.820882 0.807676 0.792525 0.775464 0.756535 0.735783 0.713258 0.689015 0.663112 0.635611 0.606579 0.576086 0.544204 0.511012 0.476588 0.441016 0.404381 0.366773 0.32828 0.288997 0.249017 0.208438 0.167356 0.125871 0.0840829 0.0420922 1.05041e-16 
-0.000242034 0.0405724 0.0812883 0.121807 0.162032 0.201866 0.241212 0.279977 0.318067 0.355389 0.391855 0.427376 0.461867 0.495245 0.527428 0.558341 0.587909 0.616059 0.642725 0.667842 0.691349 0.713191 0.733314 0.75167 0.768215 0.782909 0.795716 0.806606 0.815553 0.822534 0.827534 0.83054 0.831545 0.830546 0.827546 0.822552 0.815577 0.806636 0.795752 0.782951 0.768263 0.751725 0.733375 0.713258 0.691423 0.667922 0.642812 0.616153 0.58801 0.55845 0.527544 0.495368 0.461998 0.427515 0.392002 0.355544 0.31823 0.28015 0.241394 0.202057 0.162233 0.122018 0.0815089 0.0408036 1.01826e-16 
-0.000232418 0.0391948 0.0785266 0.117668 0.156526 0.195006 0.233015 0.270462 0.307257 0.343311 0.378537 0.412851 0.446169 0.478412 0.509502 0.539364 0.567927 0.59512 0.620879 0.645143 0.667851 0.68895 0.70839 0.726122 0.742104 0.756299 0.768671 0.779191 0.787833 0.794577 0.799407 0.802311 0.803281 0.802316 0.799419 0.794595 0.787856 0.779219 0.768705 0.756339 0.742151 0.726174 0.708448 0.689015 0.667922 0.64522 0.620963 0.595211 0.568024 0.539469 0.509614 0.478531 0.446295 0.412984 0.378678 0.34346 0.307414 0.270628 0.233189 0.195189 0.156718 0.11787 0.0787384 0.0394167 9.83646e-17 
-0.00022244 0.0377224 0.0755756 0.113246 0.150643 0.187676 0.224256 0.260295 0.295707 0.330405 0.364307 0.397331 0.429396 0.460427 0.490349 0.519088 0.546576 0.572747 0.597538 0.620889 0.642744 0.66305 0.681758 0.698824 0.714206 0.727866 0.739773 0.749898 0.758215 0.764706 0.769354 0.772149 0.773083 0.772154 0.769365 0.764722 0.758237 0.749925 0.739806 0.727905 0.71425 0.698874 0.681814 0.663112 0.642812 0.620963 0.597619 0.572834 0.546669 0.519188 0.490455 0.460541 0.429517 0.397458 0.364442 0.330548 0.295857 0.260453 0.224423 0.187851 0.150827 0.113439 0.0757783 0.0379348 9.46665e-17 
-0.000212114 0.0361591 0.0724423 0.10855 0.144396 0.179893 0.214956 0.249501 0.283444 0.316703 0.349199 0.380853 0.411589 0.441333 0.470013 0.497561 0.523909 0.548995 0.572758 0.59514 0.616088 0.635552 0.653485 0.669842 0.684586 0.69768 0.709093 0.718798 0.72677 0.732992 0.737447 0.740126 0.741021 0.740131 0.737458 0.733008 0.726791 0.718824 0.709125 0.697717 0.684628 0.66989 0.653538 0.635611 0.616153 0.595211 0.572834 0.549077 0.523998 0.497656 0.470115 0.441441 0.411704 0.380975 0.349328 0.316839 0.283587 0.249652 0.215115 0.18006 0.144572 0.108735 0.0726356 0.0363616 9.07403e-17 
-0.000201455 0.0345084 0.0691344 0.103593 0.137801 0.171677 0.205139 0.238105 0.270498 0.302238 0.33325 0.363458 0.39279 0.421175 0.448545 0.474835 0.499979 0.523919 0.546597 0.567957 0.587948 0.606523 0.623636 0.639247 0.653317 0.665813 0.676705 0.685966 0.693575 0.699512 0.703764 0.70632 0.707175 0.706325 0.703774 0.699527 0.693595 0.685991 0.676735 0.665848 0.653357 0.639292 0.623687 0.606579 0.58801 0.568024 0.546669 0.523998 0.500064 0.474925 0.448642 0.421278 0.392899 0.363573 0.333372 0.302367 0.270634 0.238249 0.20529 0.171836 0.137968 0.103768 0.0693179 0.0347007 8.65956e-17 
-0.000190479 0.0327744 0.0656597 0.098386 0.130875 0.163047 0.194827 0.226136 0.2569 0.287045 0.316497 0.345187 0.373044 0.400003 0.425997 0.450964 0.474845 0.497582 0.519119 0.539405 0.558392 0.576033 0.592286 0.607111 0.620474 0.632342 0.642686 0.651482 0.658708 0.664347 0.668385 0.670813 0.671624 0.670817 0.668394 0.664361 0.658727 0.651506 0.642715 0.632375 0.620512 0.607154 0.592334 0.576086 0.55845 0.539469 0.519188 0.497656 0.474925 0.45105 0.426088 0.400099 0.373147 0.345296 0.316613 0.287167 0.257029 0.226272 0.194969 0.163197 0.131032 0.0985515 0.0658332 0.0329563 8.22423e-17 
-0.0001792 0.0309614 0.0620267 0.0929419 0.123633 0.154025 0.184045 0.213622 0.242683 0.27116 0.298982 0.326084 0.3524 0.377866 0.402422 0.426008 0.448567 0.470045 0.49039 0.509554 0.52749 0.544154 0.559508 0.573513 0.586137 0.597348 0.607119 0.615428 0.622254 0.627581 0.631396 0.633689 0.634455 0.633693 0.631404 0.627594 0.622272 0.61545 0.607146 0.597379 0.586172 0.573554 0.559553 0.544204 0.527544 0.509614 0.490455 0.470115 0.448642 0.426088 0.402507 0.377957 0.352497 0.326187 0.299091 0.271274 0.242804 0.213749 0.18418 0.154166 0.123781 0.0930975 0.0621899 0.0311324 7.76908e-17 
-0.000167635 0.0290736 0.0582441 0.0872736 0.116092 0.144631 0.17282 0.200593 0.227882 0.254621 0.280747 0.306196 0.330906 0.354819 0.377877 0.400025 0.421208 0.441376 0.46048 0.478475 0.495317 0.510965 0.525382 0.538533 0.550387 0.560914 0.570089 0.577892 0.584301 0.589303 0.592885 0.595038 0.595758 0.595043 0.592893 0.589315 0.584318 0.577912 0.570114 0.560943 0.55042 0.538571 0.525424 0.511012 0.495368 0.478531 0.460541 0.441441 0.421278 0.400099 0.377957 0.354905 0.330997 0.306292 0.280848 0.254729 0.227995 0.200712 0.172946 0.144763 0.116231 0.0874192 0.0583967 0.0292336 7.29521e-17 
-0.000155803 0.0271156 0.054321 0.081395 0.108272 0.134888 0.161179 0.187081 0.212531 0.237469 0.261835 0.285569 0.308616 0.330918 0.352422 0.373078 0.392834 0.411643 0.429461 0.446243 0.461951 0.476545 0.48999 0.502256 0.51331 0.523129 0.531686 0.538963 0.54494 0.549605 0.552946 0.554954 0.555626 0.554958 0.552954 0.549617 0.544956 0.538982 0.531709 0.523156 0.513341 0.502291 0.49003 0.476588 0.461998 0.446295 0.429517 0.411704 0.392899 0.373147 0.352497 0.330997 0.3087 0.285659 0.261929 0.237569 0.212636 0.187191 0.161296 0.135011 0.108401 0.0815303 0.0544629 0.0272643 6.80377e-17 
-0.000143721 0.0250921 0.050267 0.0753202 0.100191 0.124821 0.149149 0.173117 0.196668 0.219745 0.242292 0.264255 0.285581 0.306219 0.326118 0.345232 0.363513 0.380919 0.397406 0.412936 0.427471 0.440976 0.453418 0.464768 0.474998 0.484083 0.492002 0.498735 0.504267 0.508583 0.511675 0.513533 0.514154 0.513537 0.511682 0.508594 0.504281 0.498753 0.492023 0.484108 0.475026 0.4648 0.453454 0.441016 0.427515 0.412984 0.397458 0.380975 0.363573 0.345296 0.326187 0.306292 0.285659 0.264337 0.242379 0.219837 0.196765 0.17322 0.149257 0.124934 0.10031 0.0754449 0.0503978 0.0252293 6.29594e-17 
-0.000131408 0.0230081 0.0460917 0.0690638 0.091869 0.114452 0.13676 0.158737 0.180332 0.201492 0.222166 0.242304 0.261858 0.280782 0.299028 0.316554 0.333317 0.349277 0.364395 0.378635 0.391962 0.404345 0.415754 0.42616 0.43554 0.443871 0.451132 0.457306 0.462378 0.466336 0.469171 0.470875 0.471444 0.470878 0.469177 0.466346 0.462391 0.457322 0.451151 0.443894 0.435567 0.42619 0.415787 0.404381 0.392002 0.378678 0.364442 0.349328 0.333372 0.316613 0.299091 0.280848 0.261929 0.242379 0.222245 0.201576 0.18042 0.158831 0.136858 0.114556 0.0919776 0.0691778 0.0462114 0.0231335 5.77295e-17 
-0.000118883 0.0208686 0.0418053 0.0626409 0.0833251 0.103808 0.124041 0.143974 0.163561 0.182752 0.201504 0.219769 0.237505 0.254668 0.271218 0.287114 0.302318 0.316793 0.330505 0.34342 0.355508 0.36674 0.377087 0.386526 0.395034 0.40259 0.409175 0.414775 0.419376 0.422966 0.425536 0.427082 0.427599 0.427085 0.425542 0.422974 0.419387 0.41479 0.409193 0.40261 0.395057 0.386553 0.377117 0.366773 0.355544 0.34346 0.330548 0.316839 0.302367 0.287167 0.271274 0.254729 0.237569 0.219837 0.201576 0.182828 0.163641 0.144059 0.12413 0.103902 0.0834234 0.0627441 0.0419135 0.020982 5.23604e-17 
-0.000106166 0.0186787 0.0374181 0.056067 0.0745805 0.0929139 0.111023 0.128865 0.146395 0.163573 0.180356 0.196705 0.212579 0.227941 0.242754 0.256981 0.27059 0.283546 0.295819 0.307379 0.318198 0.328251 0.337512 0.345961 0.353575 0.360338 0.366233 0.371245 0.375363 0.378576 0.380877 0.38226 0.382723 0.382263 0.380882 0.378584 0.375373 0.371258 0.366249 0.360357 0.353597 0.345985 0.337539 0.32828 0.31823 0.307414 0.295857 0.283587 0.270634 0.257029 0.242804 0.227995 0.212636 0.196765 0.18042 0.163641 0.146467 0.12894 0.111103 0.0929974 0.0746682 0.0561591 0.0375148 0.01878 4.68652e-17 
-9.32762e-05 0.0164437 0.0329407 0.049358 0.065656 0.0817956 0.0977378 0.113444 0.128877 0.143999 0.158774 0.173166 0.187141 0.200665 0.213705 0.22623 0.23821 0.249616 0.26042 0.270597 0.280121 0.288971 0.297124 0.304562 0.311265 0.317219 0.322408 0.32682 0.330445 0.333274 0.3353 0.336517 0.336924 0.33652 0.335304 0.333281 0.330454 0.326832 0.322422 0.317235 0.311284 0.304583 0.297148 0.288997 0.28015 0.270628 0.260453 0.249652 0.238249 0.226272 0.213749 0.200712 0.187191 0.17322 0.158831 0.144059 0.12894 0.113511 0.0978075 0.081869 0.0657331 0.0494389 0.0330256 0.0165327 4.12571e-17 
-8.02352e-05 0.014169 0.0283838 0.04253 0.0565733 0.0704802 0.0842169 0.0977506 0.111048 0.124079 0.13681 0.149211 0.161252 0.172905 0.184141 0.194934 0.205256 0.215084 0.224394 0.233163 0.24137 0.248995 0.25602 0.262429 0.268205 0.273335 0.277806 0.281608 0.284732 0.287169 0.288915 0.289964 0.290315 0.289966 0.288918 0.287175 0.28474 0.281618 0.277818 0.273349 0.268221 0.262447 0.256041 0.249017 0.241394 0.233189 0.224423 0.215115 0.20529 0.194969 0.18418 0.172946 0.161296 0.149257 0.136858 0.12413 0.111103 0.0978075 0.0842769 0.0705433 0.0566396 0.0425996 0.0284569 0.0142456 3.55496e-17 
-6.70636e-05 0.0118601 0.0237585 0.0355994 0.0473543 0.0589949 0.0704931 0.0818213 0.0929522 0.103859 0.114515 0.124896 0.134975 0.144729 0.154134 0.163168 0.171808 0.180034 0.187827 0.195167 0.202036 0.208419 0.2143 0.219664 0.224499 0.228793 0.232535 0.235718 0.238332 0.240372 0.241833 0.242712 0.243005 0.242713 0.241837 0.240377 0.238339 0.235726 0.232545 0.228804 0.224512 0.219679 0.214316 0.208438 0.202057 0.195189 0.187851 0.18006 0.171836 0.163197 0.154166 0.144763 0.135011 0.124934 0.114556 0.103902 0.0929974 0.081869 0.0705433 0.0590476 0.0474097 0.0356576 0.0238196 0.0119241 2.97565e-17 
-5.37827e-05 0.00952265 0.0190759 0.0285831 0.0380211 0.0473674 0.0565994 0.0656949 0.074632 0.0833891 0.0919452 0.10028 0.108372 0.116204 0.123755 0.131008 0.137946 0.144551 0.150807 0.156701 0.162216 0.167341 0.172063 0.17637 0.180252 0.183699 0.186704 0.189259 0.191358 0.192997 0.19417 0.194875 0.195111 0.194876 0.194172 0.193 0.191364 0.189266 0.186712 0.183708 0.180262 0.176382 0.172076 0.167356 0.162233 0.156718 0.150827 0.144572 0.137968 0.131032 0.123781 0.116231 0.108401 0.10031 0.0919776 0.0834234 0.0746682 0.0657331 0.0566396 0.0474097 0.0380656 0.0286297 0.0191249 0.00957397 2.38917e-17 
-4.04141e-05 0.00716217 0.0143473 0.0214978 0.0285963 0.0356258 0.0425694 0.0494102 0.0561319 0.0627183 0.0691534 0.0754219 0.0815085 0.0873987 0.0930782 0.0985335 0.103751 0.108719 0.113425 0.117857 0.122005 0.12586 0.129411 0.13265 0.13557 0.138163 0.140423 0.142345 0.143924 0.145156 0.146038 0.146568 0.146746 0.146569 0.14604 0.145159 0.143928 0.14235 0.140429 0.13817 0.135578 0.132659 0.129421 0.125871 0.122018 0.11787 0.113439 0.108735 0.103768 0.0985515 0.0930975 0.0874192 0.0815303 0.0754449 0.0691778 0.0627441 0.0561591 0.0494389 0.0425996 0.0356576 0.0286297 0.0215329 0.0143841 0.00720074 1.79693e-17 
-2.69795e-05 0.0047844 0.00958416 0.0143607 0.0191026 0.0237983 0.0284367 0.0330064 0.0374966 0.0418963 0.0461951 0.0503824 0.0544484 0.0583831 0.062177 0.0658212 0.0693067 0.0726252 0.0757686 0.0787295 0.0815007 0.0840754 0.0864476 0.0886115 0.0905619 0.092294 0.0938038 0.0950876 0.0961422 0.0969652 0.0975546 0.0979089 0.0980273 0.0979096 0.0975559 0.0969672 0.0961449 0.0950909 0.0938078 0.0922987 0.0905672 0.0886176 0.0864544 0.0840829 0.0815089 0.0787384 0.0757783 0.0726356 0.0693179 0.0658332 0.0621899 0.0583967 0.0544629 0.0503978 0.0462114 0.0419135 0.0375148 0.0330256 0.0284569 0.0238196 0.0191249 0.0143841 0.00960871 0.00481015 1.20036e-17 
-1.35008e-05 0.00239509 0.00479786 0.00718902 0.00956282 0.0119135 0.0142355 0.0165231 0.0187709 0.0209734 0.0231254 0.0252216 0.027257 0.0292267 0.031126 0.0329503 0.0346951 0.0363564 0.03793 0.0394122 0.0407995 0.0420884 0.0432759 0.0443592 0.0453356 0.0462027 0.0469585 0.0476011 0.0481291 0.0485411 0.0488361 0.0490135 0.0490728 0.0490138 0.0488368 0.0485421 0.0481304 0.0476028 0.0469605 0.046205 0.0453382 0.0443622 0.0432793 0.0420922 0.0408036 0.0394167 0.0379348 0.0363616 0.0347007 0.0329563 0.0311324 0.0292336 0.0272643 0.0252293 0.0231335 0.020982 0.01878 0.0165327 0.0142456 0.0119241 0.00957397 0.00720074 0.00481015 0.00240798 6.00906e-18 
0 6.00906e-18 1.20036e-17 1.79693e-17 2.38917e-17 2.97565e-17 3.55496e-17 4.12571e-17 4.68652e-17 5.23604e-17 5.77295e-17 6.29594e-17 6.80377e-17 7.29521e-17 7.76908e-17 8.22423e-17 8.65956e-17 9.07403e-17 9.46665e-17 9.83646e-17 1.01826e-16 1.05041e-16 1.08004e-16 1.10707e-16 1.13143e-16 1.15306e-16 1.17191e-16 1.18795e-16 1.20112e-16 1.21139e-16 1.21875e-16 1.22317e-16 1.22465e-16 1.22317e-16 1.21875e-16 1.21139e-16 1.20112e-16 1.18795e-16 1.17191e-16 1.15306e-16 1.13143e-16 1.10707e-16 1.08004e-16 1.05041e-16 1.01826e-16 9.83646e-17 9.46665e-17 9.07403e-17 8.65956e-17 8.22423e-17 7.76908e-17 7.29521e-17 6.80377e-17 6.29594e-17 5.77295e-17 5.23604e-17 4.68652e-17 4.12571e-17 3.55496e-17 2.97565e-17 2.38917e-17 1.79693e-17 1.20036e-17 6.00906e-18 1.49976e-32 
