0 8.46961e-05 0.000121023 0.000140894 0.000153617 0.000162514 0.00016904 0.000173947 0.000177676 0.000180506 0.000182629 0.000184178 0.000185253 0.000185929 0.000186262 0.000186299 0.000186075 0.00018562 0.000184959 0.00018411 0.00018309 0.000181914 0.000180593 0.000179135 0.00017755 0.000175845 0.000174024 0.000172093 0.000170055 0.000167914 0.000165672 0.00016333 0.00016089 0.000158354 0.000155719 0.000152988 0.000150159 0.00014723 0.000144201 0.000141069 0.000137832 0.000134488 0.000131032 0.00012746 0.000123769 0.000119953 0.000116007 0.000111923 0.000107695 0.000103313 9.87683e-05 9.40488e-05 8.91416e-05 8.40311e-05 7.86987e-05 7.31223e-05 6.72745e-05 6.11208e-05 5.46165e-05 4.77016e-05 4.029e-05 3.22483e-05 2.33399e-05 1.30561e-05 0 
8.46961e-05 0.000105066 0.000125436 0.000140653 0.000151715 0.000159885 0.000166035 0.000170722 0.00017431 0.000177046 0.000179101 0.000180601 0.000181639 0.000182285 0.000182596 0.000182614 0.000182376 0.000181909 0.000181237 0.00018038 0.000179354 0.000178172 0.000176846 0.000175384 0.000173796 0.000172088 0.000170265 0.000168331 0.000166292 0.00016415 0.000161907 0.000159564 0.000157124 0.000154587 0.000151953 0.000149222 0.000146394 0.000143466 0.000140438 0.000137307 0.000134072 0.000130729 0.000127275 0.000123705 0.000120017 0.000116204 0.000112261 0.000108181 0.000103957 9.958e-05 9.50408e-05 9.0328e-05 8.54286e-05 8.03273e-05 7.50061e-05 6.94434e-05 6.36127e-05 5.74813e-05 5.10072e-05 4.41352e-05 3.67904e-05 2.88669e-05 2.02128e-05 1.06276e-05 0 
0.000121023 0.000125436 0.000135002 0.000144568 0.000152704 0.000159277 0.000164492 0.000168595 0.000171797 0.000174265 0.000176128 0.000177486 0.000178415 0.000178977 0.000179221 0.000179186 0.000178905 0.000178403 0.000177702 0.00017682 0.000175774 0.000174575 0.000173234 0.00017176 0.000170162 0.000168445 0.000166615 0.000164676 0.000162632 0.000160486 0.000158241 0.000155897 0.000153455 0.000150918 0.000148285 0.000145554 0.000142727 0.000139802 0.000136777 0.00013365 0.000130419 0.000127081 0.000123632 0.00012007 0.000116389 0.000112585 0.000108652 0.000104583 0.000100371 9.60094e-05 9.1487e-05 8.67938e-05 8.19174e-05 7.68433e-05 7.15549e-05 6.60323e-05 6.02518e-05 5.41846e-05 4.77957e-05 4.10417e-05 3.38695e-05 2.62161e-05 1.8017e-05 9.24129e-06 0 
0.000140894 0.000140653 0.000144568 0.000149913 0.000155257 0.000160027 0.000164061 0.000167369 0.000170018 0.00017209 0.000173661 0.000174799 0.000175558 0.000175988 0.000176126 0.000176005 0.000175654 0.000175095 0.000174346 0.000173426 0.000172346 0.000171119 0.000169755 0.000168261 0.000166647 0.000164916 0.000163074 0.000161126 0.000159075 0.000156923 0.000154673 0.000152326 0.000149883 0.000147345 0.000144712 0.000141984 0.000139159 0.000136238 0.000133218 0.000130097 0.000126873 0.000123543 0.000120104 0.000116553 0.000112885 0.000109095 0.000105178 0.000101127 9.6937e-05 9.25988e-05 8.81041e-05 8.34429e-05 7.86038e-05 7.35738e-05 6.8338e-05 6.28792e-05 5.71774e-05 5.12096e-05 4.49492e-05 3.83664e-05 3.14298e-05 2.4111e-05 1.63977e-05 8.32062e-06 0 
0.000153617 0.000151715 0.000152704 0.000155257 0.000158385 0.000161513 0.000164356 0.000166801 0.000168816 0.000170416 0.000171629 0.000172489 0.000173032 0.000173289 0.000173289 0.000173056 0.000172612 0.000171976 0.000171164 0.00017019 0.000169065 0.0001678 0.000166404 0.000164884 0.000163247 0.000161497 0.00015964 0.000157679 0.000155618 0.000153458 0.000151202 0.000148851 0.000146405 0.000143867 0.000141235 0.000138509 0.000135689 0.000132772 0.000129759 0.000126646 0.000123432 0.000120114 0.000116689 0.000113153 0.000109502 0.000105732 0.000101837 9.78118e-05 9.36503e-05 8.93449e-05 8.48878e-05 8.02698e-05 7.5481e-05 7.051e-05 6.53441e-05 5.9969e-05 5.43692e-05 4.85272e-05 4.24251e-05 3.6045e-05 2.93722e-05 2.24005e-05 1.51423e-05 7.64346e-06 0 
0.000162514 0.000159885 0.000159277 0.000160027 0.000161513 0.000163282 0.000165051 0.000166661 0.000168031 0.000169128 0.000169948 0.000170497 0.000170792 0.000170848 0.000170684 0.000170317 0.000169762 0.000169033 0.000168143 0.000167104 0.000165924 0.000164613 0.000163178 0.000161625 0.000159959 0.000158186 0.00015631 0.000154333 0.000152259 0.000150089 0.000147825 0.000145469 0.000143022 0.000140482 0.000137852 0.000135129 0.000132313 0.000129404 0.000126399 0.000123298 0.000120096 0.000116793 0.000113384 0.000109868 0.000106239 0.000102493 9.86263e-05 9.4633e-05 9.05073e-05 8.62428e-05 8.18322e-05 7.72677e-05 7.25405e-05 6.76411e-05 6.25593e-05 5.72837e-05 5.18029e-05 4.6105e-05 4.0179e-05 3.40163e-05 2.76135e-05 2.09765e-05 1.41274e-05 7.11094e-06 0 
0.00016904 0.000166035 0.000164492 0.000164061 0.000164356 0.000165051 0.000165906 0.000166761 0.000167518 0.000168119 0.000168537 0.000168761 0.000168789 0.000168627 0.000168283 0.000167766 0.000167085 0.000166251 0.000165273 0.000164158 0.000162915 0.00016155 0.000160069 0.000158477 0.000156779 0.000154979 0.00015308 0.000151084 0.000148995 0.000146814 0.000144542 0.00014218 0.000139729 0.000137189 0.00013456 0.000131841 0.000129032 0.000126131 0.000123137 0.000120048 0.000116862 0.000113576 0.000110188 0.000106695 0.000103092 9.93757e-05 9.55422e-05 9.15865e-05 8.75032e-05 8.32867e-05 7.89305e-05 7.44281e-05 6.97721e-05 6.49548e-05 5.99681e-05 5.48038e-05 4.94538e-05 4.39109e-05 3.81696e-05 3.22278e-05 2.60889e-05 1.97648e-05 1.32797e-05 6.67296e-06 0 
0.000173947 0.000170722 0.000168595 0.000167369 0.000166801 0.000166661 0.000166761 0.00016696 0.000167159 0.000167293 0.000167321 0.00016722 0.000166977 0.000166589 0.000166054 0.000165377 0.000164562 0.000163614 0.000162539 0.000161342 0.000160028 0.000158603 0.000157071 0.000155436 0.000153701 0.00015187 0.000149946 0.000147929 0.000145824 0.000143629 0.000141348 0.00013898 0.000136526 0.000133985 0.000131358 0.000128645 0.000125843 0.000122952 0.00011997 0.000116896 0.000113728 0.000110462 0.000107098 0.000103631 0.000100058 9.63758e-05 9.25805e-05 8.86675e-05 8.46324e-05 8.04701e-05 7.61752e-05 7.17422e-05 6.71651e-05 6.24379e-05 5.75546e-05 5.25094e-05 4.72975e-05 4.19151e-05 3.63607e-05 3.06365e-05 2.47495e-05 1.87141e-05 1.25536e-05 6.30121e-06 0 
0.000177676 0.00017431 0.000171797 0.000170018 0.000168816 0.000168031 0.000167518 0.000167159 0.000166866 0.000166573 0.000166234 0.00016582 0.000165311 0.000164696 0.000163969 0.000163128 0.000162172 0.000161104 0.000159926 0.000158641 0.000157252 0.000155763 0.000154176 0.000152494 0.00015072 0.000148855 0.000146903 0.000144864 0.00014274 0.000140532 0.000138241 0.000135866 0.000133408 0.000130868 0.000128244 0.000125536 0.000122742 0.000119863 0.000116895 0.000113838 0.00011069 0.000107448 0.00010411 0.000100672 9.71334e-05 9.34892e-05 8.97362e-05 8.58708e-05 8.18888e-05 7.77861e-05 7.35581e-05 6.92003e-05 6.47081e-05 6.0077e-05 5.53028e-05 5.03819e-05 4.53117e-05 4.00912e-05 3.47217e-05 2.92078e-05 2.35585e-05 1.77886e-05 1.19192e-05 5.97834e-06 2.22045e-16 
0.000180506 0.000177046 0.000174265 0.00017209 0.000170416 0.000169128 0.000168119 0.000167293 0.000166573 0.000165898 0.000165223 0.000164515 0.000163751 0.000162915 0.000161998 0.000160992 0.000159895 0.000158704 0.000157421 0.000156045 0.000154577 0.00015302 0.000151376 0.000149644 0.000147828 0.000145929 0.000143947 0.000141884 0.000139741 0.000137518 0.000135216 0.000132835 0.000130374 0.000127834 0.000125213 0.000122512 0.000119728 0.000116861 0.00011391 0.000110872 0.000107746 0.000104529 0.00010122 9.78162e-05 9.43141e-05 9.07113e-05 8.70045e-05 8.31906e-05 7.9266e-05 7.52273e-05 7.10707e-05 6.67928e-05 6.23901e-05 5.78593e-05 5.31978e-05 4.84037e-05 4.34763e-05 3.84163e-05 3.32271e-05 2.79144e-05 2.24883e-05 1.69626e-05 1.13563e-05 5.69296e-06 0 
0.000182629 0.000179101 0.000176128 0.000173661 0.000171629 0.000169948 0.000168537 0.000167321 0.000166234 0.000165223 0.000164244 0.000163266 0.000162262 0.000161216 0.000160115 0.000158948 0.00015771 0.000156397 0.000155007 0.000153539 0.000151992 0.000150366 0.000148662 0.00014688 0.00014502 0.000143084 0.000141072 0.000138985 0.000136822 0.000134584 0.000132271 0.000129883 0.00012742 0.00012488 0.000122264 0.00011957 0.000116797 0.000113945 0.000111011 0.000107994 0.000104892 0.000101704 9.84262e-05 9.50577e-05 9.15956e-05 8.80373e-05 8.438e-05 8.06211e-05 7.67574e-05 7.27863e-05 6.87048e-05 6.45102e-05 6.02e-05 5.57723e-05 5.12254e-05 4.65589e-05 4.17733e-05 3.68709e-05 3.18557e-05 2.67347e-05 2.15175e-05 1.62172e-05 1.08504e-05 5.43721e-06 0 
0.000184178 0.000180601 0.000177486 0.000174799 0.000172489 0.000170497 0.000168761 0.00016722 0.00016582 0.000164515 0.000163266 0.000162041 0.000160817 0.000159573 0.000158296 0.000156975 0.0001556 0.000154168 0.000152673 0.000151113 0.000149485 0.00014779 0.000146026 0.000144192 0.000142289 0.000140316 0.000138273 0.00013616 0.000133978 0.000131725 0.000129401 0.000127007 0.000124541 0.000122003 0.000119392 0.000116707 0.000113946 0.000111109 0.000108195 0.0001052 0.000102125 9.89667e-05 9.57233e-05 9.23929e-05 8.89733e-05 8.54622e-05 8.18573e-05 7.81561e-05 7.43563e-05 7.04557e-05 6.64519e-05 6.23431e-05 5.81276e-05 5.38043e-05 4.93727e-05 4.48331e-05 4.01872e-05 3.5438e-05 3.05903e-05 2.56511e-05 2.06297e-05 1.55382e-05 1.03911e-05 5.20544e-06 0 
0.000185253 0.000181639 0.000178415 0.000175558 0.000173032 0.000170792 0.000168789 0.000166977 0.000165311 0.000163751 0.000162262 0.000160817 0.000159391 0.000157964 0.000156523 0.000155054 0.000153549 0.000152 0.000150403 0.000148753 0.000147047 0.000145283 0.000143459 0.000141574 0.000139627 0.000137617 0.000135543 0.000133406 0.000131204 0.000128936 0.000126603 0.000124203 0.000121735 0.000119199 0.000116594 0.000113919 0.000111172 0.000108352 0.000105458 0.000102488 9.9441e-05 9.63147e-05 9.31074e-05 8.98174e-05 8.64426e-05 8.2981e-05 7.94307e-05 7.57898e-05 7.20562e-05 6.82281e-05 6.43041e-05 6.02827e-05 5.6163e-05 5.19446e-05 4.76278e-05 4.32137e-05 3.87045e-05 3.41037e-05 2.94165e-05 2.46497e-05 1.98122e-05 1.49148e-05 9.97033e-06 4.99345e-06 0 
0.000185929 0.000182285 0.000178977 0.000175988 0.000173289 0.000170848 0.000168627 0.000166589 0.000164696 0.000162915 0.000161216 0.000159573 0.000157964 0.00015637 0.000154776 0.00015317 0.000151541 0.000149882 0.000148187 0.000146449 0.000144667 0.000142836 0.000140953 0.000139018 0.000137028 0.000134982 0.000132878 0.000130716 0.000128495 0.000126213 0.00012387 0.000121465 0.000118997 0.000116465 0.000113867 0.000111202 0.00010847 0.000105669 0.000102797 9.98534e-05 9.68361e-05 9.37436e-05 9.05743e-05 8.73265e-05 8.39985e-05 8.05885e-05 7.70949e-05 7.3516e-05 6.98504e-05 6.60966e-05 6.22536e-05 5.83206e-05 5.42971e-05 5.01834e-05 4.59803e-05 4.16893e-05 3.73132e-05 3.28558e-05 2.83222e-05 2.3719e-05 1.90544e-05 1.43384e-05 9.58201e-06 4.79804e-06 0 
0.000186262 0.000182596 0.000179221 0.000176126 0.000173289 0.000170684 0.000168283 0.000166054 0.000163969 0.000161998 0.000160115 0.000158296 0.000156523 0.000154776 0.000153042 0.000151308 0.000149563 0.0001478 0.000146011 0.000144191 0.000142335 0.00014044 0.000138501 0.000136517 0.000134485 0.000132404 0.000130271 0.000128086 0.000125846 0.000123552 0.0001212 0.000118791 0.000116323 0.000113795 0.000111206 0.000108554 0.000105838 0.000103056 0.000100208 9.72922e-05 9.43064e-05 9.12494e-05 8.81198e-05 8.49159e-05 8.16364e-05 7.82797e-05 7.48443e-05 7.13291e-05 6.77327e-05 6.40543e-05 6.02932e-05 5.64489e-05 5.25215e-05 4.85117e-05 4.44205e-05 4.02501e-05 3.60034e-05 3.16841e-05 2.72975e-05 2.28497e-05 1.83483e-05 1.38022e-05 9.22133e-06 4.6167e-06 0 
0.000186299 0.000182614 0.000179186 0.000176005 0.000173056 0.000170317 0.000167766 0.000165377 0.000163128 0.000160992 0.000158948 0.000156975 0.000155054 0.00015317 0.000151308 0.000149456 0.000147604 0.000145744 0.000143868 0.000141969 0.000140044 0.000138086 0.000136094 0.000134063 0.000131992 0.000129877 0.000127717 0.000125509 0.000123253 0.000120946 0.000118588 0.000116176 0.00011371 0.000111187 0.000108608 0.000105969 0.000103271 0.000100511 9.76877e-05 9.48006e-05 9.18477e-05 8.88278e-05 8.57394e-05 8.25811e-05 7.93515e-05 7.60494e-05 7.26737e-05 6.92232e-05 6.56972e-05 6.20948e-05 5.84159e-05 5.46602e-05 5.08284e-05 4.69211e-05 4.29401e-05 3.88873e-05 3.4766e-05 3.05798e-05 2.63339e-05 2.20339e-05 1.76869e-05 1.33008e-05 8.88442e-06 4.44744e-06 2.22045e-16 
0.000186075 0.000182376 0.000178905 0.000175654 0.000172612 0.000169762 0.000167085 0.000164562 0.000162172 0.000159895 0.00015771 0.0001556 0.000153549 0.000151541 0.000149563 0.000147604 0.000145654 0.000143704 0.000141746 0.000139774 0.000137783 0.000135768 0.000133725 0.000131651 0.000129542 0.000127396 0.00012521 0.000122982 0.00012071 0.000118393 0.000116029 0.000113616 0.000111152 0.000108637 0.000106068 0.000103445 0.000100765 9.80276e-05 9.52313e-05 9.23746e-05 8.94562e-05 8.64748e-05 8.34289e-05 8.03174e-05 7.71391e-05 7.38929e-05 7.05778e-05 6.7193e-05 6.37378e-05 6.02119e-05 5.66152e-05 5.29479e-05 4.92106e-05 4.54045e-05 4.15312e-05 3.75932e-05 3.35933e-05 2.95354e-05 2.54242e-05 2.12652e-05 1.70646e-05 1.28296e-05 8.56813e-06 4.28862e-06 0 
0.00018562 0.000181909 0.000178403 0.000175095 0.000171976 0.000169033 0.000166251 0.000163614 0.000161104 0.000158704 0.000156397 0.000154168 0.000152 0.000149882 0.0001478 0.000145744 0.000143704 0.000141671 0.000139638 0.000137599 0.000135547 0.000133478 0.000131388 0.000129273 0.000127129 0.000124954 0.000122744 0.000120498 0.000118213 0.000115887 0.000113519 0.000111106 0.000108647 0.00010614 0.000103583 0.000100976 9.83167e-05 9.56036e-05 9.28353e-05 9.00104e-05 8.71278e-05 8.41861e-05 8.11841e-05 7.81206e-05 7.49946e-05 7.18052e-05 6.85516e-05 6.5233e-05 6.18492e-05 5.83999e-05 5.48852e-05 5.13055e-05 4.76616e-05 4.3955e-05 4.01872e-05 3.63608e-05 3.24786e-05 2.85444e-05 2.45625e-05 2.0538e-05 1.64766e-05 1.23849e-05 8.26986e-06 4.13894e-06 2.22045e-16 
0.000184959 0.000181237 0.000177702 0.000174346 0.000171164 0.000168143 0.000165273 0.000162539 0.000159926 0.000157421 0.000155007 0.000152673 0.000150403 0.000148187 0.000146011 0.000143868 0.000141746 0.000139638 0.000137536 0.000135435 0.000133328 0.00013121 0.000129076 0.000126924 0.000124748 0.000122546 0.000120316 0.000118053 0.000115757 0.000113424 0.000111053 0.000108642 0.000106189 0.000103692 0.000101149 9.85601e-05 9.59224e-05 9.32347e-05 9.04957e-05 8.77041e-05 8.48585e-05 8.19577e-05 7.90006e-05 7.59862e-05 7.29136e-05 6.97818e-05 6.65902e-05 6.33384e-05 6.00261e-05 5.66532e-05 5.32201e-05 4.97272e-05 4.61756e-05 4.25665e-05 3.89019e-05 3.51841e-05 3.1416e-05 2.7601e-05 2.37434e-05 1.98476e-05 1.59191e-05 1.19636e-05 7.98744e-06 3.99726e-06 2.22045e-16 
0.00018411 0.00018038 0.00017682 0.000173426 0.00017019 0.000167104 0.000164158 0.000161342 0.000158641 0.000156045 0.000153539 0.000151113 0.000148753 0.000146449 0.000144191 0.000141969 0.000139774 0.000137599 0.000135435 0.000133277 0.00013112 0.000128957 0.000126784 0.000124597 0.000122393 0.000120168 0.000117918 0.000115642 0.000113336 0.000110999 0.000108627 0.00010622 0.000103774 0.000101289 9.87624e-05 9.61925e-05 9.35779e-05 9.09171e-05 8.82088e-05 8.54516e-05 8.26443e-05 7.97856e-05 7.68746e-05 7.39102e-05 7.08916e-05 6.78181e-05 6.46891e-05 6.15043e-05 5.82636e-05 5.49669e-05 5.16147e-05 4.82077e-05 4.47469e-05 4.12336e-05 3.76698e-05 3.40577e-05 3.04002e-05 2.67004e-05 2.29623e-05 1.919e-05 1.53885e-05 1.1563e-05 7.71904e-06 3.86266e-06 0 
0.00018309 0.000179354 0.000175774 0.000172346 0.000169065 0.000165924 0.000162915 0.000160028 0.000157252 0.000154577 0.000151992 0.000149485 0.000147047 0.000144667 0.000142335 0.000140044 0.000137783 0.000135547 0.000133328 0.00013112 0.000128916 0.000126713 0.000124505 0.000122289 0.000120059 0.000117813 0.000115548 0.000113261 0.000110948 0.000108608 0.000106238 0.000103836 0.0001014 9.89281e-05 9.64185e-05 9.38695e-05 9.12796e-05 8.86472e-05 8.59708e-05 8.32493e-05 8.04814e-05 7.76659e-05 7.48019e-05 7.18883e-05 6.89245e-05 6.59099e-05 6.28438e-05 5.97262e-05 5.65569e-05 5.33361e-05 5.00642e-05 4.6742e-05 4.33706e-05 3.99513e-05 3.6486e-05 3.29769e-05 2.94266e-05 2.58382e-05 2.22153e-05 1.85617e-05 1.4882e-05 1.11807e-05 7.46309e-06 3.73434e-06 0 
0.000181914 0.000178172 0.000174575 0.000171119 0.0001678 0.000164613 0.00016155 0.000158603 0.000155763 0.00015302 0.000150366 0.00014779 0.000145283 0.000142836 0.00014044 0.000138086 0.000135768 0.000133478 0.00013121 0.000128957 0.000126713 0.000124474 0.000122236 0.000119993 0.000117741 0.000115478 0.0001132 0.000110904 0.000108587 0.000106247 0.000103881 0.000101486 9.90616e-05 9.66048e-05 9.4114e-05 9.15876e-05 8.90237e-05 8.6421e-05 8.37781e-05 8.10935e-05 7.83661e-05 7.55948e-05 7.27787e-05 6.99168e-05 6.70084e-05 6.4053e-05 6.10502e-05 5.79998e-05 5.49017e-05 5.17563e-05 4.8564e-05 4.53256e-05 4.20421e-05 3.8715e-05 3.5346e-05 3.19372e-05 2.84911e-05 2.50105e-05 2.14989e-05 1.79597e-05 1.43969e-05 1.08149e-05 7.21822e-06 3.61161e-06 0 
0.000180593 0.000176846 0.000173234 0.000169755 0.000166404 0.000163178 0.000160069 0.000157071 0.000154176 0.000151376 0.000148662 0.000146026 0.000143459 0.000140953 0.000138501 0.000136094 0.000133725 0.000131388 0.000129076 0.000126784 0.000124505 0.000122236 0.00011997 0.000117705 0.000115435 0.000113158 0.000110871 0.000108569 0.00010625 0.000103912 0.000101551 9.91665e-05 9.67552e-05 9.43155e-05 9.18453e-05 8.93429e-05 8.68068e-05 8.42352e-05 8.16269e-05 7.89804e-05 7.62947e-05 7.35686e-05 7.08012e-05 6.79916e-05 6.51392e-05 6.22435e-05 5.93041e-05 5.63209e-05 5.32939e-05 5.02234e-05 4.71099e-05 4.39542e-05 4.07573e-05 3.75206e-05 3.42457e-05 3.09347e-05 2.759e-05 2.4214e-05 2.081e-05 1.73811e-05 1.39311e-05 1.04638e-05 6.98328e-06 3.49388e-06 0 
0.000179135 0.000175384 0.00017176 0.000168261 0.000164884 0.000161625 0.000158477 0.000155436 0.000152494 0.000149644 0.00014688 0.000144192 0.000141574 0.000139018 0.000136517 0.000134063 0.000131651 0.000129273 0.000126924 0.000124597 0.000122289 0.000119993 0.000117705 0.000115421 0.000113137 0.000110849 0.000108555 0.00010625 0.000103932 0.000101598 9.92462e-05 9.68733e-05 9.44774e-05 9.20566e-05 8.96087e-05 8.71322e-05 8.46251e-05 8.20862e-05 7.95138e-05 7.69067e-05 7.42637e-05 7.15837e-05 6.88658e-05 6.61093e-05 6.33134e-05 6.04777e-05 5.76019e-05 5.46859e-05 5.17297e-05 4.87335e-05 4.5698e-05 4.2624e-05 3.95123e-05 3.63643e-05 3.31816e-05 2.99661e-05 2.672e-05 2.34457e-05 2.01459e-05 1.68238e-05 1.34826e-05 1.01258e-05 6.75722e-06 3.38062e-06 2.22045e-16 
0.00017755 0.000173796 0.000170162 0.000166647 0.000163247 0.000159959 0.000156779 0.000153701 0.00015072 0.000147828 0.00014502 0.000142289 0.000139627 0.000137028 0.000134485 0.000131992 0.000129542 0.000127129 0.000124748 0.000122393 0.000120059 0.000117741 0.000115435 0.000113137 0.000110842 0.000108547 0.000106249 0.000103944 0.00010163 9.93034e-05 9.69619e-05 9.46031e-05 9.22247e-05 8.98246e-05 8.74009e-05 8.49518e-05 8.24755e-05 7.99705e-05 7.74354e-05 7.48688e-05 7.22696e-05 6.96367e-05 6.69692e-05 6.42663e-05 6.15274e-05 5.87521e-05 5.594e-05 5.3091e-05 5.02053e-05 4.7283e-05 4.43248e-05 4.13313e-05 3.83035e-05 3.52427e-05 3.21504e-05 2.90282e-05 2.58782e-05 2.27027e-05 1.95042e-05 1.62855e-05 1.30496e-05 9.79973e-06 6.53915e-06 3.27138e-06 2.22045e-16 
0.000175845 0.000172088 0.000168445 0.000164916 0.000161497 0.000158186 0.000154979 0.00015187 0.000148855 0.000145929 0.000143084 0.000140316 0.000137617 0.000134982 0.000132404 0.000129877 0.000127396 0.000124954 0.000122546 0.000120168 0.000117813 0.000115478 0.000113158 0.000110849 0.000108547 0.000106249 0.00010395 0.000101648 9.93404e-05 9.70235e-05 9.4695e-05 9.23524e-05 8.99936e-05 8.76163e-05 8.52186e-05 8.27986e-05 8.03546e-05 7.7885e-05 7.53885e-05 7.28636e-05 7.03092e-05 6.77243e-05 6.51079e-05 6.24593e-05 5.97779e-05 5.70632e-05 5.43149e-05 5.15329e-05 4.87174e-05 4.58685e-05 4.29868e-05 4.00729e-05 3.71279e-05 3.41527e-05 3.11489e-05 2.8118e-05 2.50619e-05 2.19827e-05 1.88827e-05 1.57645e-05 1.26307e-05 9.4843e-06 6.32827e-06 3.16576e-06 2.22045e-16 
0.000174024 0.000170265 0.000166615 0.000163074 0.00015964 0.00015631 0.00015308 0.000149946 0.000146903 0.000143947 0.000141072 0.000138273 0.000135543 0.000132878 0.000130271 0.000127717 0.00012521 0.000122744 0.000120316 0.000117918 0.000115548 0.0001132 0.000110871 0.000108555 0.000106249 0.00010395 0.000101654 9.93585e-05 9.70597e-05 9.47551e-05 9.2442e-05 9.01181e-05 8.77809e-05 8.54284e-05 8.30585e-05 8.06693e-05 7.82592e-05 7.58265e-05 7.33699e-05 7.08879e-05 6.83794e-05 6.58434e-05 6.32789e-05 6.06851e-05 5.80616e-05 5.54078e-05 5.27235e-05 5.00084e-05 4.72628e-05 4.44868e-05 4.16809e-05 3.88458e-05 3.59823e-05 3.30914e-05 3.01745e-05 2.7233e-05 2.42687e-05 2.12835e-05 1.82795e-05 1.5259e-05 1.22244e-05 9.17848e-06 6.12385e-06 3.06339e-06 0 
0.000172093 0.000168331 0.000164676 0.000161126 0.000157679 0.000154333 0.000151084 0.000147929 0.000144864 0.000141884 0.000138985 0.00013616 0.000133406 0.000130716 0.000128086 0.000125509 0.000122982 0.000120498 0.000118053 0.000115642 0.000113261 0.000110904 0.000108569 0.00010625 0.000103944 0.000101648 9.93585e-05 9.70717e-05 9.47848e-05 9.24952e-05 9.02e-05 8.7897e-05 8.55836e-05 8.32578e-05 8.09176e-05 7.8561e-05 7.61864e-05 7.37921e-05 7.13766e-05 6.89387e-05 6.64771e-05 6.39909e-05 6.1479e-05 5.89408e-05 5.63756e-05 5.3783e-05 5.11627e-05 4.85145e-05 4.58386e-05 4.31351e-05 4.04044e-05 3.76471e-05 3.4864e-05 3.20561e-05 2.92246e-05 2.63709e-05 2.34965e-05 2.06031e-05 1.76928e-05 1.47675e-05 1.18296e-05 8.88133e-06 5.92528e-06 2.96396e-06 2.22045e-16 
0.000170055 0.000166292 0.000162632 0.000159075 0.000155618 0.000152259 0.000148995 0.000145824 0.00014274 0.000139741 0.000136822 0.000133978 0.000131204 0.000128495 0.000125846 0.000123253 0.00012071 0.000118213 0.000115757 0.000113336 0.000110948 0.000108587 0.00010625 0.000103932 0.00010163 9.93404e-05 9.70597e-05 9.47848e-05 9.25128e-05 9.02407e-05 8.7966e-05 8.56861e-05 8.33988e-05 8.11018e-05 7.87931e-05 7.64708e-05 7.41332e-05 7.17787e-05 6.94058e-05 6.70131e-05 6.45995e-05 6.2164e-05 5.97055e-05 5.72234e-05 5.4717e-05 5.21859e-05 4.96298e-05 4.70485e-05 4.44419e-05 4.18104e-05 3.91543e-05 3.64741e-05 3.37705e-05 3.10445e-05 2.8297e-05 2.55295e-05 2.27431e-05 1.99397e-05 1.71209e-05 1.42887e-05 1.1445e-05 8.592e-06 5.73196e-06 2.86717e-06 2.22045e-16 
0.000167914 0.00016415 0.000160486 0.000156923 0.000153458 0.000150089 0.000146814 0.000143629 0.000140532 0.000137518 0.000134584 0.000131725 0.000128936 0.000126213 0.000123552 0.000120946 0.000118393 0.000115887 0.000113424 0.000110999 0.000108608 0.000106247 0.000103912 0.000101598 9.93034e-05 9.70235e-05 9.47551e-05 9.24952e-05 9.02407e-05 8.79889e-05 8.5737e-05 8.34827e-05 8.12236e-05 7.89574e-05 7.66821e-05 7.43959e-05 7.2097e-05 6.97838e-05 6.74547e-05 6.51085e-05 6.27439e-05 6.036e-05 5.79557e-05 5.55303e-05 5.30832e-05 5.06139e-05 4.81221e-05 4.56075e-05 4.30703e-05 4.05105e-05 3.79284e-05 3.53245e-05 3.26996e-05 3.00542e-05 2.73896e-05 2.47067e-05 2.20069e-05 1.92917e-05 1.65626e-05 1.38213e-05 1.10697e-05 8.30973e-06 5.54339e-06 2.77277e-06 0 
0.000165672 0.000161907 0.000158241 0.000154673 0.000151202 0.000147825 0.000144542 0.000141348 0.000138241 0.000135216 0.000132271 0.000129401 0.000126603 0.00012387 0.0001212 0.000118588 0.000116029 0.000113519 0.000111053 0.000108627 0.000106238 0.000103881 0.000101551 9.92462e-05 9.69619e-05 9.4695e-05 9.2442e-05 9.02e-05 8.7966e-05 8.5737e-05 8.35106e-05 8.12842e-05 7.90554e-05 7.68221e-05 7.45822e-05 7.23338e-05 7.00752e-05 6.78046e-05 6.55208e-05 6.32222e-05 6.09077e-05 5.85763e-05 5.62269e-05 5.38589e-05 5.14716e-05 4.90644e-05 4.6637e-05 4.41893e-05 4.17212e-05 3.92327e-05 3.67242e-05 3.41961e-05 3.16489e-05 2.90833e-05 2.65003e-05 2.39009e-05 2.12862e-05 1.86575e-05 1.60164e-05 1.33642e-05 1.07028e-05 8.03383e-06 5.3591e-06 2.68052e-06 0 
0.00016333 0.000159564 0.000155897 0.000152326 0.000148851 0.000145469 0.00014218 0.00013898 0.000135866 0.000132835 0.000129883 0.000127007 0.000124203 0.000121465 0.000118791 0.000116176 0.000113616 0.000111106 0.000108642 0.00010622 0.000103836 0.000101486 9.91665e-05 9.68733e-05 9.46031e-05 9.23524e-05 9.01181e-05 8.7897e-05 8.56861e-05 8.34827e-05 8.12842e-05 7.9088e-05 7.68917e-05 7.46933e-05 7.24907e-05 7.02819e-05 6.80651e-05 6.58389e-05 6.36015e-05 6.13518e-05 5.90885e-05 5.68105e-05 5.45169e-05 5.22069e-05 4.98798e-05 4.75351e-05 4.51724e-05 4.27915e-05 4.03924e-05 3.79751e-05 3.55397e-05 3.30867e-05 3.06166e-05 2.81299e-05 2.56275e-05 2.31103e-05 2.05794e-05 1.80359e-05 1.54811e-05 1.29165e-05 1.03435e-05 7.76365e-06 5.17866e-06 2.5902e-06 2.22045e-16 
0.00016089 0.000157124 0.000153455 0.000149883 0.000146405 0.000143022 0.000139729 0.000136526 0.000133408 0.000130374 0.00012742 0.000124541 0.000121735 0.000118997 0.000116323 0.00011371 0.000111152 0.000108647 0.000106189 0.000103774 0.0001014 9.90616e-05 9.67552e-05 9.44774e-05 9.22247e-05 8.99936e-05 8.77809e-05 8.55836e-05 8.33988e-05 8.12236e-05 7.90554e-05 7.68917e-05 7.47303e-05 7.25689e-05 7.04054e-05 6.82379e-05 6.60647e-05 6.38841e-05 6.16947e-05 5.9495e-05 5.7284e-05 5.50603e-05 5.28232e-05 5.05719e-05 4.83055e-05 4.60237e-05 4.37259e-05 4.1412e-05 3.90819e-05 3.67354e-05 3.43729e-05 3.19945e-05 2.96007e-05 2.71922e-05 2.47695e-05 2.23335e-05 1.98852e-05 1.74255e-05 1.49558e-05 1.24771e-05 9.99094e-06 7.49864e-06 5.0017e-06 2.50163e-06 2.22045e-16 
0.000158354 0.000154587 0.000150918 0.000147345 0.000143867 0.000140482 0.000137189 0.000133985 0.000130868 0.000127834 0.00012488 0.000122003 0.000119199 0.000116465 0.000113795 0.000111187 0.000108637 0.00010614 0.000103692 0.000101289 9.89281e-05 9.66048e-05 9.43155e-05 9.20566e-05 8.98246e-05 8.76163e-05 8.54284e-05 8.32578e-05 8.11018e-05 7.89574e-05 7.68221e-05 7.46933e-05 7.25689e-05 7.04464e-05 6.8324e-05 6.61996e-05 6.40716e-05 6.19383e-05 5.97981e-05 5.76497e-05 5.54919e-05 5.33237e-05 5.11439e-05 4.89518e-05 4.67468e-05 4.45282e-05 4.22956e-05 4.00488e-05 3.77876e-05 3.55118e-05 3.32218e-05 3.09176e-05 2.85997e-05 2.62686e-05 2.39248e-05 2.1569e-05 1.92022e-05 1.68253e-05 1.44393e-05 1.20453e-05 9.64453e-06 7.23828e-06 4.82785e-06 2.41463e-06 0 
0.000155719 0.000151953 0.000148285 0.000144712 0.000141235 0.000137852 0.00013456 0.000131358 0.000128244 0.000125213 0.000122264 0.000119392 0.000116594 0.000113867 0.000111206 0.000108608 0.000106068 0.000103583 0.000101149 9.87624e-05 9.64185e-05 9.4114e-05 9.18453e-05 8.96087e-05 8.74009e-05 8.52186e-05 8.30585e-05 8.09176e-05 7.87931e-05 7.66821e-05 7.45822e-05 7.24907e-05 7.04054e-05 6.8324e-05 6.62445e-05 6.41651e-05 6.20838e-05 5.99992e-05 5.79096e-05 5.58138e-05 5.37104e-05 5.15984e-05 4.94768e-05 4.73448e-05 4.52016e-05 4.30467e-05 4.08796e-05 3.87e-05 3.65077e-05 3.43026e-05 3.20848e-05 2.98545e-05 2.7612e-05 2.53576e-05 2.3092e-05 2.08157e-05 1.85295e-05 1.62342e-05 1.39308e-05 1.16202e-05 9.30361e-06 6.98208e-06 4.65681e-06 2.32904e-06 0 
0.000152988 0.000149222 0.000145554 0.000141984 0.000138509 0.000135129 0.000131841 0.000128645 0.000125536 0.000122512 0.00011957 0.000116707 0.000113919 0.000111202 0.000108554 0.000105969 0.000103445 0.000100976 9.85601e-05 9.61925e-05 9.38695e-05 9.15876e-05 8.93429e-05 8.71322e-05 8.49518e-05 8.27986e-05 8.06693e-05 7.8561e-05 7.64708e-05 7.43959e-05 7.23338e-05 7.02819e-05 6.82379e-05 6.61996e-05 6.41651e-05 6.21323e-05 6.00995e-05 5.80651e-05 5.60275e-05 5.39854e-05 5.19375e-05 4.98828e-05 4.78202e-05 4.57489e-05 4.36682e-05 4.15774e-05 3.94761e-05 3.73639e-05 3.52406e-05 3.31061e-05 3.09604e-05 2.88037e-05 2.6636e-05 2.44579e-05 2.22698e-05 2.00722e-05 1.78657e-05 1.56512e-05 1.34294e-05 1.12012e-05 8.96761e-06 6.72961e-06 4.48828e-06 2.24471e-06 0 
0.000150159 0.000146394 0.000142727 0.000139159 0.000135689 0.000132313 0.000129032 0.000125843 0.000122742 0.000119728 0.000116797 0.000113946 0.000111172 0.00010847 0.000105838 0.000103271 0.000100765 9.83167e-05 9.59224e-05 9.35779e-05 9.12796e-05 8.90237e-05 8.68068e-05 8.46251e-05 8.24755e-05 8.03546e-05 7.82592e-05 7.61864e-05 7.41332e-05 7.2097e-05 7.00752e-05 6.80651e-05 6.60647e-05 6.40716e-05 6.20838e-05 6.00995e-05 5.81168e-05 5.61341e-05 5.41499e-05 5.21628e-05 5.01715e-05 4.8175e-05 4.61723e-05 4.41625e-05 4.21448e-05 4.01186e-05 3.80834e-05 3.60389e-05 3.39848e-05 3.19208e-05 2.98471e-05 2.77636e-05 2.56706e-05 2.35683e-05 2.14571e-05 1.93375e-05 1.72101e-05 1.50755e-05 1.29344e-05 1.07876e-05 8.63601e-06 6.48049e-06 4.322e-06 2.1615e-06 2.22045e-16 
0.00014723 0.000143466 0.000139802 0.000136238 0.000132772 0.000129404 0.000126131 0.000122952 0.000119863 0.000116861 0.000113945 0.000111109 0.000108352 0.000105669 0.000103056 0.000100511 9.80276e-05 9.56036e-05 9.32347e-05 9.09171e-05 8.86472e-05 8.6421e-05 8.42352e-05 8.20862e-05 7.99705e-05 7.7885e-05 7.58265e-05 7.37921e-05 7.17787e-05 6.97838e-05 6.78046e-05 6.58389e-05 6.38841e-05 6.19383e-05 5.99992e-05 5.80651e-05 5.61341e-05 5.42046e-05 5.22751e-05 5.03443e-05 4.84108e-05 4.64735e-05 4.45315e-05 4.25839e-05 4.06298e-05 3.86688e-05 3.67001e-05 3.47235e-05 3.27387e-05 3.07454e-05 2.87435e-05 2.67332e-05 2.47144e-05 2.26876e-05 2.06528e-05 1.86107e-05 1.65616e-05 1.45062e-05 1.2445e-05 1.03788e-05 8.30832e-06 6.23434e-06 4.15771e-06 2.07931e-06 0 
0.000144201 0.000140438 0.000136777 0.000133218 0.000129759 0.000126399 0.000123137 0.00011997 0.000116895 0.00011391 0.000111011 0.000108195 0.000105458 0.000102797 0.000100208 9.76877e-05 9.52313e-05 9.28353e-05 9.04957e-05 8.82088e-05 8.59708e-05 8.37781e-05 8.16269e-05 7.95138e-05 7.74354e-05 7.53885e-05 7.33699e-05 7.13766e-05 6.94058e-05 6.74547e-05 6.55208e-05 6.36015e-05 6.16947e-05 5.97981e-05 5.79096e-05 5.60275e-05 5.41499e-05 5.22751e-05 5.04018e-05 4.85284e-05 4.66538e-05 4.47768e-05 4.28964e-05 4.10117e-05 3.9122e-05 3.72265e-05 3.53248e-05 3.34164e-05 3.1501e-05 2.95784e-05 2.76484e-05 2.57111e-05 2.37664e-05 2.18146e-05 1.9856e-05 1.78908e-05 1.59196e-05 1.39427e-05 1.19607e-05 9.97433e-06 7.98413e-06 5.99084e-06 3.99521e-06 1.998e-06 2.22045e-16 
0.000141069 0.000137307 0.00013365 0.000130097 0.000126646 0.000123298 0.000120048 0.000116896 0.000113838 0.000110872 0.000107994 0.0001052 0.000102488 9.98534e-05 9.72922e-05 9.48006e-05 9.23746e-05 9.00104e-05 8.77041e-05 8.54516e-05 8.32493e-05 8.10935e-05 7.89804e-05 7.69067e-05 7.48688e-05 7.28636e-05 7.08879e-05 6.89387e-05 6.70131e-05 6.51085e-05 6.32222e-05 6.13518e-05 5.9495e-05 5.76497e-05 5.58138e-05 5.39854e-05 5.21628e-05 5.03443e-05 4.85284e-05 4.67138e-05 4.48991e-05 4.30834e-05 4.12655e-05 3.94446e-05 3.76198e-05 3.57905e-05 3.39562e-05 3.21163e-05 3.02706e-05 2.84188e-05 2.65607e-05 2.46962e-05 2.28255e-05 2.09486e-05 1.90657e-05 1.71771e-05 1.52831e-05 1.33842e-05 1.14809e-05 9.57363e-06 7.66302e-06 5.74969e-06 3.83429e-06 1.9175e-06 0 
0.000137832 0.000134072 0.000130419 0.000126873 0.000123432 0.000120096 0.000116862 0.000113728 0.00011069 0.000107746 0.000104892 0.000102125 9.9441e-05 9.68361e-05 9.43064e-05 9.18477e-05 8.94562e-05 8.71278e-05 8.48585e-05 8.26443e-05 8.04814e-05 7.83661e-05 7.62947e-05 7.42637e-05 7.22696e-05 7.03092e-05 6.83794e-05 6.64771e-05 6.45995e-05 6.27439e-05 6.09077e-05 5.90885e-05 5.7284e-05 5.54919e-05 5.37104e-05 5.19375e-05 5.01715e-05 4.84108e-05 4.66538e-05 4.48991e-05 4.31457e-05 4.13922e-05 3.96377e-05 3.78812e-05 3.61221e-05 3.43596e-05 3.25931e-05 3.08221e-05 2.90463e-05 2.72655e-05 2.54793e-05 2.36877e-05 2.18908e-05 2.00885e-05 1.82811e-05 1.64687e-05 1.46516e-05 1.28302e-05 1.1005e-05 9.17627e-06 7.34463e-06 5.51061e-06 3.67476e-06 1.83769e-06 2.22045e-16 
0.000134488 0.000130729 0.000127081 0.000123543 0.000120114 0.000116793 0.000113576 0.000110462 0.000107448 0.000104529 0.000101704 9.89667e-05 9.63147e-05 9.37436e-05 9.12494e-05 8.88278e-05 8.64748e-05 8.41861e-05 8.19577e-05 7.97856e-05 7.76659e-05 7.55948e-05 7.35686e-05 7.15837e-05 6.96367e-05 6.77243e-05 6.58434e-05 6.39909e-05 6.2164e-05 6.036e-05 5.85763e-05 5.68105e-05 5.50603e-05 5.33237e-05 5.15984e-05 4.98828e-05 4.8175e-05 4.64735e-05 4.47768e-05 4.30834e-05 4.13922e-05 3.9702e-05 3.80118e-05 3.63206e-05 3.46278e-05 3.29326e-05 3.12344e-05 2.95327e-05 2.78272e-05 2.61174e-05 2.44033e-05 2.26846e-05 2.09614e-05 1.92336e-05 1.75014e-05 1.57649e-05 1.40244e-05 1.22801e-05 1.05325e-05 8.78184e-06 7.02864e-06 5.27335e-06 3.51646e-06 1.7585e-06 0 
0.000131032 0.000127275 0.000123632 0.000120104 0.000116689 0.000113384 0.000110188 0.000107098 0.00010411 0.00010122 9.84262e-05 9.57233e-05 9.31074e-05 9.05743e-05 8.81198e-05 8.57394e-05 8.34289e-05 8.11841e-05 7.90006e-05 7.68746e-05 7.48019e-05 7.27787e-05 7.08012e-05 6.88658e-05 6.69692e-05 6.51079e-05 6.32789e-05 6.1479e-05 5.97055e-05 5.79557e-05 5.62269e-05 5.45169e-05 5.28232e-05 5.11439e-05 4.94768e-05 4.78202e-05 4.61723e-05 4.45315e-05 4.28964e-05 4.12655e-05 3.96377e-05 3.80118e-05 3.63867e-05 3.47617e-05 3.31359e-05 3.15086e-05 2.98792e-05 2.82472e-05 2.66122e-05 2.49738e-05 2.33318e-05 2.16861e-05 2.00365e-05 1.83831e-05 1.6726e-05 1.50652e-05 1.34009e-05 1.17334e-05 1.0063e-05 8.38998e-06 6.71473e-06 5.03768e-06 3.35923e-06 1.67985e-06 0 
0.00012746 0.000123705 0.00012007 0.000116553 0.000113153 0.000109868 0.000106695 0.000103631 0.000100672 9.78162e-05 9.50577e-05 9.23929e-05 8.98174e-05 8.73265e-05 8.49159e-05 8.25811e-05 8.03174e-05 7.81206e-05 7.59862e-05 7.39102e-05 7.18883e-05 6.99168e-05 6.79916e-05 6.61093e-05 6.42663e-05 6.24593e-05 6.06851e-05 5.89408e-05 5.72234e-05 5.55303e-05 5.38589e-05 5.22069e-05 5.05719e-05 4.89518e-05 4.73448e-05 4.57489e-05 4.41625e-05 4.25839e-05 4.10117e-05 3.94446e-05 3.78812e-05 3.63206e-05 3.47617e-05 3.32036e-05 3.16456e-05 3.00868e-05 2.85266e-05 2.69647e-05 2.54005e-05 2.38337e-05 2.22641e-05 2.06914e-05 1.91155e-05 1.75365e-05 1.59542e-05 1.43689e-05 1.27807e-05 1.11896e-05 9.5961e-06 8.00033e-06 6.40265e-06 4.80339e-06 3.20294e-06 1.60167e-06 2.22045e-16 
0.000123769 0.000120017 0.000116389 0.000112885 0.000109502 0.000106239 0.000103092 0.000100058 9.71334e-05 9.43141e-05 9.15956e-05 8.89733e-05 8.64426e-05 8.39985e-05 8.16364e-05 7.93515e-05 7.71391e-05 7.49946e-05 7.29136e-05 7.08916e-05 6.89245e-05 6.70084e-05 6.51392e-05 6.33134e-05 6.15274e-05 5.97779e-05 5.80616e-05 5.63756e-05 5.4717e-05 5.30832e-05 5.14716e-05 4.98798e-05 4.83055e-05 4.67468e-05 4.52016e-05 4.36682e-05 4.21448e-05 4.06298e-05 3.9122e-05 3.76198e-05 3.61221e-05 3.46278e-05 3.31359e-05 3.16456e-05 3.01559e-05 2.86662e-05 2.71759e-05 2.56845e-05 2.41915e-05 2.26965e-05 2.11994e-05 1.96998e-05 1.81977e-05 1.6693e-05 1.51856e-05 1.36756e-05 1.21632e-05 1.06484e-05 9.13144e-06 7.61261e-06 6.09213e-06 4.57031e-06 3.04745e-06 1.5239e-06 0 
0.000119953 0.000116204 0.000112585 0.000109095 0.000105732 0.000102493 9.93757e-05 9.63758e-05 9.34892e-05 9.07113e-05 8.80373e-05 8.54622e-05 8.2981e-05 8.05885e-05 7.82797e-05 7.60494e-05 7.38929e-05 7.18052e-05 6.97818e-05 6.78181e-05 6.59099e-05 6.4053e-05 6.22435e-05 6.04777e-05 5.87521e-05 5.70632e-05 5.54078e-05 5.3783e-05 5.21859e-05 5.06139e-05 4.90644e-05 4.75351e-05 4.60237e-05 4.45282e-05 4.30467e-05 4.15774e-05 4.01186e-05 3.86688e-05 3.72265e-05 3.57905e-05 3.43596e-05 3.29326e-05 3.15086e-05 3.00868e-05 2.86662e-05 2.72462e-05 2.58263e-05 2.44058e-05 2.29843e-05 2.15615e-05 2.01371e-05 1.87108e-05 1.72825e-05 1.58521e-05 1.44195e-05 1.29848e-05 1.1548e-05 1.01092e-05 8.66869e-06 7.22652e-06 5.78296e-06 4.33825e-06 2.89267e-06 1.44648e-06 0 
0.000116007 0.000112261 0.000108652 0.000105178 0.000101837 9.86263e-05 9.55422e-05 9.25805e-05 8.97362e-05 8.70045e-05 8.438e-05 8.18573e-05 7.94307e-05 7.70949e-05 7.48443e-05 7.26737e-05 7.05778e-05 6.85516e-05 6.65902e-05 6.46891e-05 6.28438e-05 6.10502e-05 5.93041e-05 5.76019e-05 5.594e-05 5.43149e-05 5.27235e-05 5.11627e-05 4.96298e-05 4.81221e-05 4.6637e-05 4.51724e-05 4.37259e-05 4.22956e-05 4.08796e-05 3.94761e-05 3.80834e-05 3.67001e-05 3.53248e-05 3.39562e-05 3.25931e-05 3.12344e-05 2.98792e-05 2.85266e-05 2.71759e-05 2.58263e-05 2.44772e-05 2.31281e-05 2.17786e-05 2.04282e-05 1.90767e-05 1.77238e-05 1.63694e-05 1.50134e-05 1.36556e-05 1.2296e-05 1.09348e-05 9.57192e-06 8.20755e-06 6.84183e-06 5.47494e-06 4.10708e-06 2.73847e-06 1.36936e-06 0 
0.000111923 0.000108181 0.000104583 0.000101127 9.78118e-05 9.4633e-05 9.15865e-05 8.86675e-05 8.58708e-05 8.31906e-05 8.06211e-05 7.81561e-05 7.57898e-05 7.3516e-05 7.13291e-05 6.92232e-05 6.7193e-05 6.5233e-05 6.33384e-05 6.15043e-05 5.97262e-05 5.79998e-05 5.63209e-05 5.46859e-05 5.3091e-05 5.15329e-05 5.00084e-05 4.85145e-05 4.70485e-05 4.56075e-05 4.41893e-05 4.27915e-05 4.1412e-05 4.00488e-05 3.87e-05 3.73639e-05 3.60389e-05 3.47235e-05 3.34164e-05 3.21163e-05 3.08221e-05 2.95327e-05 2.82472e-05 2.69647e-05 2.56845e-05 2.44058e-05 2.31281e-05 2.18509e-05 2.05736e-05 1.9296e-05 1.80177e-05 1.67384e-05 1.5458e-05 1.41764e-05 1.28933e-05 1.1609e-05 1.03232e-05 9.0361e-06 7.74777e-06 6.45832e-06 5.16789e-06 3.87665e-06 2.58479e-06 1.2925e-06 0 
0.000107695 0.000103957 0.000100371 9.6937e-05 9.36503e-05 9.05073e-05 8.75032e-05 8.46324e-05 8.18888e-05 7.9266e-05 7.67574e-05 7.43563e-05 7.20562e-05 6.98504e-05 6.77327e-05 6.56972e-05 6.37378e-05 6.18492e-05 6.00261e-05 5.82636e-05 5.65569e-05 5.49017e-05 5.32939e-05 5.17297e-05 5.02053e-05 4.87174e-05 4.72628e-05 4.58386e-05 4.44419e-05 4.30703e-05 4.17212e-05 4.03924e-05 3.90819e-05 3.77876e-05 3.65077e-05 3.52406e-05 3.39848e-05 3.27387e-05 3.1501e-05 3.02706e-05 2.90463e-05 2.78272e-05 2.66122e-05 2.54005e-05 2.41915e-05 2.29843e-05 2.17786e-05 2.05736e-05 1.9369e-05 1.81645e-05 1.69596e-05 1.57541e-05 1.45479e-05 1.33407e-05 1.21325e-05 1.09233e-05 9.71293e-06 8.50152e-06 7.28911e-06 6.07578e-06 4.86164e-06 3.64684e-06 2.43152e-06 1.21585e-06 0 
0.000103313 9.958e-05 9.60094e-05 9.25988e-05 8.93449e-05 8.62428e-05 8.32867e-05 8.04701e-05 7.77861e-05 7.52273e-05 7.27863e-05 7.04557e-05 6.82281e-05 6.60966e-05 6.40543e-05 6.20948e-05 6.02119e-05 5.83999e-05 5.66532e-05 5.49669e-05 5.33361e-05 5.17563e-05 5.02234e-05 4.87335e-05 4.7283e-05 4.58685e-05 4.44868e-05 4.31351e-05 4.18104e-05 4.05105e-05 3.92327e-05 3.79751e-05 3.67354e-05 3.55118e-05 3.43026e-05 3.31061e-05 3.19208e-05 3.07454e-05 2.95784e-05 2.84188e-05 2.72655e-05 2.61174e-05 2.49738e-05 2.38337e-05 2.26965e-05 2.15615e-05 2.04282e-05 1.9296e-05 1.81645e-05 1.70333e-05 1.5902e-05 1.47706e-05 1.36386e-05 1.25061e-05 1.13728e-05 1.02387e-05 9.10373e-06 7.96795e-06 6.83136e-06 5.69404e-06 4.55607e-06 3.41755e-06 2.27861e-06 1.13938e-06 2.22045e-16 
9.87683e-05 9.50408e-05 9.1487e-05 8.81041e-05 8.48878e-05 8.18322e-05 7.89305e-05 7.61752e-05 7.35581e-05 7.10707e-05 6.87048e-05 6.64519e-05 6.43041e-05 6.22536e-05 6.02932e-05 5.84159e-05 5.66152e-05 5.48852e-05 5.32201e-05 5.16147e-05 5.00642e-05 4.8564e-05 4.71099e-05 4.5698e-05 4.43248e-05 4.29868e-05 4.16809e-05 4.04044e-05 3.91543e-05 3.79284e-05 3.67242e-05 3.55397e-05 3.43729e-05 3.32218e-05 3.20848e-05 3.09604e-05 2.98471e-05 2.87435e-05 2.76484e-05 2.65607e-05 2.54793e-05 2.44033e-05 2.33318e-05 2.22641e-05 2.11994e-05 2.01371e-05 1.90767e-05 1.80177e-05 1.69596e-05 1.5902e-05 1.48448e-05 1.37875e-05 1.273e-05 1.16722e-05 1.06138e-05 9.55492e-06 8.49537e-06 7.43517e-06 6.37436e-06 5.31296e-06 4.25104e-06 3.18868e-06 2.12598e-06 1.06305e-06 0 
9.40488e-05 9.0328e-05 8.67938e-05 8.34429e-05 8.02698e-05 7.72677e-05 7.44281e-05 7.17422e-05 6.92003e-05 6.67928e-05 6.45102e-05 6.23431e-05 6.02827e-05 5.83206e-05 5.64489e-05 5.46602e-05 5.29479e-05 5.13055e-05 4.97272e-05 4.82077e-05 4.6742e-05 4.53256e-05 4.39542e-05 4.2624e-05 4.13313e-05 4.00729e-05 3.88458e-05 3.76471e-05 3.64741e-05 3.53245e-05 3.41961e-05 3.30867e-05 3.19945e-05 3.09176e-05 2.98545e-05 2.88037e-05 2.77636e-05 2.67332e-05 2.57111e-05 2.46962e-05 2.36877e-05 2.26846e-05 2.16861e-05 2.06914e-05 1.96998e-05 1.87108e-05 1.77238e-05 1.67384e-05 1.57541e-05 1.47706e-05 1.37875e-05 1.28047e-05 1.18218e-05 1.08388e-05 9.85549e-06 8.87179e-06 7.88764e-06 6.90303e-06 5.91794e-06 4.9324e-06 3.94645e-06 2.96016e-06 1.97359e-06 9.86845e-07 0 
