0 -2.72914e-05 -3.96686e-05 -4.69717e-05 -5.20705e-05 -5.59892e-05 -5.91762e-05 -6.18633e-05 -6.41861e-05 -6.62308e-05 -6.80559e-05 -6.97028e-05 -7.12016e-05 -7.25753e-05 -7.38415e-05 -7.50141e-05 -7.6104e-05 -7.71202e-05 -7.80701e-05 -7.89595e-05 -7.97936e-05 -8.05765e-05 -8.13117e-05 -8.20022e-05 -8.26505e-05 -8.32589e-05 -8.38291e-05 -8.43626e-05 -8.48609e-05 -8.53251e-05 -8.57561e-05 -8.61548e-05 -8.65219e-05 -8.6858e-05 -8.71636e-05 -8.74392e-05 -8.7685e-05 -8.79015e-05 -8.80888e-05 -8.82471e-05 -8.83767e-05 -8.84776e-05 -8.85499e-05 -8.85937e-05 -8.8609e-05 -8.85959e-05 -8.85544e-05 -8.84845e-05 -8.83862e-05 -8.82595e-05 -8.81043e-05 -8.79206e-05 -8.77085e-05 -8.74678e-05 -8.71986e-05 -8.69009e-05 -8.65745e-05 -8.62196e-05 -8.58361e-05 -8.5424e-05 -8.49833e-05 -8.4514e-05 -8.40162e-05 -8.34899e-05 -8.29351e-05 -8.23519e-05 -8.17404e-05 -8.11005e-05 -8.04325e-05 -7.97365e-05 -7.90125e-05 -7.82606e-05 -7.7481e-05 -7.66739e-05 -7.58395e-05 -7.49778e-05 -7.40892e-05 -7.31737e-05 -7.22317e-05 -7.12634e-05 -7.02689e-05 -6.92487e-05 -6.82029e-05 -6.71319e-05 -6.6036e-05 -6.49154e-05 -6.37706e-05 -6.26018e-05 -6.14095e-05 -6.01939e-05 -5.89556e-05 -5.76948e-05 -5.64121e-05 -5.51078e-05 -5.37824e-05 -5.24363e-05 -5.107e-05 -4.9684e-05 -4.82787e-05 -4.68548e-05 -4.54126e-05 -4.39527e-05 -4.24756e-05 -4.09819e-05 -3.94722e-05 -3.79469e-05 -3.64067e-05 -3.48522e-05 -3.32839e-05 -3.17024e-05 -3.01084e-05 -2.85024e-05 -2.68852e-05 -2.52572e-05 -2.36192e-05 -2.19718e-05 -2.03156e-05 -1.86513e-05 -1.69796e-05 -1.53011e-05 -1.36164e-05 -1.19263e-05 -1.02315e-05 -8.5325e-06 -6.83011e-06 -5.12498e-06 -3.4178e-06 -1.70924e-06 0 
-2.72914e-05 0.000567584 0.0011621 0.00175747 0.00235304 0.00294805 0.00354188 0.00413399 0.00472391 0.00531121 0.00589549 0.00647634 0.00705339 0.00762628 0.00819463 0.0087581 0.00931632 0.00986896 0.0104157 0.0109561 0.01149 0.0120169 0.0125366 0.0130488 0.0135531 0.0140492 0.0145368 0.0150157 0.0154855 0.0159459 0.0163968 0.0168377 0.0172685 0.0176888 0.0180985 0.0184972 0.0188848 0.019261 0.0196256 0.0199783 0.0203189 0.0206473 0.0209633 0.0212665 0.021557 0.0218344 0.0220987 0.0223496 0.022587 0.0228108 0.0230208 0.023217 0.0233991 0.0235671 0.0237209 0.0238604 0.0239855 0.0240961 0.0241922 0.0242737 0.0243405 0.0243927 0.0244301 0.0244528 0.0244607 0.0244539 0.0244324 0.0243961 0.0243451 0.0242794 0.024199 0.0241041 0.0239946 0.0238706 0.0237323 0.0235796 0.0234127 0.0232317 0.0230367 0.0228278 0.0226051 0.0223688 0.022119 0.0218559 0.0215796 0.0212902 0.020988 0.0206732 0.0203459 0.0200063 0.0196547 0.0192912 0.0189161 0.0185296 0.0181319 0.0177233 0.0173039 0.0168742 0.0164342 0.0159844 0.0155249 0.0150561 0.0145782 0.0140915 0.0135963 0.0130929 0.0125816 0.0120627 0.0115365 0.0110034 0.0104637 0.00991761 0.00936557 0.00880789 0.0082449 0.00767693 0.00710434 0.00652746 0.00594665 0.00536225 0.00477462 0.00418411 0.00359107 0.00299588 0.00239887 0.00180042 0.00120088 0.000600623 3.00543e-18 
-3.96686e-05 0.0011621 0.00236155 0.00355955 0.00475581 0.00594967 0.00714032 0.00832698 0.00950886 0.0106852 0.0118553 0.0130183 0.0141736 0.0153204 0.016458 0.0175858 0.018703 0.019809 0.0209031 0.0219845 0.0230528 0.0241071 0.025147 0.0261716 0.0271805 0.0281731 0.0291486 0.0301066 0.0310464 0.0319675 0.0328693 0.0337513 0.034613 0.0354538 0.0362732 0.0370707 0.0378459 0.0385983 0.0393273 0.0400327 0.0407139 0.0413706 0.0420024 0.0426088 0.0431895 0.0437442 0.0442725 0.0447741 0.0452487 0.0456961 0.0461159 0.0465078 0.0468718 0.0472075 0.0475147 0.0477933 0.0480431 0.0482639 0.0484556 0.0486181 0.0487513 0.0488551 0.0489294 0.0489743 0.0489896 0.0489754 0.0489317 0.0488585 0.0487558 0.0486238 0.0484624 0.0482718 0.0480522 0.0478035 0.0475261 0.04722 0.0468854 0.0465226 0.0461317 0.0457131 0.0452669 0.0447934 0.0442929 0.0437657 0.0432121 0.0426325 0.0420272 0.0413965 0.0407409 0.0400608 0.0393565 0.0386285 0.0378772 0.0371031 0.0363066 0.0354882 0.0346485 0.0337878 0.0329068 0.032006 0.0310859 0.030147 0.02919 0.0282154 0.0272238 0.0262157 0.0251919 0.0241529 0.0230994 0.0220319 0.0209511 0.0198577 0.0187524 0.0176357 0.0165084 0.0153712 0.0142247 0.0130696 0.0119067 0.0107366 0.00955996 0.00837761 0.00719021 0.00599847 0.00480312 0.00360488 0.00240446 0.00120259 6.00906e-18 
-4.69717e-05 0.00175747 0.00355955 0.00535901 0.00715521 0.00894724 0.0107341 0.0125146 0.0142878 0.0160525 0.0178077 0.0195522 0.0212851 0.0230051 0.0247114 0.0264028 0.0280783 0.029737 0.0313777 0.0329996 0.0346016 0.0361827 0.037742 0.0392786 0.0407916 0.0422799 0.0437428 0.0451793 0.0465885 0.0479697 0.049322 0.0506445 0.0519366 0.0531973 0.0544259 0.0556218 0.0567841 0.0579122 0.0590053 0.0600629 0.0610843 0.0620689 0.0630161 0.0639253 0.0647959 0.0656275 0.0664196 0.0671716 0.0678831 0.0685537 0.069183 0.0697706 0.0703161 0.0708193 0.0712798 0.0716973 0.0720716 0.0724025 0.0726897 0.0729331 0.0731326 0.073288 0.0733992 0.0734662 0.0734889 0.0734673 0.0734015 0.0732914 0.0731371 0.0729388 0.0726965 0.0724104 0.0720807 0.0717075 0.0712911 0.0708318 0.0703298 0.0697854 0.0691989 0.0685707 0.0679012 0.0671908 0.0664399 0.065649 0.0648185 0.063949 0.0630409 0.0620948 0.0611113 0.060091 0.0590345 0.0579424 0.0568154 0.0556541 0.0544593 0.0532317 0.0519721 0.0506811 0.0493595 0.0480083 0.0466281 0.0452198 0.0437842 0.0423223 0.0408348 0.0393228 0.0377871 0.0362286 0.0346482 0.033047 0.0314259 0.0297858 0.0281278 0.0264529 0.024762 0.0230562 0.0213365 0.0196039 0.0178595 0.0161044 0.0143395 0.0125661 0.010785 0.00899744 0.00720447 0.00540715 0.00360658 0.00180383 9.00906e-18 
-5.20705e-05 0.00235304 0.00475581 0.00715521 0.00955008 0.0119392 0.0143211 0.0166945 0.0190579 0.02141 0.0237492 0.0260742 0.0283836 0.0306759 0.0329497 0.0352038 0.0374366 0.0396469 0.0418334 0.0439947 0.0461294 0.0482364 0.0503143 0.0523619 0.0543779 0.0563612 0.0583105 0.0602247 0.0621025 0.063943 0.0657449 0.0675072 0.0692288 0.0709087 0.0725458 0.0741392 0.075688 0.0771911 0.0786477 0.0800569 0.0814179 0.0827298 0.0839918 0.0852032 0.0863633 0.0874713 0.0885266 0.0895285 0.0904765 0.09137 0.0922084 0.0929912 0.0937181 0.0943884 0.0950018 0.095558 0.0960566 0.0964974 0.0968799 0.0972041 0.0974698 0.0976766 0.0978247 0.0979138 0.0979438 0.0979149 0.097827 0.0976801 0.0974743 0.0972098 0.0968868 0.0965053 0.0960657 0.0955683 0.0950132 0.0944009 0.0937317 0.093006 0.0922243 0.091387 0.0904947 0.0895478 0.088547 0.0874928 0.0863859 0.0852269 0.0840166 0.0827557 0.0814449 0.080085 0.0786769 0.0772214 0.0757193 0.0741716 0.0725793 0.0709432 0.0692643 0.0675438 0.0657825 0.0639816 0.0621421 0.0602652 0.058352 0.0564036 0.0544213 0.0524061 0.0503594 0.0482824 0.0461762 0.0440422 0.0418817 0.039696 0.0374863 0.0352541 0.0330006 0.0307272 0.0284354 0.0261263 0.0238016 0.0214625 0.0191105 0.0167469 0.0143733 0.011991 0.00960147 0.00720617 0.00480653 0.00240399 1.20036e-17 
-5.59892e-05 0.00294805 0.00594967 0.00894724 0.0119392 0.0149238 0.0178993 0.0208642 0.0238164 0.0267544 0.0296763 0.0325804 0.0354649 0.038328 0.0411681 0.0439834 0.0467723 0.0495329 0.0522638 0.0549631 0.0576294 0.0602609 0.0628561 0.0654135 0.0679314 0.0704084 0.072843 0.0752337 0.077579 0.0798776 0.0821281 0.0843291 0.0864792 0.0885773 0.0906219 0.092612 0.0945462 0.0964235 0.0982426 0.100003 0.101702 0.103341 0.104917 0.10643 0.107878 0.109262 0.11058 0.111831 0.113015 0.114131 0.115178 0.116156 0.117063 0.117901 0.118667 0.119361 0.119984 0.120534 0.121012 0.121417 0.121748 0.122006 0.122191 0.122302 0.12234 0.122303 0.122193 0.12201 0.121753 0.121422 0.121019 0.120542 0.119993 0.119371 0.118678 0.117913 0.117077 0.116171 0.115194 0.114148 0.113034 0.111851 0.110601 0.109284 0.107901 0.106453 0.104942 0.103367 0.101729 0.100031 0.0982718 0.0964538 0.0945776 0.0926444 0.0906554 0.0886118 0.0865148 0.0843657 0.0821657 0.0799163 0.0776187 0.0752743 0.0728846 0.070451 0.0679749 0.0654579 0.0629014 0.060307 0.0576764 0.0550109 0.0523123 0.0495822 0.0468222 0.044034 0.0412193 0.0383798 0.0355171 0.032633 0.0297293 0.0268077 0.0238699 0.0209177 0.0179529 0.0149773 0.0119927 0.00900084 0.00600358 0.00300269 1.4991e-17 
-5.91762e-05 0.00354188 0.00714032 0.0107341 0.0143211 0.0178993 0.0214667 0.0250211 0.0285604 0.0320826 0.0355854 0.0390668 0.0425247 0.045957 0.0493616 0.0527365 0.0560796 0.059389 0.0626626 0.0658984 0.0690946 0.0722491 0.07536 0.0784256 0.0814439 0.0844132 0.0873316 0.0901973 0.0930087 0.0957641 0.0984618 0.1011 0.103677 0.106192 0.108643 0.111029 0.113347 0.115598 0.117778 0.119888 0.121925 0.123889 0.125779 0.127592 0.129329 0.130987 0.132567 0.134067 0.135486 0.136823 0.138079 0.13925 0.140338 0.141342 0.14226 0.143092 0.143839 0.144498 0.145071 0.145556 0.145953 0.146263 0.146484 0.146617 0.146662 0.146618 0.146486 0.146266 0.145958 0.145561 0.145077 0.144506 0.143848 0.143102 0.142271 0.141354 0.140352 0.139265 0.138094 0.136841 0.135504 0.134086 0.132587 0.131009 0.129351 0.127616 0.125803 0.123915 0.121952 0.119916 0.117808 0.115628 0.113379 0.111061 0.108677 0.106227 0.103713 0.101137 0.0984995 0.0958028 0.0930485 0.0902381 0.0873733 0.0844559 0.0814875 0.0784701 0.0754055 0.0722954 0.0691417 0.0659464 0.0627114 0.0594385 0.0561299 0.0527875 0.0494132 0.0460092 0.0425774 0.03912 0.0356391 0.0321367 0.0286149 0.0250758 0.0215217 0.0179546 0.0143767 0.0107901 0.00719701 0.00359959 1.79693e-17 
-6.18633e-05 0.00413399 0.00832698 0.0125146 0.0166945 0.0208642 0.0250211 0.029163 0.0332872 0.0373913 0.0414729 0.0455296 0.0495588 0.0535581 0.0575252 0.0614577 0.0653531 0.0692092 0.0730235 0.0767939 0.080518 0.0841936 0.0878185 0.0913904 0.0949073 0.098367 0.101767 0.105107 0.108382 0.111593 0.114736 0.11781 0.120813 0.123744 0.126599 0.129379 0.13208 0.134702 0.137243 0.139701 0.142075 0.144363 0.146564 0.148677 0.150701 0.152633 0.154474 0.156222 0.157875 0.159433 0.160896 0.162261 0.163528 0.164697 0.165767 0.166737 0.167607 0.168375 0.169042 0.169607 0.17007 0.170431 0.170688 0.170843 0.170896 0.170845 0.170691 0.170434 0.170075 0.169613 0.169049 0.168383 0.167616 0.166747 0.165779 0.16471 0.163542 0.162276 0.160912 0.15945 0.157893 0.156241 0.154494 0.152655 0.150723 0.148701 0.146589 0.144389 0.142102 0.139729 0.137272 0.134733 0.132112 0.129411 0.126633 0.123778 0.120849 0.117847 0.114774 0.111632 0.108422 0.105147 0.101809 0.0984098 0.0949511 0.0914351 0.0878641 0.0842401 0.0805654 0.0768421 0.0730726 0.069259 0.0654037 0.061509 0.0575773 0.0536108 0.0496121 0.0455835 0.0415274 0.0374463 0.0333426 0.0292189 0.0250775 0.0209211 0.016752 0.0125728 0.0083861 0.00419431 2.09368e-17 
-6.41861e-05 0.00472391 0.00950886 0.0142878 0.0190579 0.0238164 0.0285604 0.0332872 0.0379938 0.0426775 0.0473354 0.0519648 0.0565629 0.0611269 0.0656541 0.0701418 0.0745872 0.0789876 0.0833404 0.0876431 0.0918929 0.0960874 0.100224 0.1043 0.108313 0.112262 0.116142 0.119952 0.123691 0.127354 0.130941 0.134449 0.137876 0.14122 0.144479 0.147651 0.150733 0.153725 0.156625 0.15943 0.162139 0.16475 0.167262 0.169673 0.171982 0.174188 0.176288 0.178282 0.180169 0.181947 0.183616 0.185174 0.18662 0.187954 0.189175 0.190281 0.191274 0.19215 0.192912 0.193556 0.194085 0.194496 0.19479 0.194967 0.195026 0.194968 0.194792 0.194499 0.194089 0.193562 0.192918 0.192158 0.191283 0.190292 0.189186 0.187967 0.186634 0.185188 0.183632 0.181964 0.180187 0.178301 0.176308 0.174209 0.172005 0.169697 0.167287 0.164776 0.162166 0.159458 0.156654 0.153756 0.150765 0.147683 0.144513 0.141255 0.137912 0.134486 0.130979 0.127393 0.123731 0.119993 0.116184 0.112304 0.108357 0.104345 0.10027 0.0961341 0.0919405 0.0876916 0.0833898 0.0790378 0.0746381 0.0701936 0.0657067 0.0611802 0.0566169 0.0520194 0.0473907 0.0427334 0.0380503 0.0333443 0.0286182 0.0238749 0.0191172 0.014348 0.00957013 0.00478651 2.38917e-17 
-6.62308e-05 0.00531121 0.0106852 0.0160525 0.02141 0.0267544 0.0320826 0.0373913 0.0426775 0.0479378 0.0531693 0.0583687 0.0635329 0.0686589 0.0737434 0.0787835 0.0837762 0.0887183 0.0936071 0.0984394 0.103212 0.107923 0.112569 0.117147 0.121654 0.126088 0.130446 0.134726 0.138924 0.143039 0.147067 0.151007 0.154856 0.158611 0.162271 0.165834 0.169296 0.172656 0.175912 0.179063 0.182105 0.185038 0.187859 0.190567 0.19316 0.195637 0.197996 0.200235 0.202354 0.204351 0.206225 0.207975 0.209599 0.211097 0.212468 0.213711 0.214825 0.21581 0.216665 0.217389 0.217982 0.218444 0.218774 0.218973 0.219039 0.218974 0.218777 0.218447 0.217987 0.217395 0.216672 0.215818 0.214834 0.213721 0.21248 0.21111 0.209613 0.20799 0.206241 0.204368 0.202372 0.200254 0.198016 0.195658 0.193183 0.190591 0.187884 0.185064 0.182132 0.179091 0.175942 0.172687 0.169327 0.165866 0.162305 0.158646 0.154892 0.151044 0.147105 0.143078 0.138964 0.134767 0.130489 0.126131 0.121698 0.117192 0.112615 0.10797 0.10326 0.0984882 0.0936567 0.0887689 0.0838276 0.0788358 0.0737965 0.0687127 0.0635875 0.0584241 0.0532254 0.0479947 0.042735 0.0374496 0.0321417 0.0268144 0.0214709 0.0161145 0.0107484 0.00537582 2.68322e-17 
-6.80559e-05 0.00589549 0.0118553 0.0178077 0.0237492 0.0296763 0.0355854 0.0414729 0.0473354 0.0531693 0.0589711 0.0647374 0.0704646 0.0761494 0.0817882 0.0873778 0.0929147 0.0983956 0.103817 0.109176 0.11447 0.119694 0.124846 0.129923 0.134922 0.139839 0.144672 0.149418 0.154074 0.158637 0.163105 0.167474 0.171742 0.175907 0.179966 0.183917 0.187756 0.191483 0.195094 0.198587 0.201961 0.205214 0.208342 0.211345 0.214221 0.216968 0.219584 0.222067 0.224417 0.226632 0.22871 0.230651 0.232452 0.234113 0.235634 0.237012 0.238248 0.23934 0.240287 0.24109 0.241748 0.24226 0.242627 0.242847 0.24292 0.242848 0.242629 0.242264 0.241753 0.241096 0.240294 0.239348 0.238257 0.237022 0.235645 0.234126 0.232466 0.230665 0.228726 0.226649 0.224436 0.222087 0.219604 0.216989 0.214244 0.211369 0.208367 0.20524 0.201989 0.198616 0.195123 0.191513 0.187788 0.183949 0.18 0.175942 0.171778 0.167511 0.163143 0.158676 0.154114 0.149459 0.144714 0.139882 0.134966 0.129968 0.124892 0.119741 0.114518 0.109225 0.103867 0.0984465 0.0929665 0.0874305 0.0818418 0.0762038 0.0705199 0.0647935 0.059028 0.053227 0.047394 0.0415324 0.0356458 0.0297377 0.0238117 0.0178713 0.0119202 0.00596189 2.97565e-17 
-6.97028e-05 0.00647634 0.0130183 0.0195522 0.0260742 0.0325804 0.0390668 0.0455296 0.0519648 0.0583687 0.0647374 0.071067 0.0773538 0.0835939 0.0897837 0.0959193 0.101997 0.108013 0.113965 0.119847 0.125658 0.131392 0.137048 0.142621 0.148108 0.153506 0.158811 0.16402 0.169131 0.17414 0.179044 0.18384 0.188525 0.193097 0.197552 0.201889 0.206103 0.210194 0.214158 0.217992 0.221696 0.225266 0.2287 0.231997 0.235153 0.238168 0.24104 0.243766 0.246345 0.248776 0.251058 0.253187 0.255165 0.256988 0.258657 0.26017 0.261526 0.262725 0.263765 0.264647 0.265369 0.265931 0.266333 0.266574 0.266655 0.266575 0.266335 0.265934 0.265373 0.264652 0.263772 0.262733 0.261535 0.26018 0.258669 0.257001 0.255178 0.253202 0.251074 0.248794 0.246364 0.243785 0.24106 0.23819 0.235176 0.23202 0.228725 0.225292 0.221723 0.218021 0.214187 0.210224 0.206135 0.201921 0.197586 0.193132 0.188561 0.183877 0.179082 0.174179 0.169171 0.164062 0.158853 0.153549 0.148152 0.142666 0.137094 0.13144 0.125706 0.119897 0.114015 0.108065 0.102049 0.0959725 0.0898378 0.0836489 0.0774097 0.0711238 0.0647951 0.0584274 0.0520244 0.0455901 0.0391284 0.0326431 0.0261381 0.0196174 0.0130848 0.00654437 3.26629e-17 
-7.12016e-05 0.00705339 0.0141736 0.0212851 0.0283836 0.0354649 0.0425247 0.0495588 0.0565629 0.0635329 0.0704646 0.0773538 0.0841963 0.0909881 0.097725 0.104403 0.111018 0.117566 0.124044 0.130446 0.13677 0.143012 0.149167 0.155233 0.161205 0.16708 0.172854 0.178524 0.184086 0.189538 0.194875 0.200095 0.205194 0.21017 0.215019 0.219739 0.224326 0.228778 0.233092 0.237266 0.241297 0.245183 0.24892 0.252508 0.255944 0.259225 0.26235 0.265318 0.268125 0.270771 0.273254 0.275572 0.277724 0.279708 0.281525 0.283171 0.284647 0.285952 0.287084 0.288043 0.288829 0.289441 0.289878 0.290141 0.290229 0.290142 0.289881 0.289444 0.288834 0.288049 0.287091 0.28596 0.284656 0.283182 0.281536 0.279721 0.277737 0.275586 0.27327 0.270788 0.268143 0.265337 0.262371 0.259247 0.255966 0.252532 0.248945 0.245209 0.241324 0.237295 0.233122 0.228809 0.224358 0.219772 0.215053 0.210205 0.205231 0.200132 0.194913 0.189577 0.184127 0.178565 0.172896 0.167123 0.161249 0.155278 0.149214 0.14306 0.136819 0.130496 0.124094 0.117618 0.111071 0.104457 0.0977796 0.0910437 0.0842529 0.0774113 0.0705231 0.0635925 0.0566235 0.0496204 0.0425874 0.0355288 0.0284487 0.0213516 0.0142415 0.00712291 3.55496e-17 
-7.25753e-05 0.00762628 0.0153204 0.0230051 0.0306759 0.038328 0.045957 0.0535581 0.0611269 0.0686589 0.0761494 0.0835939 0.0909881 0.0983273 0.105607 0.112824 0.119972 0.127048 0.134048 0.140966 0.1478 0.154545 0.161196 0.167751 0.174204 0.180553 0.186792 0.192919 0.19893 0.204821 0.210589 0.21623 0.22174 0.227117 0.232357 0.237457 0.242414 0.247225 0.251887 0.256397 0.260753 0.264951 0.26899 0.272867 0.27658 0.280126 0.283503 0.286709 0.289743 0.292602 0.295285 0.29779 0.300115 0.30226 0.304223 0.306002 0.307597 0.309007 0.31023 0.311267 0.312116 0.312777 0.313249 0.313533 0.313628 0.313535 0.313252 0.31278 0.31212 0.311272 0.310237 0.309015 0.307606 0.306012 0.304234 0.302273 0.300129 0.297805 0.295301 0.292619 0.289761 0.286729 0.283524 0.280148 0.276603 0.272891 0.269015 0.264978 0.26078 0.256425 0.251916 0.247256 0.242446 0.23749 0.232391 0.227152 0.221776 0.216267 0.210627 0.204861 0.198971 0.192961 0.186835 0.180597 0.174249 0.167797 0.161243 0.154593 0.147849 0.141016 0.134099 0.1271 0.120025 0.112878 0.105663 0.0983836 0.0910453 0.0836522 0.0762087 0.0687193 0.0611884 0.0536208 0.0460208 0.0383931 0.0307423 0.0230729 0.0153897 0.00769715 3.84149e-17 
-7.38415e-05 0.00819463 0.016458 0.0247114 0.0329497 0.0411681 0.0493616 0.0575252 0.0656541 0.0737434 0.0817882 0.0897837 0.097725 0.105607 0.113426 0.121176 0.128854 0.136453 0.143971 0.151402 0.158741 0.165985 0.173129 0.180168 0.187099 0.193917 0.200618 0.207199 0.213655 0.219981 0.226176 0.232234 0.238152 0.243927 0.249554 0.255032 0.260356 0.265522 0.270529 0.275373 0.280051 0.28456 0.288898 0.293062 0.297049 0.300858 0.304485 0.307928 0.311186 0.314257 0.317138 0.319828 0.322326 0.324629 0.326737 0.328648 0.330361 0.331875 0.333189 0.334302 0.335214 0.335924 0.336432 0.336737 0.336839 0.336738 0.336434 0.335928 0.335219 0.334308 0.333196 0.331883 0.33037 0.328658 0.326749 0.324642 0.32234 0.319843 0.317154 0.314274 0.311205 0.307948 0.304505 0.300879 0.297072 0.293086 0.288924 0.284587 0.280079 0.275402 0.270559 0.265553 0.260388 0.255065 0.249589 0.243962 0.238188 0.232271 0.226214 0.220021 0.213695 0.207241 0.200661 0.193961 0.187144 0.180214 0.173176 0.166033 0.15879 0.151452 0.144022 0.136506 0.128907 0.121231 0.113482 0.105664 0.0977829 0.0898426 0.0818483 0.0738046 0.0657165 0.0575888 0.0494264 0.0412343 0.0330173 0.0247804 0.0165285 0.00826676 4.12571e-17 
-7.50141e-05 0.0087581 0.0175858 0.0264028 0.0352038 0.0439834 0.0527365 0.0614577 0.0701418 0.0787835 0.0873778 0.0959193 0.104403 0.112824 0.121176 0.129456 0.137658 0.145777 0.153807 0.161746 0.169586 0.177325 0.184956 0.192477 0.199881 0.207165 0.214324 0.221354 0.22825 0.235009 0.241626 0.248098 0.254421 0.26059 0.266602 0.272453 0.27814 0.28366 0.289009 0.294184 0.299181 0.303998 0.308632 0.31308 0.31734 0.321408 0.325283 0.328962 0.332442 0.335723 0.338801 0.341674 0.344343 0.346803 0.349055 0.351096 0.352926 0.354544 0.355947 0.357136 0.358111 0.358869 0.359411 0.359737 0.359846 0.359738 0.359414 0.358872 0.358115 0.357142 0.355954 0.354552 0.352935 0.351107 0.349066 0.346816 0.344356 0.341689 0.338817 0.33574 0.332461 0.328981 0.325304 0.32143 0.317363 0.313104 0.308657 0.304025 0.299208 0.294212 0.289039 0.283691 0.278172 0.272486 0.266636 0.260625 0.254457 0.248136 0.241665 0.235049 0.228291 0.221396 0.214367 0.207209 0.199926 0.192523 0.185004 0.177373 0.169636 0.161796 0.153859 0.14583 0.137712 0.129511 0.121233 0.112881 0.104462 0.095979 0.0874386 0.0788456 0.070205 0.0615222 0.0528023 0.0440506 0.0352724 0.0264729 0.0176575 0.00883139 4.40744e-17 
-7.6104e-05 0.00931632 0.018703 0.0280783 0.0374366 0.0467723 0.0560796 0.0653531 0.0745872 0.0837762 0.0929147 0.101997 0.111018 0.119972 0.128854 0.137658 0.146379 0.155012 0.163551 0.171992 0.180329 0.188558 0.196673 0.204669 0.212542 0.220287 0.2279 0.235375 0.242708 0.249895 0.256931 0.263813 0.270536 0.277095 0.283488 0.28971 0.295757 0.301627 0.307314 0.312817 0.31813 0.323253 0.32818 0.33291 0.337439 0.341765 0.345885 0.349797 0.353498 0.356986 0.360259 0.363315 0.366152 0.368768 0.371162 0.373333 0.375279 0.376998 0.378491 0.379756 0.380791 0.381598 0.382174 0.38252 0.382636 0.382522 0.382176 0.381601 0.380796 0.379761 0.378498 0.377006 0.375288 0.373343 0.371174 0.368781 0.366165 0.36333 0.360275 0.357003 0.353516 0.349816 0.345906 0.341787 0.337462 0.332934 0.328205 0.323279 0.318158 0.312845 0.307344 0.301658 0.29579 0.289743 0.283522 0.277131 0.270572 0.263851 0.25697 0.249935 0.242749 0.235417 0.227943 0.220332 0.212588 0.204716 0.196721 0.188607 0.180379 0.172043 0.163603 0.155065 0.146433 0.137713 0.128911 0.12003 0.111077 0.102057 0.0929762 0.083839 0.0746512 0.0654185 0.0561463 0.0468404 0.0375062 0.0281494 0.0187757 0.00939069 4.68652e-17 
-7.71202e-05 0.00986896 0.019809 0.029737 0.0396469 0.0495329 0.059389 0.0692092 0.0789876 0.0887183 0.0983956 0.108013 0.117566 0.127048 0.136453 0.145777 0.155012 0.164153 0.173196 0.182135 0.190964 0.199677 0.208271 0.216738 0.225076 0.233277 0.241338 0.249254 0.25702 0.26463 0.272081 0.279369 0.286488 0.293434 0.300204 0.306792 0.313196 0.319412 0.325434 0.331261 0.336888 0.342312 0.34753 0.352539 0.357335 0.361916 0.366279 0.370421 0.37434 0.378034 0.3815 0.384736 0.38774 0.390511 0.393046 0.395345 0.397405 0.399226 0.400807 0.402146 0.403243 0.404096 0.404707 0.405074 0.405196 0.405075 0.404709 0.4041 0.403247 0.402151 0.400814 0.399234 0.397414 0.395355 0.393058 0.390523 0.387754 0.384751 0.381516 0.378051 0.374359 0.370441 0.3663 0.361938 0.357358 0.352563 0.347556 0.342339 0.336916 0.33129 0.325464 0.319443 0.313229 0.306826 0.300238 0.29347 0.286525 0.279407 0.272121 0.26467 0.257061 0.249297 0.241382 0.233322 0.225122 0.216785 0.208319 0.199726 0.191014 0.182186 0.173249 0.164207 0.155067 0.145833 0.136511 0.127107 0.117626 0.108074 0.0984578 0.0887819 0.0790524 0.0692754 0.0594566 0.049602 0.0397175 0.0298091 0.0198827 0.00994434 4.96277e-17 
-7.80701e-05 0.0104157 0.0209031 0.0313777 0.0418334 0.0522638 0.0626626 0.0730235 0.0833404 0.0936071 0.103817 0.113965 0.124044 0.134048 0.143971 0.153807 0.163551 0.173196 0.182737 0.192168 0.201483 0.210676 0.219743 0.228677 0.237473 0.246127 0.254632 0.262983 0.271176 0.279206 0.287068 0.294756 0.302267 0.309596 0.316739 0.32369 0.330447 0.337004 0.343358 0.349506 0.355443 0.361166 0.366671 0.371956 0.377016 0.381849 0.386452 0.390823 0.394957 0.398854 0.402511 0.405925 0.409095 0.412018 0.414693 0.417118 0.419292 0.421213 0.422881 0.424294 0.425451 0.426352 0.426996 0.427383 0.427512 0.427384 0.426998 0.426355 0.425455 0.424299 0.422888 0.421221 0.419301 0.417129 0.414705 0.412031 0.409109 0.40594 0.402527 0.398872 0.394976 0.390842 0.386473 0.381871 0.377039 0.37198 0.366697 0.361192 0.355471 0.349535 0.343388 0.337035 0.330479 0.323724 0.316773 0.309632 0.302304 0.294794 0.287107 0.279247 0.271218 0.263026 0.254675 0.246172 0.23752 0.228724 0.219791 0.210726 0.201534 0.19222 0.18279 0.173251 0.163607 0.153864 0.144029 0.134107 0.124104 0.114026 0.10388 0.0936713 0.083406 0.0730905 0.062731 0.0523336 0.0419048 0.0314507 0.0209777 0.010492 5.23604e-17 
-7.89595e-05 0.0109561 0.0219845 0.0329996 0.0439947 0.0549631 0.0658984 0.0767939 0.0876431 0.0984394 0.109176 0.119847 0.130446 0.140966 0.151402 0.161746 0.171992 0.182135 0.192168 0.202085 0.211881 0.221548 0.231083 0.240478 0.249728 0.258828 0.267772 0.276554 0.28517 0.293614 0.301881 0.309966 0.317865 0.325572 0.333082 0.340393 0.347498 0.354393 0.361076 0.36754 0.373784 0.379802 0.385591 0.391148 0.396469 0.401552 0.406393 0.410988 0.415336 0.419434 0.42328 0.42687 0.430203 0.433277 0.43609 0.43864 0.440926 0.442947 0.4447 0.446186 0.447403 0.44835 0.449027 0.449434 0.44957 0.449435 0.44903 0.448354 0.447407 0.446192 0.444707 0.442955 0.440936 0.438651 0.436102 0.43329 0.430217 0.426885 0.423296 0.419452 0.415355 0.411008 0.406413 0.401574 0.396493 0.391172 0.385617 0.379828 0.373811 0.367569 0.361106 0.354425 0.34753 0.340426 0.333117 0.325607 0.317902 0.310004 0.30192 0.293654 0.285211 0.276597 0.267816 0.258873 0.249774 0.240525 0.231131 0.221598 0.211932 0.202137 0.192221 0.182189 0.172048 0.161803 0.15146 0.141026 0.130507 0.11991 0.10924 0.0985042 0.0877093 0.0768616 0.0659676 0.0550338 0.0440669 0.0330734 0.02206 0.0110333 5.50615e-17 
-7.97936e-05 0.01149 0.0230528 0.0346016 0.0461294 0.0576294 0.0690946 0.080518 0.0918929 0.103212 0.11447 0.125658 0.13677 0.1478 0.158741 0.169586 0.180329 0.190964 0.201483 0.211881 0.222151 0.232287 0.242283 0.252134 0.261832 0.271373 0.28075 0.289958 0.298991 0.307845 0.316512 0.324989 0.33327 0.341351 0.349226 0.35689 0.364339 0.371569 0.378575 0.385353 0.391899 0.398209 0.404279 0.410105 0.415684 0.421013 0.426088 0.430906 0.435465 0.439762 0.443793 0.447558 0.451052 0.454275 0.457224 0.459898 0.462295 0.464413 0.466252 0.467809 0.469085 0.470078 0.470788 0.471215 0.471357 0.471216 0.470791 0.470082 0.46909 0.467815 0.466259 0.464421 0.462304 0.459909 0.457236 0.454288 0.451066 0.447573 0.44381 0.439779 0.435484 0.430926 0.426109 0.421035 0.415707 0.410129 0.404304 0.398235 0.391927 0.385382 0.378605 0.371601 0.364372 0.356924 0.34926 0.341387 0.333308 0.325028 0.316552 0.307885 0.299033 0.290001 0.280794 0.271418 0.261879 0.252182 0.242332 0.232337 0.222202 0.211933 0.201537 0.191019 0.180386 0.169644 0.1588 0.14786 0.136832 0.125721 0.114534 0.103278 0.0919598 0.0805864 0.0691644 0.0577008 0.0462024 0.0346762 0.0231291 0.011568 5.77295e-17 
-8.05765e-05 0.0120169 0.0241071 0.0361827 0.0482364 0.0602609 0.0722491 0.0841936 0.0960874 0.107923 0.119694 0.131392 0.143012 0.154545 0.165985 0.177325 0.188558 0.199677 0.210676 0.221548 0.232287 0.242886 0.253338 0.263638 0.273779 0.283754 0.293559 0.303187 0.312633 0.32189 0.330953 0.339817 0.348475 0.356924 0.365158 0.373172 0.380962 0.388521 0.395847 0.402934 0.409778 0.416376 0.422723 0.428815 0.434648 0.44022 0.445527 0.450565 0.455332 0.459824 0.46404 0.467976 0.47163 0.475 0.478083 0.480879 0.483385 0.4856 0.487522 0.489151 0.490485 0.491523 0.492266 0.492712 0.492861 0.492713 0.492268 0.491527 0.49049 0.489157 0.487529 0.485608 0.483394 0.48089 0.478095 0.475012 0.471644 0.467991 0.464056 0.459842 0.45535 0.450585 0.445548 0.440242 0.434671 0.428839 0.422748 0.416403 0.409806 0.402963 0.395877 0.388553 0.380994 0.373206 0.365193 0.356961 0.348513 0.339855 0.330992 0.321931 0.312675 0.303231 0.293604 0.2838 0.273825 0.263686 0.253387 0.242936 0.232339 0.221601 0.21073 0.199733 0.188614 0.177383 0.166044 0.154605 0.143074 0.131456 0.119759 0.107989 0.0961549 0.0842627 0.0723196 0.060333 0.0483101 0.0362581 0.0241842 0.0120957 6.03626e-17 
-8.13117e-05 0.0125366 0.025147 0.037742 0.0503143 0.0628561 0.07536 0.0878185 0.100224 0.112569 0.124846 0.137048 0.149167 0.161196 0.173129 0.184956 0.196673 0.208271 0.219743 0.231083 0.242283 0.253338 0.26424 0.274983 0.28556 0.295965 0.306192 0.316234 0.326086 0.335741 0.345194 0.354439 0.363471 0.372283 0.380871 0.38923 0.397354 0.405239 0.41288 0.420272 0.427411 0.434292 0.440912 0.447266 0.453351 0.459162 0.464697 0.469952 0.474924 0.47961 0.484006 0.488112 0.491923 0.495438 0.498654 0.50157 0.504184 0.506494 0.508499 0.510198 0.511589 0.512672 0.513447 0.513912 0.514067 0.513913 0.513449 0.512676 0.511594 0.510204 0.508506 0.506502 0.504193 0.501581 0.498666 0.495451 0.491937 0.488127 0.484023 0.479627 0.474942 0.469972 0.464718 0.459184 0.453374 0.44729 0.440937 0.434319 0.427439 0.420301 0.41291 0.405271 0.397387 0.389264 0.380906 0.372319 0.363508 0.354478 0.345234 0.335782 0.326128 0.316277 0.306236 0.296011 0.285607 0.275031 0.26429 0.253389 0.242335 0.231136 0.219797 0.208326 0.19673 0.185015 0.173188 0.161258 0.14923 0.137112 0.124911 0.112636 0.100292 0.0878881 0.0754313 0.0629289 0.0503887 0.0378181 0.0252247 0.0126162 6.29594e-17 
-8.20022e-05 0.0130488 0.0261716 0.0392786 0.0523619 0.0654135 0.0784256 0.0913904 0.1043 0.117147 0.129923 0.142621 0.155233 0.167751 0.180168 0.192477 0.204669 0.216738 0.228677 0.240478 0.252134 0.263638 0.274983 0.286162 0.297169 0.307997 0.31864 0.32909 0.339342 0.34939 0.359227 0.368848 0.378247 0.387417 0.396355 0.405053 0.413508 0.421713 0.429664 0.437357 0.444786 0.451947 0.458836 0.465448 0.47178 0.477828 0.483587 0.489056 0.49423 0.499106 0.503682 0.507954 0.51192 0.515578 0.518925 0.521959 0.524679 0.527083 0.52917 0.530937 0.532385 0.533512 0.534318 0.534802 0.534964 0.534803 0.53432 0.533516 0.53239 0.530943 0.529177 0.527091 0.524688 0.52197 0.518936 0.51559 0.511934 0.507969 0.503698 0.499124 0.494248 0.489076 0.483608 0.47785 0.471803 0.465472 0.458861 0.451974 0.444814 0.437386 0.429695 0.421745 0.41354 0.405087 0.39639 0.387454 0.378284 0.368887 0.359267 0.349431 0.339385 0.329134 0.318685 0.308043 0.297217 0.286211 0.275033 0.263689 0.252186 0.240531 0.228732 0.216795 0.204727 0.192535 0.180228 0.167812 0.155296 0.142685 0.129989 0.117214 0.104369 0.0914607 0.0784974 0.0654869 0.0524369 0.0393554 0.0262501 0.013129 6.55183e-17 
-8.26505e-05 0.0135531 0.0271805 0.0407916 0.0543779 0.0679314 0.0814439 0.0949073 0.108313 0.121654 0.134922 0.148108 0.161205 0.174204 0.187099 0.199881 0.212542 0.225076 0.237473 0.249728 0.261832 0.273779 0.28556 0.297169 0.3086 0.319844 0.330896 0.341748 0.352394 0.362829 0.373044 0.383035 0.392795 0.402318 0.411599 0.420632 0.429412 0.437933 0.44619 0.454178 0.461893 0.469329 0.476483 0.483349 0.489925 0.496205 0.502186 0.507865 0.513238 0.518302 0.523053 0.52749 0.531608 0.535407 0.538882 0.542034 0.544858 0.547355 0.549521 0.551357 0.552861 0.554031 0.554868 0.55537 0.555538 0.555371 0.55487 0.554035 0.552865 0.551363 0.549528 0.547363 0.544868 0.542044 0.538894 0.535419 0.531622 0.527505 0.52307 0.518319 0.513257 0.507885 0.502207 0.496227 0.489948 0.483374 0.476508 0.469356 0.461921 0.454207 0.44622 0.437964 0.429445 0.420666 0.411634 0.402355 0.392832 0.383074 0.373084 0.36287 0.352437 0.341792 0.330941 0.31989 0.308647 0.297218 0.28561 0.27383 0.261885 0.249782 0.237529 0.225132 0.2126 0.19994 0.18716 0.174266 0.161268 0.148173 0.134988 0.121722 0.108383 0.0949781 0.0815163 0.0680054 0.0544536 0.0408689 0.0272596 0.0136339 6.80377e-17 
-8.32589e-05 0.0140492 0.0281731 0.0422799 0.0563612 0.0704084 0.0844132 0.098367 0.112262 0.126088 0.139839 0.153506 0.16708 0.180553 0.193917 0.207165 0.220287 0.233277 0.246127 0.258828 0.271373 0.283754 0.295965 0.307997 0.319844 0.331498 0.342952 0.3542 0.365234 0.376048 0.386636 0.396991 0.407106 0.416977 0.426596 0.435958 0.445057 0.453888 0.462446 0.470726 0.478721 0.486429 0.493843 0.50096 0.507775 0.514284 0.520483 0.526369 0.531937 0.537185 0.54211 0.546708 0.550976 0.554913 0.558516 0.561782 0.564709 0.567296 0.569542 0.571445 0.573003 0.574216 0.575083 0.575604 0.575778 0.575605 0.575085 0.574219 0.573007 0.57145 0.569549 0.567305 0.564718 0.561792 0.558527 0.554926 0.55099 0.546723 0.542126 0.537203 0.531956 0.526388 0.520504 0.514306 0.507798 0.500984 0.493869 0.486456 0.478749 0.470755 0.462477 0.45392 0.44509 0.435992 0.426631 0.417013 0.407144 0.39703 0.386676 0.37609 0.365277 0.354244 0.342997 0.331544 0.319892 0.308046 0.296015 0.283806 0.271426 0.258882 0.246182 0.233334 0.220346 0.207224 0.193978 0.180615 0.167143 0.153571 0.139906 0.126157 0.112331 0.0984383 0.0844861 0.070483 0.0564374 0.0423578 0.0282527 0.0141306 7.05162e-17 
-8.38291e-05 0.0145368 0.0291486 0.0437428 0.0583105 0.072843 0.0873316 0.101767 0.116142 0.130446 0.144672 0.158811 0.172854 0.186792 0.200618 0.214324 0.2279 0.241338 0.254632 0.267772 0.28075 0.293559 0.306192 0.31864 0.330896 0.342952 0.354802 0.366439 0.377854 0.389042 0.399995 0.410708 0.421173 0.431384 0.441335 0.451021 0.460434 0.469571 0.478424 0.48699 0.495262 0.503235 0.510905 0.518268 0.525318 0.532052 0.538466 0.544555 0.550316 0.555745 0.56084 0.565597 0.570013 0.574085 0.577812 0.581191 0.58422 0.586896 0.58922 0.591188 0.5928 0.594055 0.594952 0.595491 0.595671 0.595492 0.594954 0.594058 0.592805 0.591194 0.589227 0.586905 0.584229 0.581201 0.577824 0.574098 0.570027 0.565612 0.560856 0.555763 0.550334 0.544575 0.538487 0.532075 0.525342 0.518293 0.510931 0.503262 0.49529 0.487019 0.478455 0.469603 0.460467 0.451055 0.441371 0.43142 0.42121 0.410747 0.400035 0.389083 0.377897 0.366483 0.354848 0.342999 0.330944 0.318689 0.306242 0.293611 0.280803 0.267826 0.254687 0.241396 0.227958 0.214384 0.20068 0.186855 0.172918 0.158876 0.144739 0.130515 0.116212 0.101839 0.087405 0.0729181 0.0583872 0.0438212 0.0292288 0.0146188 7.29521e-17 
-8.43626e-05 0.0150157 0.0301066 0.0451793 0.0602247 0.0752337 0.0901973 0.105107 0.119952 0.134726 0.149418 0.16402 0.178524 0.192919 0.207199 0.221354 0.235375 0.249254 0.262983 0.276554 0.289958 0.303187 0.316234 0.32909 0.341748 0.3542 0.366439 0.378456 0.390246 0.401801 0.413113 0.424177 0.434985 0.445531 0.455809 0.465812 0.475534 0.48497 0.494114 0.50296 0.511503 0.519738 0.52766 0.535264 0.542546 0.549501 0.556124 0.562413 0.568363 0.57397 0.579232 0.584145 0.588706 0.592912 0.596761 0.60025 0.603378 0.606143 0.608542 0.610575 0.61224 0.613536 0.614462 0.615019 0.615205 0.61502 0.614465 0.613539 0.612244 0.610581 0.608549 0.606151 0.603388 0.600261 0.596772 0.592925 0.58872 0.58416 0.579248 0.573988 0.568381 0.562433 0.556145 0.549523 0.542569 0.535289 0.527686 0.519765 0.511532 0.50299 0.494145 0.485002 0.475567 0.465846 0.455844 0.445568 0.435023 0.424216 0.413154 0.401842 0.390289 0.3785 0.366484 0.354247 0.341796 0.329139 0.316285 0.303239 0.290011 0.276609 0.263039 0.249311 0.235434 0.221414 0.207261 0.192983 0.178588 0.164086 0.149486 0.134795 0.120023 0.105179 0.0902712 0.0753092 0.0603019 0.0452582 0.0301873 0.0150982 7.53441e-17 
-8.48609e-05 0.0154855 0.0310464 0.0465885 0.0621025 0.077579 0.0930087 0.108382 0.123691 0.138924 0.154074 0.169131 0.184086 0.19893 0.213655 0.22825 0.242708 0.25702 0.271176 0.28517 0.298991 0.312633 0.326086 0.339342 0.352394 0.365234 0.377854 0.390246 0.402403 0.414318 0.425982 0.437391 0.448536 0.45941 0.470008 0.480322 0.490348 0.500078 0.509506 0.518628 0.527437 0.535929 0.544097 0.551938 0.559446 0.566618 0.573448 0.579932 0.586067 0.591849 0.597275 0.602341 0.607044 0.611381 0.61535 0.618948 0.622173 0.625024 0.627498 0.629594 0.631311 0.632647 0.633603 0.634176 0.634368 0.634178 0.633605 0.632651 0.631316 0.6296 0.627505 0.625032 0.622183 0.618959 0.615361 0.611394 0.607058 0.602356 0.597291 0.591867 0.586086 0.579952 0.573469 0.56664 0.55947 0.551963 0.544123 0.535956 0.527465 0.518657 0.509537 0.50011 0.490381 0.480357 0.470043 0.459447 0.448574 0.43743 0.426023 0.414359 0.402446 0.39029 0.3779 0.365281 0.352443 0.339392 0.326137 0.312685 0.299045 0.285225 0.271233 0.257077 0.242767 0.228311 0.213716 0.198994 0.184151 0.169198 0.154142 0.138994 0.123762 0.108455 0.0930831 0.077655 0.0621802 0.046668 0.0311276 0.0155685 7.76908e-17 
-8.53251e-05 0.0159459 0.0319675 0.0479697 0.063943 0.0798776 0.0957641 0.111593 0.127354 0.143039 0.158637 0.17414 0.189538 0.204821 0.219981 0.235009 0.249895 0.26463 0.279206 0.293614 0.307845 0.32189 0.335741 0.34939 0.362829 0.376048 0.389042 0.401801 0.414318 0.426585 0.438595 0.450341 0.461816 0.473012 0.483924 0.494544 0.504866 0.514884 0.524591 0.533983 0.543053 0.551796 0.560206 0.568279 0.57601 0.583393 0.590426 0.597102 0.603419 0.609372 0.614958 0.620174 0.625016 0.629482 0.633568 0.637273 0.640594 0.643529 0.646076 0.648234 0.650002 0.651378 0.652361 0.652952 0.653149 0.652953 0.652364 0.651381 0.650006 0.64824 0.646083 0.643537 0.640603 0.637283 0.63358 0.629495 0.62503 0.620189 0.614975 0.60939 0.603438 0.597122 0.590447 0.583416 0.576033 0.568304 0.560232 0.551823 0.543081 0.534013 0.524622 0.514916 0.504899 0.494578 0.483959 0.473049 0.461854 0.45038 0.438636 0.426627 0.414361 0.401845 0.389087 0.376095 0.362877 0.34944 0.335792 0.321942 0.307898 0.293669 0.279263 0.264688 0.249954 0.23507 0.220044 0.204885 0.189603 0.174207 0.158705 0.143109 0.127426 0.111666 0.0958388 0.0799541 0.0640211 0.0480496 0.0320492 0.0160294 7.99906e-17 
-8.57561e-05 0.0163968 0.0328693 0.049322 0.0657449 0.0821281 0.0984618 0.114736 0.130941 0.147067 0.163105 0.179044 0.194875 0.210589 0.226176 0.241626 0.256931 0.272081 0.287068 0.301881 0.316512 0.330953 0.345194 0.359227 0.373044 0.386636 0.399995 0.413113 0.425982 0.438595 0.450943 0.46302 0.474818 0.486329 0.497548 0.508467 0.51908 0.529379 0.53936 0.549017 0.558342 0.567331 0.575978 0.584278 0.592226 0.599818 0.607048 0.613912 0.620407 0.626528 0.632271 0.637634 0.642612 0.647203 0.651405 0.655214 0.658628 0.661646 0.664265 0.666483 0.668301 0.669716 0.670727 0.671334 0.671537 0.671335 0.670729 0.669719 0.668305 0.666489 0.664272 0.661654 0.658637 0.655224 0.651416 0.647216 0.642626 0.637649 0.632288 0.626545 0.620426 0.613932 0.607069 0.59984 0.59225 0.584303 0.576004 0.567358 0.55837 0.549046 0.539391 0.529411 0.519113 0.508501 0.497584 0.486366 0.474856 0.463059 0.450984 0.438637 0.426026 0.413158 0.400041 0.386683 0.373093 0.359277 0.345245 0.331005 0.316566 0.301936 0.287124 0.27214 0.256991 0.241687 0.226238 0.210653 0.194941 0.179111 0.163173 0.147137 0.131013 0.114809 0.0985369 0.0822049 0.0658234 0.0494023 0.0329514 0.0164807 8.22423e-17 
-8.61548e-05 0.0168377 0.0337513 0.0506445 0.0675072 0.0843291 0.1011 0.11781 0.134449 0.151007 0.167474 0.18384 0.200095 0.21623 0.232234 0.248098 0.263813 0.279369 0.294756 0.309966 0.324989 0.339817 0.354439 0.368848 0.383035 0.396991 0.410708 0.424177 0.437391 0.450341 0.46302 0.47542 0.487534 0.499354 0.510873 0.522084 0.532981 0.543556 0.553805 0.563719 0.573294 0.582524 0.591403 0.599925 0.608086 0.615881 0.623304 0.630353 0.637021 0.643306 0.649203 0.654709 0.659821 0.664535 0.668849 0.67276 0.676266 0.679364 0.682053 0.684331 0.686197 0.68765 0.688688 0.689312 0.68952 0.689313 0.688691 0.687653 0.686202 0.684337 0.68206 0.679372 0.676275 0.672771 0.668861 0.664548 0.659835 0.654724 0.649219 0.643323 0.63704 0.630373 0.623326 0.615903 0.60811 0.59995 0.591429 0.582551 0.573323 0.563749 0.553835 0.543588 0.533014 0.522118 0.510908 0.499391 0.487572 0.47546 0.463061 0.450383 0.437434 0.424222 0.410754 0.397038 0.383083 0.368898 0.35449 0.339869 0.325043 0.310022 0.294813 0.279427 0.263873 0.248159 0.232297 0.216294 0.200161 0.183907 0.167543 0.151078 0.134521 0.117884 0.101176 0.0844062 0.0675861 0.0507252 0.0338338 0.016922 8.44444e-17 
-8.65219e-05 0.0172685 0.034613 0.0519366 0.0692288 0.0864792 0.103677 0.120813 0.137876 0.154856 0.171742 0.188525 0.205194 0.22174 0.238152 0.254421 0.270536 0.286488 0.302267 0.317865 0.33327 0.348475 0.363471 0.378247 0.392795 0.407106 0.421173 0.434985 0.448536 0.461816 0.474818 0.487534 0.499956 0.512077 0.523889 0.535386 0.546561 0.557406 0.567915 0.578082 0.587901 0.597366 0.606471 0.61521 0.623579 0.631573 0.639186 0.646413 0.653252 0.659696 0.665744 0.67139 0.676632 0.681467 0.68589 0.689901 0.693496 0.696673 0.699431 0.701767 0.703681 0.70517 0.706235 0.706874 0.707088 0.706875 0.706237 0.705174 0.703685 0.701773 0.699438 0.696681 0.693505 0.689911 0.685902 0.681479 0.676646 0.671406 0.66576 0.659714 0.65327 0.646433 0.639207 0.631595 0.623603 0.615235 0.606497 0.597393 0.58793 0.578112 0.567946 0.557438 0.546594 0.535421 0.523925 0.512114 0.499994 0.487573 0.474859 0.461858 0.448579 0.43503 0.421219 0.407154 0.392844 0.378297 0.363522 0.348528 0.333325 0.31792 0.302324 0.286546 0.270596 0.254482 0.238215 0.221805 0.205261 0.188593 0.171812 0.154927 0.137949 0.120887 0.103753 0.0865567 0.069308 0.0520176 0.0346958 0.0173531 8.65956e-17 
