0 2.72914e-05 3.96686e-05 4.69717e-05 5.20705e-05 5.59892e-05 5.91762e-05 6.18633e-05 6.41861e-05 6.62308e-05 6.80559e-05 6.97028e-05 7.12016e-05 7.25753e-05 7.38415e-05 7.50141e-05 7.6104e-05 7.71202e-05 7.80701e-05 7.89595e-05 7.97936e-05 8.05765e-05 8.13117e-05 8.20022e-05 8.26505e-05 8.32589e-05 8.38291e-05 8.43626e-05 8.48609e-05 8.53251e-05 8.57561e-05 8.61548e-05 8.65219e-05 8.6858e-05 8.71636e-05 8.74392e-05 8.7685e-05 8.79015e-05 8.80888e-05 8.82471e-05 8.83767e-05 8.84776e-05 8.85499e-05 8.85937e-05 8.8609e-05 8.85959e-05 8.85544e-05 8.84845e-05 8.83862e-05 8.82595e-05 8.81043e-05 8.79206e-05 8.77085e-05 8.74678e-05 8.71986e-05 8.69009e-05 8.65745e-05 8.62196e-05 8.58361e-05 8.5424e-05 8.49833e-05 8.4514e-05 8.40162e-05 8.34899e-05 8.29351e-05 8.23519e-05 8.17404e-05 8.11005e-05 8.04325e-05 7.97365e-05 7.90125e-05 7.82606e-05 7.7481e-05 7.66739e-05 7.58395e-05 7.49778e-05 7.40892e-05 7.31737e-05 7.22317e-05 7.12634e-05 7.02689e-05 6.92487e-05 6.82029e-05 6.71319e-05 6.6036e-05 6.49154e-05 6.37706e-05 6.26018e-05 6.14095e-05 6.01939e-05 5.89556e-05 5.76948e-05 5.64121e-05 5.51078e-05 5.37824e-05 5.24363e-05 5.107e-05 4.9684e-05 4.82787e-05 4.68548e-05 4.54126e-05 4.39527e-05 4.24756e-05 4.09819e-05 3.94722e-05 3.79469e-05 3.64067e-05 3.48522e-05 3.32839e-05 3.17024e-05 3.01084e-05 2.85024e-05 2.68852e-05 2.52572e-05 2.36192e-05 2.19718e-05 2.03156e-05 1.86513e-05 1.69796e-05 1.53011e-05 1.36164e-05 1.19263e-05 1.02315e-05 8.5325e-06 6.83011e-06 5.12498e-06 3.4178e-06 1.70924e-06 0 
2.72914e-05 3.46881e-05 4.20848e-05 4.78926e-05 5.24189e-05 5.60535e-05 5.90646e-05 6.16242e-05 6.38444e-05 6.58007e-05 6.75464e-05 6.91195e-05 7.05489e-05 7.18561e-05 7.30582e-05 7.41686e-05 7.51979e-05 7.61549e-05 7.70467e-05 7.78793e-05 7.86576e-05 7.93857e-05 8.00672e-05 8.0705e-05 8.13016e-05 8.18591e-05 8.23795e-05 8.28643e-05 8.33148e-05 8.37322e-05 8.41175e-05 8.44715e-05 8.4795e-05 8.50886e-05 8.53529e-05 8.55882e-05 8.5795e-05 8.59735e-05 8.61241e-05 8.62469e-05 8.63422e-05 8.64101e-05 8.64506e-05 8.64639e-05 8.64501e-05 8.64092e-05 8.63411e-05 8.62461e-05 8.61239e-05 8.59747e-05 8.57985e-05 8.55952e-05 8.53648e-05 8.51073e-05 8.48227e-05 8.4511e-05 8.41721e-05 8.38061e-05 8.3413e-05 8.29927e-05 8.25454e-05 8.20709e-05 8.15694e-05 8.10408e-05 8.04852e-05 7.99027e-05 7.92934e-05 7.86572e-05 7.79944e-05 7.73049e-05 7.6589e-05 7.58466e-05 7.50781e-05 7.42834e-05 7.34628e-05 7.26165e-05 7.17446e-05 7.08473e-05 6.99248e-05 6.89774e-05 6.80053e-05 6.70088e-05 6.59881e-05 6.49434e-05 6.38752e-05 6.27836e-05 6.1669e-05 6.05318e-05 5.93722e-05 5.81907e-05 5.69876e-05 5.57633e-05 5.45181e-05 5.32525e-05 5.19669e-05 5.06618e-05 4.93375e-05 4.79945e-05 4.66333e-05 4.52544e-05 4.38582e-05 4.24453e-05 4.10161e-05 3.95711e-05 3.81109e-05 3.66361e-05 3.51471e-05 3.36445e-05 3.21289e-05 3.06008e-05 2.90608e-05 2.75095e-05 2.59475e-05 2.43754e-05 2.27938e-05 2.12032e-05 1.96044e-05 1.79979e-05 1.63843e-05 1.47642e-05 1.31384e-05 1.15075e-05 9.87196e-06 8.23258e-06 6.58995e-06 4.94474e-06 3.29757e-06 1.64911e-06 0 
3.96686e-05 4.20848e-05 4.60899e-05 5.0095e-05 5.36593e-05 5.67415e-05 5.94047e-05 6.17248e-05 6.37667e-05 6.55818e-05 6.72096e-05 6.86806e-05 7.00187e-05 7.12426e-05 7.23672e-05 7.34046e-05 7.43646e-05 7.52553e-05 7.60832e-05 7.68541e-05 7.75725e-05 7.82424e-05 7.88672e-05 7.94498e-05 7.99925e-05 8.04974e-05 8.09665e-05 8.14011e-05 8.18027e-05 8.21723e-05 8.25111e-05 8.28198e-05 8.30991e-05 8.33497e-05 8.35721e-05 8.37669e-05 8.39343e-05 8.40747e-05 8.41883e-05 8.42755e-05 8.43364e-05 8.43711e-05 8.43798e-05 8.43626e-05 8.43196e-05 8.42508e-05 8.41562e-05 8.4036e-05 8.389e-05 8.37184e-05 8.35211e-05 8.32982e-05 8.30496e-05 8.27753e-05 8.24753e-05 8.21496e-05 8.17982e-05 8.14212e-05 8.10185e-05 8.05901e-05 8.0136e-05 7.96563e-05 7.9151e-05 7.86201e-05 7.80638e-05 7.74819e-05 7.68747e-05 7.62421e-05 7.55843e-05 7.49013e-05 7.41933e-05 7.34604e-05 7.27026e-05 7.19203e-05 7.11134e-05 7.02822e-05 6.94268e-05 6.85474e-05 6.76443e-05 6.67176e-05 6.57675e-05 6.47944e-05 6.37984e-05 6.27799e-05 6.1739e-05 6.06761e-05 5.95914e-05 5.84854e-05 5.73582e-05 5.62103e-05 5.5042e-05 5.38537e-05 5.26457e-05 5.14184e-05 5.01722e-05 4.89075e-05 4.76247e-05 4.63243e-05 4.50067e-05 4.36723e-05 4.23216e-05 4.0955e-05 3.95731e-05 3.81764e-05 3.67652e-05 3.53402e-05 3.39018e-05 3.24506e-05 3.09871e-05 2.95117e-05 2.80252e-05 2.6528e-05 2.50206e-05 2.35037e-05 2.19778e-05 2.04434e-05 1.89013e-05 1.73518e-05 1.57957e-05 1.42335e-05 1.26659e-05 1.10934e-05 9.51655e-06 7.93608e-06 6.35254e-06 4.76655e-06 3.17872e-06 1.58967e-06 0 
4.69717e-05 4.78926e-05 5.0095e-05 5.27385e-05 5.53822e-05 5.78487e-05 6.00884e-05 6.2104e-05 6.39165e-05 6.55508e-05 6.70302e-05 6.83753e-05 6.96035e-05 7.07292e-05 7.17644e-05 7.27192e-05 7.36019e-05 7.44196e-05 7.51782e-05 7.58826e-05 7.65373e-05 7.71457e-05 7.7711e-05 7.8236e-05 7.87227e-05 7.91734e-05 7.95896e-05 7.99728e-05 8.03244e-05 8.06454e-05 8.09368e-05 8.11994e-05 8.1434e-05 8.16411e-05 8.18214e-05 8.19751e-05 8.21029e-05 8.22049e-05 8.22815e-05 8.23328e-05 8.23592e-05 8.23607e-05 8.23375e-05 8.22898e-05 8.22175e-05 8.21208e-05 8.19997e-05 8.18543e-05 8.16846e-05 8.14906e-05 8.12723e-05 8.10297e-05 8.07629e-05 8.04718e-05 8.01564e-05 7.98168e-05 7.9453e-05 7.90649e-05 7.86526e-05 7.8216e-05 7.77552e-05 7.72703e-05 7.67612e-05 7.6228e-05 7.56707e-05 7.50895e-05 7.44842e-05 7.38552e-05 7.32023e-05 7.25257e-05 7.18255e-05 7.11018e-05 7.03548e-05 6.95845e-05 6.87912e-05 6.79749e-05 6.71358e-05 6.62742e-05 6.53901e-05 6.44838e-05 6.35556e-05 6.26056e-05 6.16341e-05 6.06412e-05 5.96274e-05 5.85928e-05 5.75378e-05 5.64625e-05 5.53674e-05 5.42528e-05 5.31189e-05 5.19662e-05 5.07949e-05 4.96054e-05 4.83981e-05 4.71734e-05 4.59317e-05 4.46733e-05 4.33987e-05 4.21084e-05 4.08027e-05 3.9482e-05 3.81469e-05 3.67977e-05 3.5435e-05 3.40593e-05 3.26709e-05 3.12705e-05 2.98584e-05 2.84353e-05 2.70015e-05 2.55577e-05 2.41044e-05 2.2642e-05 2.11712e-05 1.96924e-05 1.82063e-05 1.67133e-05 1.5214e-05 1.3709e-05 1.21988e-05 1.0684e-05 9.16525e-06 7.643e-06 6.11787e-06 4.59042e-06 3.06125e-06 1.53091e-06 0 
5.20705e-05 5.24189e-05 5.36593e-05 5.53822e-05 5.72826e-05 5.91833e-05 6.09968e-05 6.26871e-05 6.42455e-05 6.56755e-05 6.69862e-05 6.81883e-05 6.92922e-05 7.03077e-05 7.12435e-05 7.21074e-05 7.29059e-05 7.36448e-05 7.43291e-05 7.4963e-05 7.55504e-05 7.60943e-05 7.65976e-05 7.70627e-05 7.74916e-05 7.78863e-05 7.82483e-05 7.85789e-05 7.88795e-05 7.91509e-05 7.93942e-05 7.96102e-05 7.97995e-05 7.99627e-05 8.01003e-05 8.02128e-05 8.03006e-05 8.0364e-05 8.04033e-05 8.04188e-05 8.04105e-05 8.03788e-05 8.03236e-05 8.02453e-05 8.01438e-05 8.00192e-05 7.98716e-05 7.9701e-05 7.95075e-05 7.92911e-05 7.90518e-05 7.87897e-05 7.85047e-05 7.81969e-05 7.78662e-05 7.75127e-05 7.71363e-05 7.67372e-05 7.63153e-05 7.58705e-05 7.54031e-05 7.49128e-05 7.43999e-05 7.38644e-05 7.33062e-05 7.27254e-05 7.21221e-05 7.14964e-05 7.08484e-05 7.01781e-05 6.94856e-05 6.8771e-05 6.80345e-05 6.72762e-05 6.64962e-05 6.56946e-05 6.48717e-05 6.40275e-05 6.31623e-05 6.22762e-05 6.13695e-05 6.04424e-05 5.9495e-05 5.85276e-05 5.75405e-05 5.65339e-05 5.55081e-05 5.44633e-05 5.33999e-05 5.23181e-05 5.12182e-05 5.01006e-05 4.89656e-05 4.78136e-05 4.66448e-05 4.54596e-05 4.42584e-05 4.30416e-05 4.18096e-05 4.05628e-05 3.93015e-05 3.80262e-05 3.67373e-05 3.54352e-05 3.41204e-05 3.27933e-05 3.14544e-05 3.01041e-05 2.8743e-05 2.73714e-05 2.59898e-05 2.45988e-05 2.31989e-05 2.17904e-05 2.0374e-05 1.89502e-05 1.75194e-05 1.60822e-05 1.4639e-05 1.31905e-05 1.17372e-05 1.02795e-05 8.81806e-06 7.35336e-06 5.88594e-06 4.41636e-06 2.94514e-06 1.47284e-06 1.54074e-33 
5.59892e-05 5.60535e-05 5.67415e-05 5.78487e-05 5.91833e-05 6.0606e-05 6.20291e-05 6.34033e-05 6.47039e-05 6.59209e-05 6.70524e-05 6.81009e-05 6.90709e-05 6.99677e-05 7.07967e-05 7.15631e-05 7.22718e-05 7.2927e-05 7.35329e-05 7.40927e-05 7.46096e-05 7.50864e-05 7.55254e-05 7.59286e-05 7.62981e-05 7.66354e-05 7.69418e-05 7.72188e-05 7.74674e-05 7.76885e-05 7.7883e-05 7.80517e-05 7.81952e-05 7.8314e-05 7.84087e-05 7.84797e-05 7.85274e-05 7.8552e-05 7.85539e-05 7.85332e-05 7.84903e-05 7.84252e-05 7.83381e-05 7.82291e-05 7.80983e-05 7.79459e-05 7.77718e-05 7.75761e-05 7.73588e-05 7.71201e-05 7.68599e-05 7.65782e-05 7.62751e-05 7.59505e-05 7.56045e-05 7.52371e-05 7.48483e-05 7.44382e-05 7.40066e-05 7.35537e-05 7.30795e-05 7.2584e-05 7.20673e-05 7.15293e-05 7.09701e-05 7.03898e-05 6.97884e-05 6.9166e-05 6.85227e-05 6.78585e-05 6.71736e-05 6.6468e-05 6.57419e-05 6.49954e-05 6.42285e-05 6.34415e-05 6.26344e-05 6.18075e-05 6.09609e-05 6.00948e-05 5.92094e-05 5.83048e-05 5.73813e-05 5.64391e-05 5.54784e-05 5.44994e-05 5.35025e-05 5.24878e-05 5.14557e-05 5.04063e-05 4.93401e-05 4.82572e-05 4.71581e-05 4.6043e-05 4.49122e-05 4.37661e-05 4.2605e-05 4.14293e-05 4.02393e-05 3.90354e-05 3.78181e-05 3.65876e-05 3.53444e-05 3.40888e-05 3.28213e-05 3.15424e-05 3.02523e-05 2.89516e-05 2.76407e-05 2.63201e-05 2.49901e-05 2.36513e-05 2.23041e-05 2.09489e-05 1.95863e-05 1.82167e-05 1.68407e-05 1.54586e-05 1.40709e-05 1.26783e-05 1.1281e-05 9.87979e-06 8.47499e-06 7.06715e-06 5.65677e-06 4.24436e-06 2.83042e-06 1.41546e-06 3.08149e-33 
5.91762e-05 5.90646e-05 5.94047e-05 6.00884e-05 6.09968e-05 6.20291e-05 6.31113e-05 6.41943e-05 6.52474e-05 6.62534e-05 6.72034e-05 6.80941e-05 6.8925e-05 6.96977e-05 7.04148e-05 7.10792e-05 7.16938e-05 7.22617e-05 7.27858e-05 7.32686e-05 7.37126e-05 7.412e-05 7.44926e-05 7.48324e-05 7.51409e-05 7.54194e-05 7.56693e-05 7.58917e-05 7.60874e-05 7.62575e-05 7.64026e-05 7.65236e-05 7.66208e-05 7.66949e-05 7.67464e-05 7.67756e-05 7.67829e-05 7.67685e-05 7.67329e-05 7.66761e-05 7.65983e-05 7.64999e-05 7.63807e-05 7.62411e-05 7.60811e-05 7.59008e-05 7.57002e-05 7.54794e-05 7.52385e-05 7.49775e-05 7.46963e-05 7.43951e-05 7.40739e-05 7.37327e-05 7.33714e-05 7.29902e-05 7.2589e-05 7.21678e-05 7.17267e-05 7.12656e-05 7.07847e-05 7.02838e-05 6.97632e-05 6.92227e-05 6.86625e-05 6.80826e-05 6.7483e-05 6.68639e-05 6.62252e-05 6.55671e-05 6.48896e-05 6.41929e-05 6.3477e-05 6.2742e-05 6.19882e-05 6.12155e-05 6.04242e-05 5.96143e-05 5.87861e-05 5.79396e-05 5.70752e-05 5.61929e-05 5.5293e-05 5.43756e-05 5.3441e-05 5.24893e-05 5.15209e-05 5.0536e-05 4.95348e-05 4.85175e-05 4.74845e-05 4.64359e-05 4.53722e-05 4.42936e-05 4.32004e-05 4.20929e-05 4.09714e-05 3.98363e-05 3.86878e-05 3.75265e-05 3.63525e-05 3.51663e-05 3.39682e-05 3.27586e-05 3.15379e-05 3.03064e-05 2.90647e-05 2.7813e-05 2.65518e-05 2.52814e-05 2.40024e-05 2.27152e-05 2.14201e-05 2.01176e-05 1.88081e-05 1.74921e-05 1.61701e-05 1.48424e-05 1.35096e-05 1.21721e-05 1.08304e-05 9.48487e-06 8.13605e-06 6.78438e-06 5.43035e-06 4.07443e-06 2.71707e-06 1.35877e-06 0 
6.18633e-05 6.16242e-05 6.17248e-05 6.2104e-05 6.26871e-05 6.34033e-05 6.41943e-05 6.50166e-05 6.58398e-05 6.66438e-05 6.7416e-05 6.81492e-05 6.88398e-05 6.94863e-05 7.00888e-05 7.06482e-05 7.1166e-05 7.16439e-05 7.20838e-05 7.24873e-05 7.28564e-05 7.31926e-05 7.34974e-05 7.37723e-05 7.40185e-05 7.42373e-05 7.44296e-05 7.45965e-05 7.47388e-05 7.48572e-05 7.49525e-05 7.50252e-05 7.50758e-05 7.51049e-05 7.51129e-05 7.51001e-05 7.50668e-05 7.50134e-05 7.49401e-05 7.48471e-05 7.47345e-05 7.46026e-05 7.44515e-05 7.42813e-05 7.40921e-05 7.38839e-05 7.36569e-05 7.34111e-05 7.31465e-05 7.28632e-05 7.25612e-05 7.22406e-05 7.19013e-05 7.15434e-05 7.11669e-05 7.07719e-05 7.03582e-05 6.99261e-05 6.94754e-05 6.90062e-05 6.85185e-05 6.80124e-05 6.74878e-05 6.69449e-05 6.63836e-05 6.5804e-05 6.52061e-05 6.45901e-05 6.3956e-05 6.33038e-05 6.26337e-05 6.19456e-05 6.12398e-05 6.05163e-05 5.97752e-05 5.90167e-05 5.82409e-05 5.74478e-05 5.66377e-05 5.58108e-05 5.49671e-05 5.41068e-05 5.32301e-05 5.23373e-05 5.14284e-05 5.05038e-05 4.95636e-05 4.8608e-05 4.76373e-05 4.66517e-05 4.56515e-05 4.46369e-05 4.36081e-05 4.25656e-05 4.15095e-05 4.04401e-05 3.93577e-05 3.82627e-05 3.71553e-05 3.60359e-05 3.49048e-05 3.37623e-05 3.26088e-05 3.14446e-05 3.02701e-05 2.90856e-05 2.78915e-05 2.66882e-05 2.54761e-05 2.42555e-05 2.30268e-05 2.17905e-05 2.05468e-05 1.92963e-05 1.80394e-05 1.67764e-05 1.55077e-05 1.42339e-05 1.29552e-05 1.16722e-05 1.03852e-05 9.09478e-06 7.80124e-06 6.50507e-06 5.2067e-06 3.90657e-06 2.60512e-06 1.30278e-06 0 
6.41861e-05 6.38444e-05 6.37667e-05 6.39165e-05 6.42455e-05 6.47039e-05 6.52474e-05 6.58398e-05 6.64534e-05 6.70681e-05 6.76701e-05 6.82499e-05 6.88017e-05 6.93221e-05 6.98092e-05 7.02625e-05 7.0682e-05 7.10684e-05 7.14224e-05 7.17452e-05 7.20379e-05 7.23016e-05 7.25374e-05 7.27463e-05 7.29294e-05 7.30875e-05 7.32216e-05 7.33324e-05 7.34206e-05 7.34869e-05 7.35318e-05 7.35559e-05 7.35597e-05 7.35435e-05 7.35078e-05 7.34528e-05 7.33789e-05 7.32864e-05 7.31754e-05 7.30461e-05 7.28987e-05 7.27334e-05 7.25503e-05 7.23495e-05 7.2131e-05 7.18951e-05 7.16417e-05 7.13709e-05 7.10827e-05 7.07772e-05 7.04545e-05 7.01144e-05 6.97572e-05 6.93827e-05 6.8991e-05 6.85822e-05 6.81562e-05 6.77131e-05 6.72528e-05 6.67755e-05 6.62811e-05 6.57696e-05 6.52411e-05 6.46956e-05 6.41332e-05 6.35539e-05 6.29578e-05 6.23448e-05 6.17151e-05 6.10688e-05 6.04058e-05 5.97264e-05 5.90305e-05 5.83183e-05 5.75898e-05 5.68452e-05 5.60847e-05 5.53082e-05 5.45161e-05 5.37083e-05 5.2885e-05 5.20465e-05 5.11928e-05 5.03242e-05 4.94408e-05 4.85428e-05 4.76304e-05 4.67038e-05 4.57633e-05 4.4809e-05 4.38411e-05 4.286e-05 4.18659e-05 4.08589e-05 3.98395e-05 3.88077e-05 3.7764e-05 3.67086e-05 3.56418e-05 3.45638e-05 3.3475e-05 3.23757e-05 3.12662e-05 3.01469e-05 2.9018e-05 2.78799e-05 2.67329e-05 2.55774e-05 2.44137e-05 2.32422e-05 2.20633e-05 2.08772e-05 1.96844e-05 1.84853e-05 1.72802e-05 1.60695e-05 1.48536e-05 1.36328e-05 1.24077e-05 1.11785e-05 9.94561e-06 8.70952e-06 7.4706e-06 6.22923e-06 4.98583e-06 3.7408e-06 2.49455e-06 1.24748e-06 3.08149e-33 
6.62308e-05 6.58007e-05 6.55818e-05 6.55508e-05 6.56755e-05 6.59209e-05 6.62534e-05 6.66438e-05 6.70681e-05 6.75079e-05 6.79491e-05 6.83817e-05 6.87985e-05 6.91948e-05 6.95676e-05 6.99148e-05 7.02357e-05 7.05299e-05 7.07974e-05 7.10386e-05 7.1254e-05 7.14444e-05 7.16103e-05 7.17525e-05 7.18717e-05 7.19686e-05 7.20439e-05 7.20981e-05 7.21318e-05 7.21456e-05 7.21399e-05 7.21152e-05 7.20718e-05 7.20102e-05 7.19307e-05 7.18335e-05 7.17189e-05 7.15871e-05 7.14383e-05 7.12728e-05 7.10906e-05 7.08919e-05 7.06769e-05 7.04455e-05 7.0198e-05 6.99343e-05 6.96546e-05 6.93589e-05 6.90472e-05 6.87196e-05 6.83761e-05 6.80167e-05 6.76416e-05 6.72506e-05 6.68438e-05 6.64212e-05 6.59829e-05 6.55289e-05 6.50591e-05 6.45736e-05 6.40724e-05 6.35556e-05 6.30232e-05 6.24752e-05 6.19116e-05 6.13325e-05 6.0738e-05 6.0128e-05 5.95027e-05 5.8862e-05 5.82062e-05 5.75351e-05 5.6849e-05 5.61479e-05 5.54319e-05 5.47011e-05 5.39557e-05 5.31956e-05 5.24211e-05 5.16322e-05 5.08292e-05 5.00121e-05 4.91811e-05 4.83364e-05 4.74781e-05 4.66064e-05 4.57215e-05 4.48236e-05 4.39128e-05 4.29894e-05 4.20536e-05 4.11055e-05 4.01455e-05 3.91738e-05 3.81905e-05 3.71959e-05 3.61904e-05 3.5174e-05 3.41472e-05 3.31102e-05 3.20632e-05 3.10066e-05 2.99406e-05 2.88655e-05 2.77817e-05 2.66894e-05 2.55889e-05 2.44806e-05 2.33648e-05 2.22417e-05 2.11119e-05 1.99755e-05 1.88329e-05 1.76845e-05 1.65306e-05 1.53715e-05 1.42077e-05 1.30394e-05 1.1867e-05 1.06909e-05 9.51153e-06 8.32913e-06 7.14412e-06 5.95686e-06 4.76774e-06 3.57712e-06 2.38537e-06 1.19287e-06 0 
6.80559e-05 6.75464e-05 6.72096e-05 6.70302e-05 6.69862e-05 6.70524e-05 6.72034e-05 6.7416e-05 6.76701e-05 6.79491e-05 6.824e-05 6.85327e-05 6.88197e-05 6.90953e-05 6.93558e-05 6.95983e-05 6.98212e-05 7.00234e-05 7.02043e-05 7.03636e-05 7.05015e-05 7.06181e-05 7.07137e-05 7.07888e-05 7.08437e-05 7.0879e-05 7.08951e-05 7.08924e-05 7.08713e-05 7.08324e-05 7.07759e-05 7.07022e-05 7.06116e-05 7.05045e-05 7.0381e-05 7.02415e-05 7.00862e-05 6.99152e-05 6.97287e-05 6.9527e-05 6.931e-05 6.9078e-05 6.88311e-05 6.85693e-05 6.82927e-05 6.80014e-05 6.76954e-05 6.73749e-05 6.70398e-05 6.66902e-05 6.63261e-05 6.59475e-05 6.55544e-05 6.5147e-05 6.47252e-05 6.42889e-05 6.38383e-05 6.33734e-05 6.28941e-05 6.24005e-05 6.18926e-05 6.13705e-05 6.08341e-05 6.02835e-05 5.97187e-05 5.91398e-05 5.85468e-05 5.79397e-05 5.73187e-05 5.66837e-05 5.60348e-05 5.5372e-05 5.46956e-05 5.40054e-05 5.33017e-05 5.25845e-05 5.18539e-05 5.111e-05 5.03529e-05 4.95828e-05 4.87997e-05 4.80038e-05 4.71952e-05 4.63741e-05 4.55406e-05 4.46949e-05 4.38371e-05 4.29674e-05 4.2086e-05 4.11931e-05 4.02889e-05 3.93735e-05 3.84472e-05 3.75101e-05 3.65626e-05 3.56047e-05 3.46368e-05 3.36591e-05 3.26718e-05 3.16752e-05 3.06695e-05 2.9655e-05 2.86319e-05 2.76006e-05 2.65612e-05 2.55141e-05 2.44595e-05 2.33978e-05 2.23292e-05 2.12541e-05 2.01727e-05 1.90853e-05 1.79923e-05 1.68939e-05 1.57906e-05 1.46825e-05 1.357e-05 1.24535e-05 1.13333e-05 1.02097e-05 9.08301e-06 7.95361e-06 6.82183e-06 5.68799e-06 4.55245e-06 3.41553e-06 2.27759e-06 1.13897e-06 0 
6.97028e-05 6.91195e-05 6.86806e-05 6.83753e-05 6.81883e-05 6.81009e-05 6.80941e-05 6.81492e-05 6.82499e-05 6.83817e-05 6.85327e-05 6.86935e-05 6.88564e-05 6.90156e-05 6.91668e-05 6.93068e-05 6.94331e-05 6.95442e-05 6.9639e-05 6.97168e-05 6.97772e-05 6.982e-05 6.98452e-05 6.9853e-05 6.98435e-05 6.9817e-05 6.97738e-05 6.97141e-05 6.96382e-05 6.95464e-05 6.9439e-05 6.93162e-05 6.91784e-05 6.90257e-05 6.88584e-05 6.86766e-05 6.84805e-05 6.82704e-05 6.80463e-05 6.78084e-05 6.75567e-05 6.72915e-05 6.70128e-05 6.67206e-05 6.64151e-05 6.60963e-05 6.57642e-05 6.54189e-05 6.50605e-05 6.4689e-05 6.43043e-05 6.39066e-05 6.34958e-05 6.3072e-05 6.26352e-05 6.21853e-05 6.17225e-05 6.12467e-05 6.0758e-05 6.02563e-05 5.97417e-05 5.92143e-05 5.86739e-05 5.81207e-05 5.75547e-05 5.69759e-05 5.63844e-05 5.57802e-05 5.51633e-05 5.45338e-05 5.38917e-05 5.32372e-05 5.25702e-05 5.18908e-05 5.11992e-05 5.04954e-05 4.97795e-05 4.90515e-05 4.83116e-05 4.75599e-05 4.67965e-05 4.60215e-05 4.5235e-05 4.44372e-05 4.36282e-05 4.28081e-05 4.19771e-05 4.11353e-05 4.0283e-05 3.94202e-05 3.85471e-05 3.7664e-05 3.67709e-05 3.58681e-05 3.49558e-05 3.40342e-05 3.31035e-05 3.21639e-05 3.12156e-05 3.02589e-05 2.92939e-05 2.8321e-05 2.73403e-05 2.63521e-05 2.53566e-05 2.43541e-05 2.33449e-05 2.23291e-05 2.13072e-05 2.02793e-05 1.92457e-05 1.82067e-05 1.71626e-05 1.61137e-05 1.50602e-05 1.40024e-05 1.29407e-05 1.18753e-05 1.08065e-05 9.7347e-06 8.66008e-06 7.58299e-06 6.50374e-06 5.42263e-06 4.33996e-06 3.25606e-06 2.17123e-06 1.08577e-06 6.16298e-33 
7.12016e-05 7.05489e-05 7.00187e-05 6.96035e-05 6.92922e-05 6.90709e-05 6.8925e-05 6.88398e-05 6.88017e-05 6.87985e-05 6.88197e-05 6.88564e-05 6.89014e-05 6.8949e-05 6.89946e-05 6.90346e-05 6.90664e-05 6.90879e-05 6.90976e-05 6.90946e-05 6.9078e-05 6.90474e-05 6.90025e-05 6.89432e-05 6.88693e-05 6.87811e-05 6.86786e-05 6.85618e-05 6.84311e-05 6.82865e-05 6.81282e-05 6.79565e-05 6.77714e-05 6.75732e-05 6.73621e-05 6.71381e-05 6.69014e-05 6.66522e-05 6.63906e-05 6.61166e-05 6.58304e-05 6.55321e-05 6.52217e-05 6.48993e-05 6.4565e-05 6.42188e-05 6.38607e-05 6.34909e-05 6.31093e-05 6.27159e-05 6.23108e-05 6.18941e-05 6.14656e-05 6.10255e-05 6.05738e-05 6.01105e-05 5.96355e-05 5.91489e-05 5.86508e-05 5.81411e-05 5.76198e-05 5.7087e-05 5.65427e-05 5.59869e-05 5.54196e-05 5.48409e-05 5.42508e-05 5.36493e-05 5.30365e-05 5.24124e-05 5.17771e-05 5.11306e-05 5.0473e-05 4.98043e-05 4.91246e-05 4.8434e-05 4.77325e-05 4.70203e-05 4.62974e-05 4.55639e-05 4.48199e-05 4.40655e-05 4.33008e-05 4.2526e-05 4.17411e-05 4.09463e-05 4.01417e-05 3.93275e-05 3.85038e-05 3.76707e-05 3.68284e-05 3.5977e-05 3.51168e-05 3.42479e-05 3.33704e-05 3.24845e-05 3.15905e-05 3.06885e-05 2.97787e-05 2.88613e-05 2.79366e-05 2.70046e-05 2.60658e-05 2.51201e-05 2.4168e-05 2.32095e-05 2.2245e-05 2.12746e-05 2.02987e-05 1.93174e-05 1.8331e-05 1.73398e-05 1.6344e-05 1.53438e-05 1.43395e-05 1.33314e-05 1.23198e-05 1.13048e-05 1.02868e-05 9.26603e-06 8.24277e-06 7.2173e-06 6.18988e-06 5.16079e-06 4.1303e-06 3.09871e-06 2.06627e-06 1.03327e-06 0 
7.25753e-05 7.18561e-05 7.12426e-05 7.07292e-05 7.03077e-05 6.99677e-05 6.96977e-05 6.94863e-05 6.93221e-05 6.91948e-05 6.90953e-05 6.90156e-05 6.8949e-05 6.88899e-05 6.88338e-05 6.8777e-05 6.87166e-05 6.86504e-05 6.85766e-05 6.84938e-05 6.84011e-05 6.82978e-05 6.81832e-05 6.80572e-05 6.79193e-05 6.77696e-05 6.7608e-05 6.74344e-05 6.7249e-05 6.70517e-05 6.68427e-05 6.66221e-05 6.639e-05 6.61464e-05 6.58916e-05 6.56256e-05 6.53484e-05 6.50603e-05 6.47613e-05 6.44515e-05 6.41309e-05 6.37996e-05 6.34577e-05 6.31053e-05 6.27423e-05 6.23688e-05 6.19849e-05 6.15907e-05 6.1186e-05 6.07709e-05 6.03456e-05 5.99099e-05 5.94639e-05 5.90077e-05 5.85411e-05 5.80643e-05 5.75773e-05 5.708e-05 5.65725e-05 5.60548e-05 5.55268e-05 5.49887e-05 5.44404e-05 5.3882e-05 5.33135e-05 5.27348e-05 5.21461e-05 5.15473e-05 5.09385e-05 5.03198e-05 4.96911e-05 4.90525e-05 4.84041e-05 4.77459e-05 4.70779e-05 4.64003e-05 4.57131e-05 4.50164e-05 4.43102e-05 4.35947e-05 4.28698e-05 4.21358e-05 4.13926e-05 4.06405e-05 3.98794e-05 3.91096e-05 3.83311e-05 3.7544e-05 3.67485e-05 3.59448e-05 3.51328e-05 3.43128e-05 3.3485e-05 3.26494e-05 3.18063e-05 3.09557e-05 3.00979e-05 2.9233e-05 2.83612e-05 2.74826e-05 2.65975e-05 2.57061e-05 2.48084e-05 2.39048e-05 2.29954e-05 2.20804e-05 2.116e-05 2.02344e-05 1.93038e-05 1.83686e-05 1.74287e-05 1.64846e-05 1.55364e-05 1.45843e-05 1.36286e-05 1.26695e-05 1.17072e-05 1.0742e-05 9.77406e-06 8.80369e-06 7.83111e-06 6.85655e-06 5.88026e-06 4.90249e-06 3.92348e-06 2.94348e-06 1.96273e-06 9.81491e-07 0 
7.38415e-05 7.30582e-05 7.23672e-05 7.17644e-05 7.12435e-05 7.07967e-05 7.04148e-05 7.00888e-05 6.98092e-05 6.95676e-05 6.93558e-05 6.91668e-05 6.89946e-05 6.88338e-05 6.86801e-05 6.85298e-05 6.838e-05 6.82282e-05 6.80726e-05 6.79115e-05 6.77439e-05 6.75687e-05 6.73853e-05 6.71931e-05 6.69918e-05 6.6781e-05 6.65607e-05 6.63306e-05 6.60908e-05 6.58411e-05 6.55816e-05 6.53124e-05 6.50334e-05 6.47447e-05 6.44464e-05 6.41385e-05 6.38211e-05 6.34943e-05 6.31581e-05 6.28126e-05 6.24578e-05 6.20938e-05 6.17206e-05 6.13382e-05 6.09468e-05 6.05463e-05 6.01367e-05 5.97181e-05 5.92906e-05 5.8854e-05 5.84085e-05 5.79541e-05 5.74907e-05 5.70183e-05 5.65371e-05 5.6047e-05 5.55479e-05 5.504e-05 5.45232e-05 5.39975e-05 5.34629e-05 5.29195e-05 5.23673e-05 5.18063e-05 5.12364e-05 5.06578e-05 5.00704e-05 4.94742e-05 4.88694e-05 4.82558e-05 4.76337e-05 4.70029e-05 4.63635e-05 4.57157e-05 4.50593e-05 4.43946e-05 4.37214e-05 4.304e-05 4.23503e-05 4.16524e-05 4.09465e-05 4.02325e-05 3.95106e-05 3.87808e-05 3.80433e-05 3.7298e-05 3.65452e-05 3.5785e-05 3.50174e-05 3.42425e-05 3.34605e-05 3.26715e-05 3.18756e-05 3.10729e-05 3.02637e-05 2.94479e-05 2.86258e-05 2.77975e-05 2.69631e-05 2.61229e-05 2.52769e-05 2.44254e-05 2.35684e-05 2.27062e-05 2.18389e-05 2.09667e-05 2.00899e-05 1.92084e-05 1.83227e-05 1.74328e-05 1.65389e-05 1.56412e-05 1.47399e-05 1.38353e-05 1.29275e-05 1.20167e-05 1.11031e-05 1.01869e-05 9.2684e-06 8.34773e-06 7.42512e-06 6.50077e-06 5.57491e-06 4.64775e-06 3.71951e-06 2.79039e-06 1.86062e-06 9.30421e-07 6.16298e-33 
7.50141e-05 7.41686e-05 7.34046e-05 7.27192e-05 7.21074e-05 7.15631e-05 7.10792e-05 7.06482e-05 7.02625e-05 6.99148e-05 6.95983e-05 6.93068e-05 6.90346e-05 6.8777e-05 6.85298e-05 6.82895e-05 6.80531e-05 6.78182e-05 6.75827e-05 6.7345e-05 6.71037e-05 6.68578e-05 6.66065e-05 6.6349e-05 6.60849e-05 6.58137e-05 6.55352e-05 6.52491e-05 6.49553e-05 6.46536e-05 6.4344e-05 6.40264e-05 6.37009e-05 6.33673e-05 6.30258e-05 6.26764e-05 6.2319e-05 6.19537e-05 6.15806e-05 6.11996e-05 6.08108e-05 6.04143e-05 6.001e-05 5.9598e-05 5.91783e-05 5.87509e-05 5.83159e-05 5.78732e-05 5.7423e-05 5.69651e-05 5.64996e-05 5.60265e-05 5.55458e-05 5.50576e-05 5.45617e-05 5.40584e-05 5.35474e-05 5.30289e-05 5.25029e-05 5.19693e-05 5.14282e-05 5.08795e-05 5.03234e-05 4.97597e-05 4.91885e-05 4.86099e-05 4.80237e-05 4.74302e-05 4.68292e-05 4.62208e-05 4.5605e-05 4.49819e-05 4.43515e-05 4.37138e-05 4.30689e-05 4.24168e-05 4.17575e-05 4.10912e-05 4.04177e-05 3.97373e-05 3.905e-05 3.83558e-05 3.76548e-05 3.69471e-05 3.62327e-05 3.55118e-05 3.47844e-05 3.40505e-05 3.33104e-05 3.2564e-05 3.18116e-05 3.10531e-05 3.02887e-05 2.95185e-05 2.87426e-05 2.79612e-05 2.71743e-05 2.63821e-05 2.55847e-05 2.47822e-05 2.39748e-05 2.31626e-05 2.23457e-05 2.15244e-05 2.06987e-05 1.98688e-05 1.90348e-05 1.81969e-05 1.73553e-05 1.65101e-05 1.56615e-05 1.48096e-05 1.39546e-05 1.30968e-05 1.22362e-05 1.1373e-05 1.05074e-05 9.63966e-06 8.76984e-06 7.89817e-06 7.02483e-06 6.15e-06 5.27386e-06 4.3966e-06 3.5184e-06 2.63946e-06 1.75995e-06 8.8007e-07 0 
7.6104e-05 7.51979e-05 7.43646e-05 7.36019e-05 7.29059e-05 7.22718e-05 7.16938e-05 7.1166e-05 7.0682e-05 7.02357e-05 6.98212e-05 6.94331e-05 6.90664e-05 6.87166e-05 6.838e-05 6.80531e-05 6.77331e-05 6.74175e-05 6.71043e-05 6.67918e-05 6.64785e-05 6.61632e-05 6.58451e-05 6.55233e-05 6.51972e-05 6.48663e-05 6.45303e-05 6.41887e-05 6.38414e-05 6.34882e-05 6.31289e-05 6.27634e-05 6.23917e-05 6.20137e-05 6.16293e-05 6.12387e-05 6.08416e-05 6.04382e-05 6.00284e-05 5.96123e-05 5.91898e-05 5.8761e-05 5.83259e-05 5.78844e-05 5.74367e-05 5.69827e-05 5.65224e-05 5.60559e-05 5.55831e-05 5.5104e-05 5.46187e-05 5.41272e-05 5.36294e-05 5.31253e-05 5.26151e-05 5.20986e-05 5.15758e-05 5.10469e-05 5.05117e-05 4.99702e-05 4.94226e-05 4.88687e-05 4.83086e-05 4.77424e-05 4.71699e-05 4.65912e-05 4.60063e-05 4.54153e-05 4.48181e-05 4.42147e-05 4.36053e-05 4.29897e-05 4.23681e-05 4.17405e-05 4.11068e-05 4.04671e-05 3.98215e-05 3.917e-05 3.85127e-05 3.78495e-05 3.71805e-05 3.65058e-05 3.58255e-05 3.51395e-05 3.4448e-05 3.3751e-05 3.30485e-05 3.23408e-05 3.16277e-05 3.09095e-05 3.01861e-05 2.94577e-05 2.87244e-05 2.79862e-05 2.72433e-05 2.64957e-05 2.57435e-05 2.49868e-05 2.42259e-05 2.34606e-05 2.26912e-05 2.19178e-05 2.11405e-05 2.03595e-05 1.95747e-05 1.87865e-05 1.79948e-05 1.71998e-05 1.64017e-05 1.56006e-05 1.47966e-05 1.39899e-05 1.31806e-05 1.23689e-05 1.15548e-05 1.07386e-05 9.92033e-06 9.10024e-06 8.27843e-06 7.45506e-06 6.63028e-06 5.80425e-06 4.97712e-06 4.14904e-06 3.32018e-06 2.49069e-06 1.66072e-06 8.3044e-07 0 
7.71202e-05 7.61549e-05 7.52553e-05 7.44196e-05 7.36448e-05 7.2927e-05 7.22617e-05 7.16439e-05 7.10684e-05 7.05299e-05 7.00234e-05 6.95442e-05 6.90879e-05 6.86504e-05 6.82282e-05 6.78182e-05 6.74175e-05 6.70239e-05 6.66352e-05 6.62497e-05 6.5866e-05 6.54829e-05 6.50992e-05 6.47142e-05 6.43271e-05 6.39374e-05 6.35446e-05 6.31483e-05 6.27482e-05 6.2344e-05 6.19355e-05 6.15227e-05 6.11052e-05 6.06832e-05 6.02564e-05 5.98248e-05 5.93884e-05 5.89472e-05 5.85011e-05 5.80502e-05 5.75943e-05 5.71335e-05 5.66679e-05 5.61973e-05 5.57218e-05 5.52414e-05 5.47561e-05 5.42659e-05 5.37708e-05 5.32708e-05 5.27659e-05 5.22561e-05 5.17413e-05 5.12217e-05 5.06971e-05 5.01676e-05 4.96332e-05 4.90938e-05 4.85496e-05 4.80004e-05 4.74463e-05 4.68872e-05 4.63233e-05 4.57544e-05 4.51805e-05 4.46018e-05 4.40181e-05 4.34296e-05 4.28361e-05 4.22378e-05 4.16345e-05 4.10264e-05 4.04135e-05 3.97957e-05 3.91731e-05 3.85458e-05 3.79136e-05 3.72768e-05 3.66352e-05 3.5989e-05 3.53381e-05 3.46826e-05 3.40226e-05 3.33581e-05 3.26891e-05 3.20157e-05 3.13379e-05 3.06558e-05 2.99695e-05 2.9279e-05 2.85843e-05 2.78856e-05 2.71829e-05 2.64762e-05 2.57657e-05 2.50515e-05 2.43335e-05 2.36119e-05 2.28868e-05 2.21583e-05 2.14264e-05 2.06913e-05 1.99529e-05 1.92115e-05 1.84672e-05 1.772e-05 1.697e-05 1.62173e-05 1.54621e-05 1.47044e-05 1.39444e-05 1.31822e-05 1.24179e-05 1.16516e-05 1.08834e-05 1.01134e-05 9.34181e-06 8.5687e-06 7.7942e-06 7.01842e-06 6.2415e-06 5.46355e-06 4.68471e-06 3.90511e-06 3.12486e-06 2.34409e-06 1.56294e-06 7.81535e-07 0 
7.80701e-05 7.70467e-05 7.60832e-05 7.51782e-05 7.43291e-05 7.35329e-05 7.27858e-05 7.20838e-05 7.14224e-05 7.07974e-05 7.02043e-05 6.9639e-05 6.90976e-05 6.85766e-05 6.80726e-05 6.75827e-05 6.71043e-05 6.66352e-05 6.61733e-05 6.57169e-05 6.52646e-05 6.48151e-05 6.43673e-05 6.39203e-05 6.34733e-05 6.30258e-05 6.25771e-05 6.21268e-05 6.16746e-05 6.12201e-05 6.07631e-05 6.03033e-05 5.98407e-05 5.93751e-05 5.89063e-05 5.84343e-05 5.79591e-05 5.74805e-05 5.69984e-05 5.6513e-05 5.60241e-05 5.55317e-05 5.50358e-05 5.45364e-05 5.40334e-05 5.35269e-05 5.30169e-05 5.25033e-05 5.19861e-05 5.14654e-05 5.0941e-05 5.04131e-05 4.98816e-05 4.93465e-05 4.88078e-05 4.82654e-05 4.77195e-05 4.71699e-05 4.66167e-05 4.60598e-05 4.54993e-05 4.49351e-05 4.43673e-05 4.37958e-05 4.32207e-05 4.26418e-05 4.20594e-05 4.14732e-05 4.08834e-05 4.029e-05 3.96929e-05 3.90921e-05 3.84877e-05 3.78797e-05 3.7268e-05 3.66527e-05 3.60339e-05 3.54115e-05 3.47855e-05 3.4156e-05 3.35229e-05 3.28864e-05 3.22465e-05 3.16031e-05 3.09563e-05 3.03061e-05 2.96526e-05 2.89959e-05 2.83358e-05 2.76726e-05 2.70062e-05 2.63367e-05 2.56642e-05 2.49886e-05 2.43101e-05 2.36287e-05 2.29445e-05 2.22575e-05 2.15677e-05 2.08753e-05 2.01804e-05 1.94829e-05 1.8783e-05 1.80807e-05 1.73761e-05 1.66693e-05 1.59604e-05 1.52494e-05 1.45364e-05 1.38216e-05 1.31049e-05 1.23865e-05 1.16665e-05 1.0945e-05 1.02219e-05 9.49757e-06 8.77192e-06 8.0451e-06 7.31719e-06 6.5883e-06 5.85852e-06 5.12794e-06 4.39668e-06 3.66481e-06 2.93245e-06 2.19968e-06 1.46662e-06 7.33362e-07 6.16298e-33 
7.89595e-05 7.78793e-05 7.68541e-05 7.58826e-05 7.4963e-05 7.40927e-05 7.32686e-05 7.24873e-05 7.17452e-05 7.10386e-05 7.03636e-05 6.97168e-05 6.90946e-05 6.84938e-05 6.79115e-05 6.7345e-05 6.67918e-05 6.62497e-05 6.57169e-05 6.51917e-05 6.46726e-05 6.41584e-05 6.36479e-05 6.31402e-05 6.26345e-05 6.21301e-05 6.16265e-05 6.11231e-05 6.06196e-05 6.01155e-05 5.96107e-05 5.91047e-05 5.85975e-05 5.80889e-05 5.75787e-05 5.70668e-05 5.65531e-05 5.60375e-05 5.55199e-05 5.50004e-05 5.44788e-05 5.39552e-05 5.34294e-05 5.29015e-05 5.23714e-05 5.18391e-05 5.13046e-05 5.07678e-05 5.02289e-05 4.96876e-05 4.91441e-05 4.85984e-05 4.80503e-05 4.74999e-05 4.69472e-05 4.63921e-05 4.58348e-05 4.5275e-05 4.4713e-05 4.41485e-05 4.35817e-05 4.30124e-05 4.24408e-05 4.18668e-05 4.12903e-05 4.07114e-05 4.01301e-05 3.95463e-05 3.89601e-05 3.83715e-05 3.77804e-05 3.71869e-05 3.65909e-05 3.59925e-05 3.53916e-05 3.47882e-05 3.41825e-05 3.35743e-05 3.29637e-05 3.23506e-05 3.17352e-05 3.11173e-05 3.04971e-05 2.98745e-05 2.92496e-05 2.86224e-05 2.79928e-05 2.7361e-05 2.67269e-05 2.60906e-05 2.5452e-05 2.48114e-05 2.41685e-05 2.35236e-05 2.28766e-05 2.22275e-05 2.15765e-05 2.09235e-05 2.02686e-05 1.96119e-05 1.89533e-05 1.82929e-05 1.76308e-05 1.6967e-05 1.63016e-05 1.56347e-05 1.49662e-05 1.42962e-05 1.36249e-05 1.29522e-05 1.22782e-05 1.1603e-05 1.09266e-05 1.02491e-05 9.5706e-06 8.89111e-06 8.21071e-06 7.52947e-06 6.84745e-06 6.16473e-06 5.48138e-06 4.79745e-06 4.11303e-06 3.42818e-06 2.74297e-06 2.05748e-06 1.37177e-06 6.85922e-07 0 
7.97936e-05 7.86576e-05 7.75725e-05 7.65373e-05 7.55504e-05 7.46096e-05 7.37126e-05 7.28564e-05 7.20379e-05 7.1254e-05 7.05015e-05 6.97772e-05 6.9078e-05 6.84011e-05 6.77439e-05 6.71037e-05 6.64785e-05 6.5866e-05 6.52646e-05 6.46726e-05 6.40886e-05 6.35113e-05 6.29396e-05 6.23726e-05 6.18095e-05 6.12494e-05 6.06919e-05 6.01364e-05 5.95824e-05 5.90296e-05 5.84776e-05 5.79261e-05 5.7375e-05 5.68239e-05 5.62728e-05 5.57215e-05 5.51699e-05 5.46179e-05 5.40653e-05 5.35121e-05 5.29583e-05 5.24038e-05 5.18485e-05 5.12924e-05 5.07355e-05 5.01777e-05 4.96191e-05 4.90595e-05 4.8499e-05 4.79376e-05 4.73751e-05 4.68117e-05 4.62473e-05 4.56818e-05 4.51153e-05 4.45477e-05 4.39791e-05 4.34094e-05 4.28385e-05 4.22666e-05 4.16935e-05 4.11193e-05 4.05439e-05 3.99673e-05 3.93895e-05 3.88106e-05 3.82304e-05 3.7649e-05 3.70664e-05 3.64825e-05 3.58973e-05 3.53109e-05 3.47232e-05 3.41342e-05 3.3544e-05 3.29524e-05 3.23595e-05 3.17653e-05 3.11698e-05 3.0573e-05 2.99749e-05 2.93754e-05 2.87747e-05 2.81726e-05 2.75692e-05 2.69646e-05 2.63586e-05 2.57513e-05 2.51428e-05 2.45329e-05 2.39219e-05 2.33095e-05 2.2696e-05 2.20812e-05 2.14652e-05 2.08481e-05 2.02297e-05 1.96103e-05 1.89897e-05 1.8368e-05 1.77452e-05 1.71214e-05 1.64965e-05 1.58707e-05 1.52438e-05 1.46161e-05 1.39874e-05 1.33579e-05 1.27275e-05 1.20963e-05 1.14643e-05 1.08316e-05 1.01982e-05 9.56411e-06 8.92939e-06 8.29409e-06 7.65823e-06 7.02187e-06 6.38503e-06 5.74776e-06 5.11011e-06 4.47211e-06 3.8338e-06 3.19523e-06 2.55645e-06 1.91749e-06 1.2784e-06 6.39222e-07 0 
8.05765e-05 7.93857e-05 7.82424e-05 7.71457e-05 7.60943e-05 7.50864e-05 7.412e-05 7.31926e-05 7.23016e-05 7.14444e-05 7.06181e-05 6.982e-05 6.90474e-05 6.82978e-05 6.75687e-05 6.68578e-05 6.61632e-05 6.54829e-05 6.48151e-05 6.41584e-05 6.35113e-05 6.28727e-05 6.22414e-05 6.16165e-05 6.09971e-05 6.03826e-05 5.97723e-05 5.91656e-05 5.85621e-05 5.79614e-05 5.73631e-05 5.67669e-05 5.61725e-05 5.55797e-05 5.49884e-05 5.43983e-05 5.38093e-05 5.32213e-05 5.26341e-05 5.20478e-05 5.14622e-05 5.08772e-05 5.02928e-05 4.9709e-05 4.91257e-05 4.85428e-05 4.79603e-05 4.73782e-05 4.67964e-05 4.6215e-05 4.56339e-05 4.50531e-05 4.44725e-05 4.38922e-05 4.33121e-05 4.27322e-05 4.21524e-05 4.15729e-05 4.09934e-05 4.04141e-05 3.98348e-05 3.92557e-05 3.86766e-05 3.80975e-05 3.75185e-05 3.69395e-05 3.63604e-05 3.57813e-05 3.52022e-05 3.4623e-05 3.40437e-05 3.34643e-05 3.28848e-05 3.23051e-05 3.17253e-05 3.11453e-05 3.05651e-05 2.99848e-05 2.94042e-05 2.88233e-05 2.82423e-05 2.7661e-05 2.70794e-05 2.64975e-05 2.59153e-05 2.53329e-05 2.47501e-05 2.4167e-05 2.35836e-05 2.29999e-05 2.24158e-05 2.18314e-05 2.12467e-05 2.06616e-05 2.00762e-05 1.94904e-05 1.89042e-05 1.83178e-05 1.77309e-05 1.71438e-05 1.65562e-05 1.59684e-05 1.53802e-05 1.47917e-05 1.42028e-05 1.36137e-05 1.30242e-05 1.24344e-05 1.18444e-05 1.1254e-05 1.06634e-05 1.00725e-05 9.48136e-06 8.88998e-06 8.29838e-06 7.70656e-06 7.11455e-06 6.52234e-06 5.92996e-06 5.33743e-06 4.74475e-06 4.15194e-06 3.55902e-06 2.966e-06 2.37289e-06 1.77973e-06 1.18651e-06 5.93265e-07 0 
8.13117e-05 8.00672e-05 7.88672e-05 7.7711e-05 7.65976e-05 7.55254e-05 7.44926e-05 7.34974e-05 7.25374e-05 7.16103e-05 7.07137e-05 6.98452e-05 6.90025e-05 6.81832e-05 6.73853e-05 6.66065e-05 6.58451e-05 6.50992e-05 6.43673e-05 6.36479e-05 6.29396e-05 6.22414e-05 6.1552e-05 6.08707e-05 6.01965e-05 5.95288e-05 5.88668e-05 5.821e-05 5.7558e-05 5.69103e-05 5.62665e-05 5.56263e-05 5.49895e-05 5.43557e-05 5.37247e-05 5.30964e-05 5.24707e-05 5.18473e-05 5.12261e-05 5.06071e-05 4.99902e-05 4.93753e-05 4.87622e-05 4.8151e-05 4.75416e-05 4.6934e-05 4.6328e-05 4.57237e-05 4.51211e-05 4.452e-05 4.39205e-05 4.33226e-05 4.27261e-05 4.21312e-05 4.15376e-05 4.09456e-05 4.03549e-05 3.97656e-05 3.91777e-05 3.85911e-05 3.80058e-05 3.74218e-05 3.68391e-05 3.62576e-05 3.56773e-05 3.50982e-05 3.45203e-05 3.39435e-05 3.33678e-05 3.27932e-05 3.22197e-05 3.16472e-05 3.10757e-05 3.05053e-05 2.99358e-05 2.93672e-05 2.87995e-05 2.82327e-05 2.76668e-05 2.71017e-05 2.65375e-05 2.5974e-05 2.54113e-05 2.48493e-05 2.4288e-05 2.37274e-05 2.31675e-05 2.26082e-05 2.20496e-05 2.14916e-05 2.09341e-05 2.03772e-05 1.98208e-05 1.92649e-05 1.87095e-05 1.81546e-05 1.76002e-05 1.70462e-05 1.64926e-05 1.59394e-05 1.53865e-05 1.48341e-05 1.4282e-05 1.37302e-05 1.31787e-05 1.26275e-05 1.20766e-05 1.15259e-05 1.09755e-05 1.04254e-05 9.87544e-06 9.32571e-06 8.77617e-06 8.22681e-06 7.67762e-06 7.12859e-06 6.5797e-06 6.03094e-06 5.4823e-06 4.93377e-06 4.38533e-06 3.83698e-06 3.2887e-06 2.74049e-06 2.19233e-06 1.64421e-06 1.09612e-06 5.48056e-07 1.2326e-32 
8.20022e-05 8.0705e-05 7.94498e-05 7.8236e-05 7.70627e-05 7.59286e-05 7.48324e-05 7.37723e-05 7.27463e-05 7.17525e-05 7.07888e-05 6.9853e-05 6.89432e-05 6.80572e-05 6.71931e-05 6.6349e-05 6.55233e-05 6.47142e-05 6.39203e-05 6.31402e-05 6.23726e-05 6.16165e-05 6.08707e-05 6.01344e-05 5.94067e-05 5.8687e-05 5.79746e-05 5.72689e-05 5.65693e-05 5.58756e-05 5.51872e-05 5.45039e-05 5.38254e-05 5.31513e-05 5.24814e-05 5.18156e-05 5.11537e-05 5.04955e-05 4.98409e-05 4.91898e-05 4.85421e-05 4.78977e-05 4.72564e-05 4.66183e-05 4.59833e-05 4.53513e-05 4.47222e-05 4.40961e-05 4.34729e-05 4.28525e-05 4.22349e-05 4.16201e-05 4.1008e-05 4.03986e-05 3.97919e-05 3.91879e-05 3.85864e-05 3.79876e-05 3.73913e-05 3.67976e-05 3.62064e-05 3.56176e-05 3.50313e-05 3.44474e-05 3.38659e-05 3.32868e-05 3.271e-05 3.21355e-05 3.15632e-05 3.09932e-05 3.04254e-05 2.98597e-05 2.92962e-05 2.87348e-05 2.81754e-05 2.76181e-05 2.70627e-05 2.65093e-05 2.59579e-05 2.54083e-05 2.48606e-05 2.43147e-05 2.37705e-05 2.32281e-05 2.26874e-05 2.21484e-05 2.16109e-05 2.10751e-05 2.05408e-05 2.00081e-05 1.94768e-05 1.89469e-05 1.84184e-05 1.78913e-05 1.73655e-05 1.6841e-05 1.63177e-05 1.57956e-05 1.52747e-05 1.47549e-05 1.42362e-05 1.37186e-05 1.32019e-05 1.26863e-05 1.21715e-05 1.16577e-05 1.11447e-05 1.06325e-05 1.01212e-05 9.61052e-06 9.10059e-06 8.59133e-06 8.0827e-06 7.57467e-06 7.06719e-06 6.56023e-06 6.05375e-06 5.54771e-06 5.04208e-06 4.53682e-06 4.03189e-06 3.52726e-06 3.02289e-06 2.51873e-06 2.01477e-06 1.51095e-06 1.00724e-06 5.03599e-07 0 
8.26505e-05 8.13016e-05 7.99925e-05 7.87227e-05 7.74916e-05 7.62981e-05 7.51409e-05 7.40185e-05 7.29294e-05 7.18717e-05 7.08437e-05 6.98435e-05 6.88693e-05 6.79193e-05 6.69918e-05 6.60849e-05 6.51972e-05 6.43271e-05 6.34733e-05 6.26345e-05 6.18095e-05 6.09971e-05 6.01965e-05 5.94067e-05 5.8627e-05 5.78566e-05 5.70949e-05 5.63414e-05 5.55954e-05 5.48567e-05 5.41247e-05 5.33991e-05 5.26796e-05 5.1966e-05 5.1258e-05 5.05554e-05 4.98581e-05 4.91657e-05 4.84783e-05 4.77956e-05 4.71176e-05 4.64442e-05 4.57752e-05 4.51107e-05 4.44504e-05 4.37945e-05 4.31427e-05 4.24952e-05 4.18517e-05 4.12123e-05 4.05769e-05 3.99455e-05 3.93181e-05 3.86946e-05 3.80749e-05 3.74591e-05 3.68471e-05 3.62389e-05 3.56345e-05 3.50338e-05 3.44367e-05 3.38433e-05 3.32535e-05 3.26673e-05 3.20846e-05 3.15055e-05 3.09298e-05 3.03575e-05 2.97886e-05 2.92231e-05 2.86609e-05 2.8102e-05 2.75463e-05 2.69938e-05 2.64444e-05 2.58982e-05 2.5355e-05 2.48148e-05 2.42775e-05 2.37432e-05 2.32118e-05 2.26831e-05 2.21573e-05 2.16342e-05 2.11137e-05 2.05958e-05 2.00805e-05 1.95678e-05 1.90574e-05 1.85495e-05 1.8044e-05 1.75407e-05 1.70397e-05 1.65408e-05 1.60441e-05 1.55495e-05 1.50569e-05 1.45662e-05 1.40774e-05 1.35905e-05 1.31054e-05 1.26219e-05 1.21402e-05 1.166e-05 1.11814e-05 1.07043e-05 1.02286e-05 9.7543e-06 9.28128e-06 8.8095e-06 8.33891e-06 7.86944e-06 7.40102e-06 6.93361e-06 6.46713e-06 6.00153e-06 5.53674e-06 5.0727e-06 4.60935e-06 4.14663e-06 3.68447e-06 3.22282e-06 2.7616e-06 2.30076e-06 1.84023e-06 1.37995e-06 9.19863e-07 4.599e-07 0 
8.32589e-05 8.18591e-05 8.04974e-05 7.91734e-05 7.78863e-05 7.66354e-05 7.54194e-05 7.42373e-05 7.30875e-05 7.19686e-05 7.0879e-05 6.9817e-05 6.87811e-05 6.77696e-05 6.6781e-05 6.58137e-05 6.48663e-05 6.39374e-05 6.30258e-05 6.21301e-05 6.12494e-05 6.03826e-05 5.95288e-05 5.8687e-05 5.78566e-05 5.70369e-05 5.62272e-05 5.54269e-05 5.46356e-05 5.38529e-05 5.30782e-05 5.23113e-05 5.15518e-05 5.07996e-05 5.00542e-05 4.93155e-05 4.85833e-05 4.78575e-05 4.71378e-05 4.64242e-05 4.57165e-05 4.50146e-05 4.43185e-05 4.36279e-05 4.2943e-05 4.22635e-05 4.15895e-05 4.09208e-05 4.02575e-05 3.95994e-05 3.89466e-05 3.82989e-05 3.76564e-05 3.7019e-05 3.63867e-05 3.57594e-05 3.5137e-05 3.45196e-05 3.39072e-05 3.32996e-05 3.26968e-05 3.20989e-05 3.15057e-05 3.09172e-05 3.03334e-05 2.97542e-05 2.91797e-05 2.86096e-05 2.80441e-05 2.74831e-05 2.69264e-05 2.63741e-05 2.58262e-05 2.52824e-05 2.47429e-05 2.42076e-05 2.36763e-05 2.31491e-05 2.26259e-05 2.21066e-05 2.15912e-05 2.10796e-05 2.05717e-05 2.00675e-05 1.9567e-05 1.907e-05 1.85764e-05 1.80863e-05 1.75996e-05 1.71161e-05 1.66359e-05 1.61588e-05 1.56847e-05 1.52137e-05 1.47456e-05 1.42803e-05 1.38178e-05 1.3358e-05 1.29009e-05 1.24463e-05 1.19941e-05 1.15443e-05 1.10969e-05 1.06516e-05 1.02085e-05 9.7675e-06 9.32846e-06 8.89132e-06 8.456e-06 8.02241e-06 7.59047e-06 7.16009e-06 6.7312e-06 6.30371e-06 5.87752e-06 5.45256e-06 5.02874e-06 4.60597e-06 4.18417e-06 3.76324e-06 3.34311e-06 2.92368e-06 2.50486e-06 2.08658e-06 1.66873e-06 1.25124e-06 8.34014e-07 4.16963e-07 0 
