0 4.47263e-06 6.85869e-06 9.12848e-06 1.21099e-05 1.63287e-05 2.22157e-05 3.01668e-05 4.05618e-05 5.37726e-05 7.01665e-05 9.01078e-05 0.000113959 0.000142082 0.000174838 0.000212585 0.000255685 0.000304495 0.000359375 0.000420683 0.000488778 0.000564019 0.000646764 0.00073737 0.000836197 0.000943601 0.00105994 0.00118558 0.00132086 0.00146616 0.00162182 0.00178822 0.00196569 0.0021546 0.00235532 0.00256819 0.00279357 0.00303183 0.00328332 0.0035484 0.00382742 0.00412074 0.00442873 0.00475173 0.00509012 0.00544423 0.00581444 0.00620109 0.00660456 0.00702519 0.00746334 0.00791937 0.00839364 0.0088865 0.00939832 0.00992945 0.0104802 0.0110511 0.0116423 0.0122542 0.0128873 0.0135418 0.0142181 0.0149166 0.0156376 0.0163815 0.0171487 0.0179394 0.0187542 0.0195932 0.0204569 0.0213456 0.0222598 0.0231997 0.0241657 0.0251581 0.0261774 0.0272238 0.0282978 0.0293997 0.0305299 0.0316886 0.0328763 0.0340934 0.0353401 0.0366168 0.037924 0.0392619 0.040631 0.0420315 0.0434638 0.0449283 0.0464254 0.0479553 0.0495185 0.0511154 0.0527462 0.0544113 0.0561112 0.057846 0.0596163 0.0614224 0.0632645 0.0651432 0.0670587 0.0690113 0.0710015 0.0730297 0.0750961 0.0772011 0.0793451 0.0815284 0.0837515 0.0860146 0.0883181 0.0906623 0.0930477 0.0954746 0.0979433 0.100454 0.103008 0.105604 0.108244 0.110927 0.113654 0.116426 0.119242 0.122104 0.125011 0.127963 0.130962 0.134007 0.137099 0.140238 0.143425 0.14666 0.149943 0.153275 0.156655 0.160085 0.163565 0.167095 0.170675 0.174306 0.177988 0.181722 0.185507 0.189345 0.193235 0.197179 0.201175 0.205225 0.209329 0.213488 0.217701 0.221969 0.226293 0.230673 0.235108 0.239601 0.24415 0.248756 0.25342 0.258141 0.262922 0.26776 0.272658 0.277615 0.282632 0.287709 0.292846 0.298044 0.303303 0.308624 0.314007 0.319452 0.324959 0.33053 0.336163 0.341861 0.347622 0.353448 0.359338 0.365294 0.371315 0.377402 0.383555 0.389774 0.396061 0.402414 0.408835 0.415325 0.421882 0.428508 0.435203 0.441968 0.448802 0.455706 0.462681 0.469727 0.476844 0.484032 0.491292 0.498624 0.506029 0.513507 0.521059 0.528684 0.536383 0.544156 0.552004 0.559927 0.567926 0.576001 0.584151 0.592378 0.600683 0.609064 0.617523 0.62606 0.634675 0.643369 0.652142 0.660994 0.669926 0.678938 0.688031 0.697204 0.706459 0.715795 0.725213 0.734714 0.744297 0.753963 0.763712 0.773545 0.783462 0.793463 0.803549 0.81372 0.823977 0.83432 0.844748 0.855264 0.865866 0.876555 0.887332 0.898197 0.909151 0.920193 0.931324 0.942544 0.953854 0.965255 0.976746 0.988327 1 
4.47263e-06 5.69473e-06 7.27446e-06 9.30907e-06 1.22066e-05 1.63885e-05 2.22566e-05 3.01965e-05 4.05845e-05 5.37905e-05 7.01809e-05 9.01197e-05 0.000113969 0.000142091 0.000174845 0.000212592 0.00025569 0.0003045 0.000359379 0.000420687 0.000488782 0.000564022 0.000646767 0.000737373 0.000836199 0.000943603 0.00105994 0.00118558 0.00132087 0.00146616 0.00162183 0.00178822 0.00196569 0.00215461 0.00235532 0.00256819 0.00279358 0.00303183 0.00328332 0.0035484 0.00382742 0.00412074 0.00442873 0.00475173 0.00509012 0.00544423 0.00581444 0.0062011 0.00660456 0.00702519 0.00746334 0.00791937 0.00839364 0.0088865 0.00939832 0.00992945 0.0104802 0.0110511 0.0116423 0.0122542 0.0128873 0.0135418 0.0142181 0.0149166 0.0156376 0.0163815 0.0171487 0.0179394 0.0187542 0.0195932 0.0204569 0.0213456 0.0222598 0.0231997 0.0241657 0.0251581 0.0261774 0.0272238 0.0282978 0.0293997 0.0305299 0.0316886 0.0328763 0.0340934 0.0353401 0.0366168 0.037924 0.0392619 0.040631 0.0420315 0.0434638 0.0449283 0.0464254 0.0479553 0.0495185 0.0511154 0.0527462 0.0544113 0.0561112 0.057846 0.0596163 0.0614224 0.0632645 0.0651432 0.0670587 0.0690113 0.0710015 0.0730297 0.0750961 0.0772011 0.0793451 0.0815284 0.0837515 0.0860146 0.0883181 0.0906623 0.0930477 0.0954746 0.0979433 0.100454 0.103008 0.105604 0.108244 0.110927 0.113654 0.116426 0.119242 0.122104 0.125011 0.127963 0.130962 0.134007 0.137099 0.140238 0.143425 0.14666 0.149943 0.153275 0.156655 0.160085 0.163565 0.167095 0.170675 0.174306 0.177988 0.181722 0.185507 0.189345 0.193235 0.197179 0.201175 0.205225 0.209329 0.213488 0.217701 0.221969 0.226293 0.230673 0.235108 0.239601 0.24415 0.248756 0.25342 0.258141 0.262922 0.26776 0.272658 0.277615 0.282632 0.287709 0.292846 0.298044 0.303303 0.308624 0.314007 0.319452 0.324959 0.33053 0.336163 0.341861 0.347622 0.353448 0.359338 0.365294 0.371315 0.377402 0.383555 0.389774 0.396061 0.402414 0.408835 0.415325 0.421882 0.428508 0.435203 0.441968 0.448802 0.455706 0.462681 0.469727 0.476844 0.484032 0.491292 0.498624 0.506029 0.513507 0.521059 0.528684 0.536383 0.544156 0.552004 0.559927 0.567926 0.576001 0.584151 0.592378 0.600683 0.609064 0.617523 0.62606 0.634675 0.643369 0.652142 0.660994 0.669926 0.678938 0.688031 0.697205 0.706459 0.715795 0.725213 0.734714 0.744297 0.753963 0.763712 0.773545 0.783462 0.793463 0.803549 0.81372 0.823977 0.83432 0.844748 0.855264 0.865866 0.876555 0.887332 0.898197 0.909151 0.920193 0.931324 0.942544 0.953854 0.965255 0.976746 0.988327 1 
6.85869e-06 7.27446e-06 8.30823e-06 1.00573e-05 1.28069e-05 1.69081e-05 2.27289e-05 3.06393e-05 4.10077e-05 5.42001e-05 7.05808e-05 9.05123e-05 0.000114356 0.000142474 0.000175224 0.000212968 0.000256064 0.000304872 0.00035975 0.000421056 0.00048915 0.00056439 0.000647133 0.000737738 0.000836564 0.000943968 0.00106031 0.00118594 0.00132123 0.00146652 0.00162219 0.00178858 0.00196605 0.00215497 0.00235568 0.00256855 0.00279394 0.00303219 0.00328368 0.00354876 0.00382778 0.0041211 0.00442909 0.00475209 0.00509048 0.00544459 0.0058148 0.00620145 0.00660492 0.00702555 0.0074637 0.00791973 0.008394 0.00888686 0.00939868 0.00992981 0.0104806 0.0110514 0.0116426 0.0122546 0.0128876 0.0135421 0.0142185 0.014917 0.015638 0.0163819 0.017149 0.0179398 0.0187545 0.0195936 0.0204573 0.021346 0.0222601 0.0232 0.024166 0.0251585 0.0261777 0.0272242 0.0282982 0.0294001 0.0305302 0.031689 0.0328767 0.0340937 0.0353404 0.0366172 0.0379244 0.0392623 0.0406313 0.0420318 0.0434641 0.0449287 0.0464257 0.0479557 0.0495189 0.0511157 0.0527465 0.0544117 0.0561115 0.0578464 0.0596167 0.0614227 0.0632649 0.0651435 0.067059 0.0690117 0.0710019 0.07303 0.0750964 0.0772015 0.0793455 0.0815288 0.0837518 0.0860149 0.0883184 0.0906627 0.0930481 0.095475 0.0979437 0.100455 0.103008 0.105604 0.108244 0.110927 0.113655 0.116426 0.119243 0.122104 0.125011 0.127964 0.130962 0.134007 0.1371 0.140239 0.143426 0.14666 0.149943 0.153275 0.156656 0.160086 0.163566 0.167095 0.170676 0.174307 0.177989 0.181722 0.185508 0.189346 0.193236 0.197179 0.201176 0.205226 0.20933 0.213488 0.217702 0.22197 0.226294 0.230673 0.235109 0.239601 0.24415 0.248756 0.25342 0.258142 0.262922 0.267761 0.272658 0.277615 0.282632 0.287709 0.292846 0.298044 0.303304 0.308625 0.314007 0.319452 0.32496 0.33053 0.336164 0.341861 0.347622 0.353448 0.359339 0.365294 0.371315 0.377402 0.383555 0.389775 0.396061 0.402415 0.408836 0.415325 0.421882 0.428508 0.435204 0.441968 0.448802 0.455707 0.462682 0.469727 0.476844 0.484032 0.491292 0.498625 0.50603 0.513508 0.521059 0.528684 0.536383 0.544156 0.552005 0.559928 0.567926 0.576001 0.584152 0.592379 0.600683 0.609064 0.617523 0.62606 0.634675 0.643369 0.652142 0.660994 0.669927 0.678939 0.688031 0.697205 0.70646 0.715796 0.725214 0.734714 0.744297 0.753963 0.763712 0.773545 0.783462 0.793463 0.80355 0.813721 0.823978 0.83432 0.844749 0.855264 0.865866 0.876556 0.887333 0.898198 0.909151 0.920193 0.931324 0.942545 0.953855 0.965255 0.976746 0.988328 1 
9.12848e-06 9.30907e-06 1.00573e-05 1.15929e-05 1.42015e-05 1.82116e-05 2.39726e-05 3.18428e-05 4.21831e-05 5.53555e-05 7.17213e-05 9.16416e-05 0.000115477 0.000143587 0.000176333 0.000214072 0.000257165 0.000305969 0.000360844 0.000422149 0.000490241 0.000565478 0.00064822 0.000738825 0.000837649 0.000945052 0.00106139 0.00118702 0.00132231 0.00146761 0.00162327 0.00178966 0.00196713 0.00215605 0.00235676 0.00256963 0.00279502 0.00303327 0.00328476 0.00354984 0.00382886 0.00412218 0.00443017 0.00475317 0.00509155 0.00544567 0.00581587 0.00620253 0.00660599 0.00702662 0.00746477 0.00792081 0.00839507 0.00888794 0.00939976 0.00993089 0.0104817 0.0110525 0.0116437 0.0122557 0.0128887 0.0135432 0.0142195 0.014918 0.0156391 0.016383 0.0171501 0.0179409 0.0187556 0.0195946 0.0204583 0.0213471 0.0222612 0.0232011 0.0241671 0.0251595 0.0261788 0.0272253 0.0282993 0.0294012 0.0305313 0.03169 0.0328778 0.0340948 0.0353415 0.0366183 0.0379254 0.0392634 0.0406324 0.0420329 0.0434652 0.0449297 0.0464268 0.0479568 0.04952 0.0511168 0.0527476 0.0544128 0.0561126 0.0578475 0.0596178 0.0614238 0.063266 0.0651446 0.0670601 0.0690128 0.071003 0.0730311 0.0750975 0.0772025 0.0793465 0.0815299 0.0837529 0.086016 0.0883195 0.0906638 0.0930492 0.095476 0.0979448 0.100456 0.103009 0.105606 0.108245 0.110929 0.113656 0.116427 0.119244 0.122105 0.125012 0.127965 0.130963 0.134009 0.137101 0.14024 0.143427 0.146661 0.149945 0.153276 0.156657 0.160087 0.163567 0.167096 0.170677 0.174308 0.17799 0.181723 0.185509 0.189347 0.193237 0.19718 0.201177 0.205227 0.209331 0.213489 0.217703 0.221971 0.226295 0.230674 0.23511 0.239602 0.244151 0.248757 0.253421 0.258143 0.262923 0.267762 0.272659 0.277616 0.282633 0.28771 0.292847 0.298046 0.303305 0.308626 0.314008 0.319453 0.324961 0.330531 0.336165 0.341862 0.347623 0.353449 0.35934 0.365295 0.371316 0.377403 0.383556 0.389776 0.396062 0.402416 0.408837 0.415326 0.421883 0.42851 0.435205 0.441969 0.448803 0.455708 0.462683 0.469728 0.476845 0.484033 0.491293 0.498626 0.506031 0.513509 0.52106 0.528685 0.536384 0.544158 0.552006 0.559929 0.567928 0.576002 0.584153 0.59238 0.600684 0.609065 0.617524 0.626061 0.634676 0.64337 0.652143 0.660996 0.669928 0.67894 0.688032 0.697206 0.706461 0.715797 0.725215 0.734715 0.744298 0.753964 0.763713 0.773546 0.783463 0.793465 0.803551 0.813722 0.823979 0.834321 0.84475 0.855265 0.865867 0.876557 0.887334 0.898199 0.909152 0.920194 0.931325 0.942546 0.953856 0.965256 0.976747 0.988329 1 
1.21099e-05 1.22066e-05 1.28069e-05 1.42015e-05 1.6698e-05 2.0625e-05 2.63259e-05 3.41523e-05 4.44605e-05 5.76089e-05 7.39564e-05 9.38626e-05 0.000117687 0.000145788 0.000178527 0.00021626 0.000259348 0.000308148 0.00036302 0.000424321 0.000492411 0.000567646 0.000650386 0.000740989 0.000839812 0.000947213 0.00106355 0.00118918 0.00132447 0.00146976 0.00162543 0.00179181 0.00196929 0.0021582 0.00235891 0.00257178 0.00279717 0.00303543 0.00328691 0.00355199 0.00383101 0.00412433 0.00443232 0.00475532 0.0050937 0.00544782 0.00581802 0.00620468 0.00660814 0.00702877 0.00746692 0.00792295 0.00839722 0.00889009 0.00940191 0.00993304 0.0104838 0.0110547 0.0116459 0.0122578 0.0128909 0.0135454 0.0142217 0.0149202 0.0156412 0.0163851 0.0171523 0.017943 0.0187577 0.0195968 0.0204605 0.0213492 0.0222634 0.0232032 0.0241692 0.0251617 0.026181 0.0272274 0.0283014 0.0294033 0.0305334 0.0316922 0.0328799 0.0340969 0.0353437 0.0366204 0.0379276 0.0392655 0.0406345 0.042035 0.0434674 0.0449319 0.0464289 0.0479589 0.0495221 0.051119 0.0527498 0.0544149 0.0561147 0.0578496 0.0596199 0.0614259 0.0632681 0.0651468 0.0670622 0.0690149 0.0710051 0.0730333 0.0750997 0.0772047 0.0793487 0.081532 0.0837551 0.0860181 0.0883216 0.0906659 0.0930513 0.0954782 0.0979469 0.100458 0.103011 0.105608 0.108247 0.110931 0.113658 0.11643 0.119246 0.122107 0.125014 0.127967 0.130965 0.134011 0.137103 0.140242 0.143429 0.146664 0.149947 0.153278 0.156659 0.160089 0.163569 0.167099 0.170679 0.17431 0.177992 0.181726 0.185511 0.189349 0.193239 0.197182 0.201179 0.205229 0.209333 0.213492 0.217705 0.221973 0.226297 0.230676 0.235112 0.239604 0.244153 0.248759 0.253423 0.258145 0.262925 0.267764 0.272662 0.277619 0.282635 0.287712 0.29285 0.298048 0.303307 0.308628 0.31401 0.319455 0.324963 0.330533 0.336167 0.341864 0.347626 0.353451 0.359342 0.365297 0.371318 0.377405 0.383558 0.389778 0.396064 0.402418 0.408839 0.415328 0.421886 0.428512 0.435207 0.441971 0.448806 0.45571 0.462685 0.46973 0.476847 0.484035 0.491296 0.498628 0.506033 0.513511 0.521062 0.528687 0.536386 0.54416 0.552008 0.559931 0.56793 0.576004 0.584155 0.592382 0.600686 0.609067 0.617526 0.626063 0.634679 0.643372 0.652145 0.660998 0.66993 0.678942 0.688035 0.697208 0.706463 0.715799 0.725217 0.734717 0.7443 0.753966 0.763715 0.773548 0.783465 0.793467 0.803553 0.813724 0.823981 0.834323 0.844752 0.855267 0.865869 0.876559 0.887336 0.898201 0.909154 0.920196 0.931327 0.942548 0.953858 0.965258 0.976749 0.988331 1 
1.63287e-05 1.63885e-05 1.69081e-05 1.82116e-05 2.0625e-05 2.44833e-05 3.01298e-05 3.79139e-05 4.81894e-05 6.13122e-05 7.76397e-05 9.753e-05 0.000121342 0.000149433 0.000182162 0.000219889 0.00026297 0.000311766 0.000366633 0.000427931 0.000496018 0.00057125 0.000653988 0.000744589 0.00084341 0.00095081 0.00106715 0.00119278 0.00132806 0.00147335 0.00162902 0.0017954 0.00197288 0.00216179 0.0023625 0.00257537 0.00280075 0.00303901 0.0032905 0.00355557 0.00383459 0.00412792 0.0044359 0.00475891 0.00509729 0.0054514 0.00582161 0.00620826 0.00661173 0.00703235 0.00747051 0.00792654 0.00840081 0.00889367 0.00940549 0.00993662 0.0104874 0.0110582 0.0116494 0.0122614 0.0128944 0.0135489 0.0142253 0.0149238 0.0156448 0.0163887 0.0171558 0.0179466 0.0187613 0.0196004 0.0204641 0.0213528 0.0222669 0.0232068 0.0241728 0.0251653 0.0261845 0.027231 0.028305 0.0294069 0.030537 0.0316958 0.0328835 0.0341005 0.0353472 0.036624 0.0379312 0.0392691 0.0406381 0.0420386 0.0434709 0.0449355 0.0464325 0.0479625 0.0495257 0.0511225 0.0527533 0.0544185 0.0561183 0.0578532 0.0596235 0.0614295 0.0632717 0.0651503 0.0670658 0.0690185 0.0710087 0.0730368 0.0751032 0.0772083 0.0793523 0.0815356 0.0837586 0.0860217 0.0883252 0.0906695 0.0930549 0.0954818 0.0979505 0.100461 0.103015 0.105611 0.108251 0.110934 0.113662 0.116433 0.11925 0.122111 0.125018 0.12797 0.130969 0.134014 0.137106 0.140246 0.143432 0.146667 0.14995 0.153282 0.156663 0.160093 0.163572 0.167102 0.170682 0.174313 0.177995 0.181729 0.185515 0.189352 0.193243 0.197186 0.201182 0.205232 0.209337 0.213495 0.217708 0.221977 0.2263 0.23068 0.235116 0.239608 0.244157 0.248763 0.253427 0.258149 0.262929 0.267767 0.272665 0.277622 0.282639 0.287716 0.292853 0.298051 0.303311 0.308631 0.314014 0.319459 0.324966 0.330537 0.33617 0.341868 0.347629 0.353455 0.359345 0.365301 0.371322 0.377409 0.383562 0.389781 0.396068 0.402421 0.408843 0.415332 0.421889 0.428515 0.43521 0.441975 0.448809 0.455714 0.462688 0.469734 0.476851 0.484039 0.491299 0.498632 0.506037 0.513515 0.521066 0.528691 0.53639 0.544163 0.552011 0.559935 0.567933 0.576008 0.584158 0.592386 0.60069 0.609071 0.61753 0.626067 0.634682 0.643376 0.652149 0.661001 0.669933 0.678946 0.688038 0.697212 0.706466 0.715803 0.725221 0.734721 0.744304 0.75397 0.763719 0.773552 0.783469 0.79347 0.803556 0.813728 0.823984 0.834327 0.844756 0.855271 0.865873 0.876562 0.88734 0.898205 0.909158 0.9202 0.931331 0.942551 0.953862 0.965262 0.976753 0.988335 1.00001 
2.22157e-05 2.22566e-05 2.27289e-05 2.39726e-05 2.63259e-05 3.01298e-05 3.57299e-05 4.34757e-05 5.372e-05 6.68176e-05 8.31246e-05 0.000102998 0.000126796 0.000154876 0.000187596 0.000225315 0.00026839 0.000317179 0.000372042 0.000433336 0.000501418 0.000576648 0.000659383 0.000749981 0.0008488 0.000956198 0.00107253 0.00119816 0.00133344 0.00147874 0.0016344 0.00180078 0.00197826 0.00216717 0.00236788 0.00258075 0.00280613 0.00304439 0.00329587 0.00356095 0.00383997 0.00413329 0.00444128 0.00476428 0.00510266 0.00545677 0.00582698 0.00621363 0.0066171 0.00703773 0.00747588 0.00793191 0.00840618 0.00889904 0.00941086 0.00994199 0.0104928 0.0110636 0.0116548 0.0122668 0.0128998 0.0135543 0.0142306 0.0149291 0.0156501 0.0163941 0.0171612 0.017952 0.0187667 0.0196057 0.0204694 0.0213582 0.0222723 0.0232122 0.0241782 0.0251706 0.0261899 0.0272364 0.0283104 0.0294122 0.0305424 0.0317011 0.0328888 0.0341059 0.0353526 0.0366294 0.0379365 0.0392745 0.0406435 0.042044 0.0434763 0.0449408 0.0464379 0.0479678 0.0495311 0.0511279 0.0527587 0.0544239 0.0561237 0.0578586 0.0596288 0.0614349 0.0632771 0.0651557 0.0670712 0.0690238 0.0710141 0.0730422 0.0751086 0.0772136 0.0793576 0.081541 0.083764 0.0860271 0.0883306 0.0906749 0.0930603 0.0954871 0.0979559 0.100467 0.10302 0.105617 0.108256 0.11094 0.113667 0.116439 0.119255 0.122116 0.125023 0.127976 0.130974 0.13402 0.137112 0.140251 0.143438 0.146673 0.149956 0.153287 0.156668 0.160098 0.163578 0.167107 0.170688 0.174319 0.178001 0.181735 0.18552 0.189358 0.193248 0.197191 0.201188 0.205238 0.209342 0.213501 0.217714 0.221982 0.226306 0.230685 0.235121 0.239613 0.244162 0.248768 0.253432 0.258154 0.262934 0.267773 0.27267 0.277628 0.282644 0.287721 0.292859 0.298057 0.303316 0.308637 0.314019 0.319464 0.324972 0.330542 0.336176 0.341873 0.347635 0.35346 0.359351 0.365306 0.371327 0.377414 0.383567 0.389787 0.396073 0.402427 0.408848 0.415337 0.421894 0.428521 0.435216 0.44198 0.448815 0.455719 0.462694 0.469739 0.476856 0.484044 0.491305 0.498637 0.506042 0.51352 0.521071 0.528696 0.536395 0.544169 0.552017 0.55994 0.567939 0.576013 0.584164 0.592391 0.600695 0.609076 0.617535 0.626072 0.634687 0.643381 0.652154 0.661007 0.669939 0.678951 0.688044 0.697217 0.706472 0.715808 0.725226 0.734726 0.744309 0.753975 0.763724 0.773557 0.783474 0.793476 0.803562 0.813733 0.82399 0.834332 0.844761 0.855276 0.865878 0.876568 0.887345 0.89821 0.909163 0.920205 0.931336 0.942557 0.953867 0.965267 0.976758 0.98834 1.00001 
3.01668e-05 3.01965e-05 3.06393e-05 3.18428e-05 3.41523e-05 3.79139e-05 4.34757e-05 5.11883e-05 6.14042e-05 7.4478e-05 9.0765e-05 0.000110622 0.000134406 0.000162474 0.000195184 0.000232894 0.000275962 0.000324746 0.000379603 0.000440892 0.000508971 0.000584197 0.000666929 0.000757524 0.00085634 0.000963736 0.00108007 0.0012057 0.00134098 0.00148627 0.00164193 0.00180831 0.00198578 0.00217469 0.0023754 0.00258827 0.00281365 0.00305191 0.0033034 0.00356847 0.00384749 0.00414081 0.0044488 0.0047718 0.00511018 0.00546429 0.0058345 0.00622115 0.00662462 0.00704524 0.00748339 0.00793942 0.00841369 0.00890656 0.00941837 0.0099495 0.0105003 0.0110711 0.0116623 0.0122743 0.0129073 0.0135618 0.0142381 0.0149366 0.0156577 0.0164016 0.0171687 0.0179595 0.0187742 0.0196132 0.0204769 0.0213657 0.0222798 0.0232197 0.0241857 0.0251782 0.0261974 0.0272439 0.0283179 0.0294198 0.0305499 0.0317086 0.0328964 0.0341134 0.0353601 0.0366369 0.037944 0.039282 0.040651 0.0420515 0.0434838 0.0449483 0.0464454 0.0479754 0.0495386 0.0511354 0.0527662 0.0544314 0.0561312 0.0578661 0.0596364 0.0614424 0.0632846 0.0651632 0.0670787 0.0690314 0.0710216 0.0730497 0.0751161 0.0772211 0.0793651 0.0815485 0.0837715 0.0860346 0.0883381 0.0906824 0.0930678 0.0954946 0.0979634 0.100474 0.103028 0.105624 0.108264 0.110947 0.113674 0.116446 0.119262 0.122124 0.125031 0.127983 0.130982 0.134027 0.137119 0.140258 0.143445 0.14668 0.149963 0.153295 0.156675 0.160105 0.163585 0.167115 0.170695 0.174326 0.178008 0.181742 0.185528 0.189365 0.193256 0.197199 0.201195 0.205245 0.20935 0.213508 0.217721 0.22199 0.226313 0.230693 0.235128 0.239621 0.24417 0.248776 0.25344 0.258161 0.262942 0.26778 0.272678 0.277635 0.282652 0.287729 0.292866 0.298064 0.303323 0.308644 0.314027 0.319472 0.324979 0.33055 0.336183 0.341881 0.347642 0.353468 0.359358 0.365314 0.371335 0.377422 0.383575 0.389794 0.396081 0.402434 0.408855 0.415345 0.421902 0.428528 0.435223 0.441988 0.448822 0.455726 0.462701 0.469747 0.476864 0.484052 0.491312 0.498644 0.50605 0.513527 0.521079 0.528704 0.536403 0.544176 0.552024 0.559947 0.567946 0.576021 0.584171 0.592399 0.600703 0.609084 0.617543 0.62608 0.634695 0.643389 0.652162 0.661014 0.669946 0.678958 0.688051 0.697225 0.706479 0.715815 0.725233 0.734734 0.744317 0.753983 0.763732 0.773565 0.783482 0.793483 0.803569 0.813741 0.823997 0.83434 0.844769 0.855284 0.865886 0.876575 0.887352 0.898217 0.909171 0.920213 0.931344 0.942564 0.953875 0.965275 0.976766 0.988348 1.00002 
4.05618e-05 4.05845e-05 4.10077e-05 4.21831e-05 4.44605e-05 4.81894e-05 5.372e-05 6.14042e-05 7.15951e-05 8.4647e-05 0.000100915 0.000120756 0.000144526 0.000172582 0.000205283 0.000242984 0.000286044 0.000334821 0.000389673 0.000450957 0.000519031 0.000594253 0.000676982 0.000767574 0.000866388 0.000973781 0.00109011 0.00121574 0.00135102 0.00149631 0.00165196 0.00181835 0.00199582 0.00218473 0.00238544 0.0025983 0.00282368 0.00306194 0.00331342 0.0035785 0.00385752 0.00415084 0.00445882 0.00478182 0.0051202 0.00547432 0.00584452 0.00623118 0.00663464 0.00705527 0.00749342 0.00794945 0.00842371 0.00891658 0.00942839 0.00995952 0.0105103 0.0110811 0.0116723 0.0122843 0.0129173 0.0135719 0.0142482 0.0149467 0.0156677 0.0164116 0.0171787 0.0179695 0.0187842 0.0196233 0.020487 0.0213757 0.0222898 0.0232297 0.0241957 0.0251882 0.0262074 0.0272539 0.0283279 0.0294298 0.0305599 0.0317187 0.0329064 0.0341234 0.0353701 0.0366469 0.0379541 0.039292 0.040661 0.0420615 0.0434938 0.0449584 0.0464554 0.0479854 0.0495486 0.0511454 0.0527762 0.0544414 0.0561412 0.0578761 0.0596464 0.0614524 0.0632946 0.0651732 0.0670887 0.0690414 0.0710316 0.0730597 0.0751261 0.0772311 0.0793751 0.0815585 0.0837815 0.0860446 0.0883481 0.0906924 0.0930778 0.0955047 0.0979734 0.100484 0.103038 0.105634 0.108274 0.110957 0.113684 0.116456 0.119272 0.122134 0.125041 0.127993 0.130992 0.134037 0.137129 0.140268 0.143455 0.14669 0.149973 0.153305 0.156685 0.160115 0.163595 0.167125 0.170705 0.174336 0.178018 0.181752 0.185538 0.189375 0.193266 0.197209 0.201205 0.205255 0.20936 0.213518 0.217731 0.222 0.226323 0.230703 0.235138 0.239631 0.24418 0.248786 0.25345 0.258171 0.262952 0.26779 0.272688 0.277645 0.282662 0.287739 0.292876 0.298074 0.303333 0.308654 0.314037 0.319482 0.324989 0.33056 0.336193 0.341891 0.347652 0.353478 0.359368 0.365324 0.371345 0.377432 0.383585 0.389804 0.396091 0.402444 0.408865 0.415355 0.421912 0.428538 0.435233 0.441998 0.448832 0.455736 0.462711 0.469757 0.476874 0.484062 0.491322 0.498655 0.50606 0.513538 0.521089 0.528714 0.536413 0.544186 0.552034 0.559957 0.567956 0.576031 0.584181 0.592409 0.600713 0.609094 0.617553 0.62609 0.634705 0.643399 0.652172 0.661024 0.669956 0.678968 0.688061 0.697235 0.706489 0.715825 0.725244 0.734744 0.744327 0.753993 0.763742 0.773575 0.783492 0.793493 0.803579 0.813751 0.824007 0.83435 0.844779 0.855294 0.865896 0.876585 0.887362 0.898227 0.909181 0.920223 0.931354 0.942574 0.953885 0.965285 0.976776 0.988358 1.00003 
5.37726e-05 5.37905e-05 5.42001e-05 5.53555e-05 5.76089e-05 6.13122e-05 6.68176e-05 7.4478e-05 8.4647e-05 9.76793e-05 0.00011393 0.000133756 0.000157513 0.000185557 0.000218247 0.00025594 0.000298993 0.000347763 0.000402609 0.000463887 0.000531957 0.000607175 0.0006899 0.000780489 0.0008793 0.00098669 0.00110302 0.00122864 0.00136392 0.00150921 0.00166486 0.00183125 0.00200871 0.00219762 0.00239833 0.0026112 0.00283658 0.00307483 0.00332631 0.00359139 0.0038704 0.00416373 0.00447171 0.00479471 0.00513309 0.0054872 0.00585741 0.00624406 0.00664752 0.00706815 0.0075063 0.00796233 0.0084366 0.00892946 0.00944128 0.00997241 0.0105232 0.011094 0.0116852 0.0122972 0.0129302 0.0135847 0.0142611 0.0149595 0.0156806 0.0164245 0.0171916 0.0179824 0.0187971 0.0196361 0.0204998 0.0213886 0.0223027 0.0232426 0.0242086 0.025201 0.0262203 0.0272668 0.0283408 0.0294427 0.0305728 0.0317315 0.0329193 0.0341363 0.035383 0.0366598 0.0379669 0.0393049 0.0406739 0.0420744 0.0435067 0.0449712 0.0464683 0.0479983 0.0495615 0.0511583 0.0527891 0.0544543 0.0561541 0.057889 0.0596593 0.0614653 0.0633075 0.0651861 0.0671016 0.0690543 0.0710445 0.0730726 0.075139 0.077244 0.079388 0.0815714 0.0837944 0.0860575 0.088361 0.0907053 0.0930907 0.0955175 0.0979863 0.100497 0.103051 0.105647 0.108287 0.11097 0.113697 0.116469 0.119285 0.122147 0.125054 0.128006 0.131005 0.13405 0.137142 0.140281 0.143468 0.146703 0.149986 0.153318 0.156698 0.160128 0.163608 0.167138 0.170718 0.174349 0.178031 0.181765 0.18555 0.189388 0.193278 0.197222 0.201218 0.205268 0.209372 0.213531 0.217744 0.222012 0.226336 0.230716 0.235151 0.239644 0.244193 0.248799 0.253463 0.258184 0.262964 0.267803 0.272701 0.277658 0.282675 0.287752 0.292889 0.298087 0.303346 0.308667 0.31405 0.319495 0.325002 0.330573 0.336206 0.341904 0.347665 0.353491 0.359381 0.365337 0.371358 0.377445 0.383598 0.389817 0.396103 0.402457 0.408878 0.415367 0.421925 0.428551 0.435246 0.442011 0.448845 0.455749 0.462724 0.46977 0.476886 0.484075 0.491335 0.498667 0.506072 0.51355 0.521102 0.528727 0.536426 0.544199 0.552047 0.55997 0.567969 0.576044 0.584194 0.592421 0.600726 0.609107 0.617566 0.626103 0.634718 0.643412 0.652185 0.661037 0.669969 0.678981 0.688074 0.697247 0.706502 0.715838 0.725256 0.734757 0.74434 0.754006 0.763755 0.773588 0.783505 0.793506 0.803592 0.813763 0.82402 0.834363 0.844791 0.855307 0.865909 0.876598 0.887375 0.89824 0.909194 0.920236 0.931367 0.942587 0.953898 0.965298 0.976789 0.988371 1.00004 
7.01665e-05 7.01809e-05 7.05808e-05 7.17213e-05 7.39564e-05 7.76397e-05 8.31246e-05 9.0765e-05 0.000100915 0.00011393 0.000130166 0.000149977 0.000173721 0.000201755 0.000234435 0.000272119 0.000315164 0.000363928 0.000418767 0.000480041 0.000548105 0.00062332 0.00070604 0.000796626 0.000895434 0.00100282 0.00111915 0.00124477 0.00138004 0.00152533 0.00168098 0.00184737 0.00202483 0.00221374 0.00241445 0.00262731 0.00285269 0.00309094 0.00334243 0.0036075 0.00388651 0.00417984 0.00448782 0.00481082 0.0051492 0.00550331 0.00587351 0.00626017 0.00666363 0.00708425 0.0075224 0.00797843 0.0084527 0.00894556 0.00945738 0.00998851 0.0105393 0.0111101 0.0117013 0.0123133 0.0129463 0.0136008 0.0142772 0.0149756 0.0156967 0.0164406 0.0172077 0.0179985 0.0188132 0.0196522 0.0205159 0.0214047 0.0223188 0.0232587 0.0242247 0.0252171 0.0262364 0.0272829 0.0283569 0.0294588 0.0305889 0.0317476 0.0329354 0.0341524 0.0353991 0.0366759 0.037983 0.039321 0.04069 0.0420905 0.0435228 0.0449873 0.0464844 0.0480143 0.0495776 0.0511744 0.0528052 0.0544704 0.0561702 0.0579051 0.0596753 0.0614814 0.0633236 0.0652022 0.0671177 0.0690704 0.0710606 0.0730887 0.0751551 0.0772601 0.0794041 0.0815875 0.0838105 0.0860736 0.0883771 0.0907214 0.0931068 0.0955336 0.0980024 0.100513 0.103067 0.105663 0.108303 0.110986 0.113713 0.116485 0.119301 0.122163 0.12507 0.128022 0.131021 0.134066 0.137158 0.140297 0.143484 0.146719 0.150002 0.153334 0.156714 0.160144 0.163624 0.167154 0.170734 0.174365 0.178047 0.181781 0.185567 0.189404 0.193295 0.197238 0.201234 0.205284 0.209389 0.213547 0.21776 0.222029 0.226352 0.230732 0.235167 0.23966 0.244209 0.248815 0.253479 0.2582 0.262981 0.267819 0.272717 0.277674 0.282691 0.287768 0.292905 0.298103 0.303362 0.308683 0.314066 0.319511 0.325018 0.330589 0.336222 0.34192 0.347681 0.353507 0.359397 0.365353 0.371374 0.377461 0.383614 0.389833 0.39612 0.402473 0.408894 0.415384 0.421941 0.428567 0.435262 0.442027 0.448861 0.455765 0.46274 0.469786 0.476903 0.484091 0.491351 0.498683 0.506089 0.513566 0.521118 0.528743 0.536442 0.544215 0.552063 0.559986 0.567985 0.57606 0.58421 0.592438 0.600742 0.609123 0.617582 0.626119 0.634734 0.643428 0.652201 0.661053 0.669985 0.678997 0.68809 0.697264 0.706518 0.715854 0.725273 0.734773 0.744356 0.754022 0.763771 0.773604 0.783521 0.793522 0.803608 0.81378 0.824036 0.834379 0.844808 0.855323 0.865925 0.876614 0.887391 0.898257 0.90921 0.920252 0.931383 0.942604 0.953914 0.965314 0.976805 0.988387 1.00006 
9.01078e-05 9.01197e-05 9.05123e-05 9.16416e-05 9.38626e-05 9.753e-05 0.000102998 0.000110622 0.000120756 0.000133756 0.000149977 0.000169776 0.000193508 0.000221532 0.000254202 0.000291878 0.000334915 0.000383672 0.000438506 0.000499774 0.000567834 0.000643043 0.00072576 0.000816342 0.000915147 0.00102253 0.00113886 0.00126447 0.00139975 0.00154503 0.00170068 0.00186706 0.00204453 0.00223343 0.00243414 0.002647 0.00287238 0.00311063 0.00336211 0.00362718 0.0039062 0.00419952 0.0045075 0.0048305 0.00516888 0.00552299 0.0058932 0.00627985 0.00668331 0.00710394 0.00754209 0.00799811 0.00847238 0.00896524 0.00947706 0.0100082 0.010559 0.0111298 0.011721 0.012333 0.012966 0.0136205 0.0142968 0.0149953 0.0157163 0.0164602 0.0172274 0.0180182 0.0188329 0.0196719 0.0205356 0.0214244 0.0223385 0.0232784 0.0242444 0.0252368 0.0262561 0.0273026 0.0283765 0.0294784 0.0306086 0.0317673 0.032955 0.0341721 0.0354188 0.0366956 0.0380027 0.0393406 0.0407097 0.0421102 0.0435425 0.045007 0.0465041 0.048034 0.0495972 0.0511941 0.0528249 0.05449 0.0561899 0.0579247 0.059695 0.0615011 0.0633432 0.0652219 0.0671374 0.06909 0.0710802 0.0731084 0.0751748 0.0772798 0.0794238 0.0816071 0.0838302 0.0860933 0.0883968 0.090741 0.0931264 0.0955533 0.098022 0.100533 0.103086 0.105683 0.108323 0.111006 0.113733 0.116505 0.119321 0.122182 0.125089 0.128042 0.131041 0.134086 0.137178 0.140317 0.143504 0.146739 0.150022 0.153353 0.156734 0.160164 0.163644 0.167174 0.170754 0.174385 0.178067 0.181801 0.185586 0.189424 0.193314 0.197257 0.201254 0.205304 0.209408 0.213567 0.21778 0.222048 0.226372 0.230751 0.235187 0.239679 0.244228 0.248835 0.253498 0.25822 0.263 0.267839 0.272737 0.277694 0.282711 0.287787 0.292925 0.298123 0.303382 0.308703 0.314086 0.31953 0.325038 0.330608 0.336242 0.341939 0.347701 0.353527 0.359417 0.365373 0.371394 0.37748 0.383633 0.389853 0.396139 0.402493 0.408914 0.415403 0.421961 0.428587 0.435282 0.442046 0.448881 0.455785 0.46276 0.469805 0.476922 0.484111 0.491371 0.498703 0.506108 0.513586 0.521137 0.528762 0.536461 0.544235 0.552083 0.560006 0.568005 0.576079 0.58423 0.592457 0.600761 0.609143 0.617602 0.626138 0.634754 0.643448 0.652221 0.661073 0.670005 0.679017 0.68811 0.697283 0.706538 0.715874 0.725292 0.734793 0.744375 0.754041 0.763791 0.773624 0.783541 0.793542 0.803628 0.813799 0.824056 0.834399 0.844827 0.855343 0.865945 0.876634 0.887411 0.898276 0.90923 0.920272 0.931403 0.942623 0.953933 0.965334 0.976825 0.988406 1.00008 
0.000113959 0.000113969 0.000114356 0.000115477 0.000117687 0.000121342 0.000126796 0.000134406 0.000144526 0.000157513 0.000173721 0.000193508 0.00021723 0.000245244 0.000277906 0.000315573 0.000358603 0.000407353 0.000462181 0.000523444 0.000591499 0.000666704 0.000749417 0.000839995 0.000938797 0.00104618 0.0011625 0.00128812 0.00142339 0.00156867 0.00172432 0.0018907 0.00206816 0.00225706 0.00245777 0.00267063 0.00289601 0.00313426 0.00338574 0.00365081 0.00392982 0.00422314 0.00453112 0.00485412 0.0051925 0.00554661 0.00591681 0.00630347 0.00670693 0.00712755 0.0075657 0.00802173 0.008496 0.00898886 0.00950067 0.0100318 0.0105826 0.0111534 0.0117446 0.0123566 0.0129896 0.0136441 0.0143204 0.0150189 0.01574 0.0164839 0.017251 0.0180418 0.0188565 0.0196955 0.0205592 0.021448 0.0223621 0.023302 0.024268 0.0252604 0.0262797 0.0273262 0.0284002 0.029502 0.0306322 0.0317909 0.0329786 0.0341957 0.0354424 0.0367192 0.0380263 0.0393642 0.0407333 0.0421338 0.0435661 0.0450306 0.0465277 0.0480576 0.0496208 0.0512177 0.0528485 0.0545136 0.0562135 0.0579483 0.0597186 0.0615247 0.0633668 0.0652455 0.067161 0.0691136 0.0711039 0.073132 0.0751984 0.0773034 0.0794474 0.0816307 0.0838538 0.0861169 0.0884204 0.0907646 0.09315 0.0955769 0.0980456 0.100557 0.10311 0.105706 0.108346 0.111029 0.113757 0.116528 0.119345 0.122206 0.125113 0.128065 0.131064 0.134109 0.137201 0.140341 0.143528 0.146762 0.150045 0.153377 0.156758 0.160188 0.163667 0.167197 0.170777 0.174408 0.178091 0.181824 0.18561 0.189448 0.193338 0.197281 0.201277 0.205328 0.209432 0.21359 0.217804 0.222072 0.226396 0.230775 0.235211 0.239703 0.244252 0.248858 0.253522 0.258244 0.263024 0.267863 0.27276 0.277717 0.282734 0.287811 0.292948 0.298146 0.303406 0.308727 0.314109 0.319554 0.325062 0.330632 0.336266 0.341963 0.347724 0.35355 0.359441 0.365396 0.371417 0.377504 0.383657 0.389877 0.396163 0.402516 0.408938 0.415427 0.421984 0.42861 0.435306 0.44207 0.448904 0.455809 0.462783 0.469829 0.476946 0.484134 0.491394 0.498727 0.506132 0.51361 0.521161 0.528786 0.536485 0.544258 0.552107 0.56003 0.568028 0.576103 0.584254 0.592481 0.600785 0.609166 0.617625 0.626162 0.634777 0.643471 0.652244 0.661096 0.670029 0.679041 0.688133 0.697307 0.706562 0.715898 0.725316 0.734816 0.744399 0.754065 0.763814 0.773647 0.783564 0.793566 0.803652 0.813823 0.82408 0.834422 0.844851 0.855366 0.865968 0.876658 0.887435 0.8983 0.909253 0.920295 0.931426 0.942647 0.953957 0.965358 0.976848 0.98843 1.0001 
0.000142082 0.000142091 0.000142474 0.000143587 0.000145788 0.000149433 0.000154876 0.000162474 0.000172582 0.000185557 0.000201755 0.000221532 0.000245244 0.000273248 0.000305902 0.000343561 0.000386584 0.000435328 0.00049015 0.000551407 0.000619458 0.000694659 0.000777368 0.000867942 0.00096674 0.00107412 0.00119044 0.00131605 0.00145132 0.0015966 0.00175225 0.00191862 0.00209608 0.00228499 0.00248569 0.00269855 0.00292393 0.00316218 0.00341366 0.00367872 0.00395774 0.00425106 0.00455904 0.00488204 0.00522041 0.00557452 0.00594473 0.00633138 0.00673484 0.00715546 0.00759361 0.00804964 0.0085239 0.00901677 0.00952858 0.0100597 0.0106105 0.0111813 0.0117725 0.0123845 0.0130175 0.013672 0.0143483 0.0150468 0.0157679 0.0165118 0.0172789 0.0180697 0.0188844 0.0197234 0.0205871 0.0214759 0.02239 0.0233299 0.0242959 0.0252883 0.0263076 0.0273541 0.0284281 0.0295299 0.0306601 0.0318188 0.0330065 0.0342236 0.0354703 0.0367471 0.0380542 0.0393921 0.0407612 0.0421617 0.043594 0.0450585 0.0465556 0.0480855 0.0496487 0.0512456 0.0528764 0.0545415 0.0562414 0.0579762 0.0597465 0.0615526 0.0633947 0.0652734 0.0671889 0.0691415 0.0711318 0.0731599 0.0752263 0.0773313 0.0794753 0.0816586 0.0838817 0.0861448 0.0884483 0.0907925 0.0931779 0.0956048 0.0980735 0.100584 0.103138 0.105734 0.108374 0.111057 0.113785 0.116556 0.119373 0.122234 0.125141 0.128093 0.131092 0.134137 0.137229 0.140369 0.143555 0.14679 0.150073 0.153405 0.156786 0.160216 0.163695 0.167225 0.170805 0.174436 0.178119 0.181852 0.185638 0.189475 0.193366 0.197309 0.201305 0.205356 0.20946 0.213618 0.217831 0.2221 0.226423 0.230803 0.235239 0.239731 0.24428 0.248886 0.25355 0.258272 0.263052 0.26789 0.272788 0.277745 0.282762 0.287839 0.292976 0.298174 0.303434 0.308754 0.314137 0.319582 0.325089 0.33066 0.336294 0.341991 0.347752 0.353578 0.359469 0.365424 0.371445 0.377532 0.383685 0.389904 0.396191 0.402544 0.408966 0.415455 0.422012 0.428638 0.435333 0.442098 0.448932 0.455837 0.462811 0.469857 0.476974 0.484162 0.491422 0.498755 0.50616 0.513638 0.521189 0.528814 0.536513 0.544286 0.552134 0.560058 0.568056 0.576131 0.584282 0.592509 0.600813 0.609194 0.617653 0.62619 0.634805 0.643499 0.652272 0.661124 0.670056 0.679069 0.688161 0.697335 0.706589 0.715926 0.725344 0.734844 0.744427 0.754093 0.763842 0.773675 0.783592 0.793593 0.80368 0.813851 0.824108 0.83445 0.844879 0.855394 0.865996 0.876686 0.887463 0.898328 0.909281 0.920323 0.931454 0.942675 0.953985 0.965385 0.976876 0.988458 1.00013 
0.000174838 0.000174845 0.000175224 0.000176333 0.000178527 0.000182162 0.000187596 0.000195184 0.000205283 0.000218247 0.000234435 0.000254202 0.000277906 0.000305902 0.000338547 0.0003762 0.000419216 0.000467954 0.00052277 0.000584022 0.000652068 0.000727264 0.00080997 0.000900541 0.000999335 0.00110671 0.00122303 0.00134864 0.0014839 0.00162918 0.00178483 0.0019512 0.00212866 0.00231756 0.00251826 0.00273112 0.0029565 0.00319475 0.00344622 0.00371129 0.00399031 0.00428362 0.0045916 0.0049146 0.00525298 0.00560708 0.00597729 0.00636394 0.0067674 0.00718802 0.00762617 0.0080822 0.00855646 0.00904932 0.00956114 0.0100923 0.0106431 0.0112139 0.0118051 0.012417 0.0130501 0.0137046 0.0143809 0.0150794 0.0158004 0.0165443 0.0173115 0.0181022 0.0189169 0.019756 0.0206197 0.0215084 0.0224226 0.0233624 0.0243284 0.0253209 0.0263402 0.0273866 0.0284606 0.0295625 0.0306926 0.0318514 0.0330391 0.0342561 0.0355029 0.0367796 0.0380868 0.0394247 0.0407937 0.0421942 0.0436265 0.0450911 0.0465881 0.0481181 0.0496813 0.0512781 0.0529089 0.0545741 0.0562739 0.0580088 0.0597791 0.0615851 0.0634273 0.0653059 0.0672214 0.0691741 0.0711643 0.0731924 0.0752588 0.0773639 0.0795079 0.0816912 0.0839142 0.0861773 0.0884808 0.0908251 0.0932105 0.0956374 0.0981061 0.100617 0.10317 0.105767 0.108407 0.11109 0.113817 0.116589 0.119405 0.122267 0.125173 0.128126 0.131125 0.13417 0.137262 0.140401 0.143588 0.146823 0.150106 0.153437 0.156818 0.160248 0.163728 0.167258 0.170838 0.174469 0.178151 0.181885 0.18567 0.189508 0.193398 0.197341 0.201338 0.205388 0.209492 0.213651 0.217864 0.222132 0.226456 0.230835 0.235271 0.239763 0.244312 0.248919 0.253582 0.258304 0.263084 0.267923 0.272821 0.277778 0.282795 0.287871 0.293009 0.298207 0.303466 0.308787 0.31417 0.319615 0.325122 0.330692 0.336326 0.342023 0.347785 0.353611 0.359501 0.365457 0.371478 0.377564 0.383717 0.389937 0.396223 0.402577 0.408998 0.415487 0.422045 0.428671 0.435366 0.442131 0.448965 0.455869 0.462844 0.46989 0.477006 0.484195 0.491455 0.498787 0.506192 0.51367 0.521222 0.528846 0.536545 0.544319 0.552167 0.56009 0.568089 0.576163 0.584314 0.592541 0.600845 0.609227 0.617686 0.626223 0.634838 0.643532 0.652305 0.661157 0.670089 0.679101 0.688194 0.697367 0.706622 0.715958 0.725376 0.734877 0.74446 0.754126 0.763875 0.773708 0.783625 0.793626 0.803712 0.813883 0.82414 0.834483 0.844911 0.855427 0.866029 0.876718 0.887495 0.89836 0.909314 0.920356 0.931487 0.942707 0.954018 0.965418 0.976909 0.988491 1.00016 
0.000212585 0.000212592 0.000212968 0.000214072 0.00021626 0.000219889 0.000225315 0.000232894 0.000242984 0.00025594 0.000272119 0.000291878 0.000315573 0.000343561 0.0003762 0.000413846 0.000456856 0.000505588 0.000560398 0.000621646 0.000689687 0.000764879 0.00084758 0.000938147 0.00103694 0.00114431 0.00126062 0.00138623 0.0015215 0.00166677 0.00182242 0.00198879 0.00216624 0.00235514 0.00255584 0.0027687 0.00299408 0.00323232 0.0034838 0.00374887 0.00402788 0.0043212 0.00462917 0.00495217 0.00529055 0.00564465 0.00601486 0.00640151 0.00680497 0.00722559 0.00766374 0.00811976 0.00859403 0.00908689 0.0095987 0.0101298 0.0106806 0.0112514 0.0118426 0.0124546 0.0130876 0.0137421 0.0144185 0.015117 0.015838 0.0165819 0.017349 0.0181398 0.0189545 0.0197935 0.0206572 0.021546 0.0224601 0.0234 0.024366 0.0253584 0.0263777 0.0274242 0.0284982 0.0296 0.0307302 0.0318889 0.0330766 0.0342937 0.0355404 0.0368172 0.0381243 0.0394622 0.0408313 0.0422318 0.0436641 0.0451286 0.0466257 0.0481556 0.0497189 0.0513157 0.0529465 0.0546116 0.0563115 0.0580464 0.0598166 0.0616227 0.0634648 0.0653435 0.067259 0.0692116 0.0712019 0.07323 0.0752964 0.0774014 0.0795454 0.0817287 0.0839518 0.0862149 0.0885184 0.0908626 0.093248 0.0956749 0.0981436 0.100655 0.103208 0.105804 0.108444 0.111127 0.113855 0.116626 0.119443 0.122304 0.125211 0.128163 0.131162 0.134207 0.137299 0.140439 0.143626 0.14686 0.150143 0.153475 0.156856 0.160286 0.163765 0.167295 0.170875 0.174507 0.178189 0.181922 0.185708 0.189546 0.193436 0.197379 0.201376 0.205426 0.20953 0.213688 0.217902 0.22217 0.226494 0.230873 0.235309 0.239801 0.24435 0.248956 0.25362 0.258342 0.263122 0.267961 0.272858 0.277815 0.282832 0.287909 0.293046 0.298244 0.303504 0.308825 0.314207 0.319652 0.32516 0.33073 0.336364 0.342061 0.347822 0.353648 0.359539 0.365494 0.371515 0.377602 0.383755 0.389975 0.396261 0.402614 0.409036 0.415525 0.422082 0.428708 0.435404 0.442168 0.449002 0.455907 0.462881 0.469927 0.477044 0.484232 0.491492 0.498825 0.50623 0.513708 0.521259 0.528884 0.536583 0.544356 0.552205 0.560128 0.568126 0.576201 0.584352 0.592579 0.600883 0.609264 0.617723 0.62626 0.634875 0.643569 0.652342 0.661195 0.670127 0.679139 0.688231 0.697405 0.70666 0.715996 0.725414 0.734914 0.744497 0.754163 0.763912 0.773745 0.783662 0.793664 0.80375 0.813921 0.824178 0.83452 0.844949 0.855464 0.866066 0.876756 0.887533 0.898398 0.909351 0.920393 0.931524 0.942745 0.954055 0.965456 0.976947 0.988528 1.0002 
