0 0.000122076 0.000177437 0.000210092 0.00023287 0.000250342 0.000264501 0.000276371 0.000286546 0.000295397 0.000303171 0.000310037 0.000316115 0.000321494 0.000326236 0.000330388 0.000333986 0.000337055 0.000339614 0.000341677 0.000343253 0.00034435 0.000344972 0.000345123 0.000344804 0.000344015 0.000342758 0.000341033 0.00033884 0.00033618 0.000333053 0.000329459 0.000325402 0.000320882 0.000315903 0.000310469 0.000304583 0.00029825 0.000291477 0.000284271 0.000276639 0.000268589 0.000260131 0.000251276 0.000242034 0.000232418 0.00022244 0.000212114 0.000201455 0.000190479 0.0001792 0.000167635 0.000155803 0.000143721 0.000131408 0.000118883 0.000106166 9.32762e-05 8.02352e-05 6.70636e-05 5.37827e-05 4.04141e-05 2.69795e-05 1.35008e-05 0 
0.000122076 0.000154466 0.000186857 0.000212138 0.000231677 0.000247209 0.000259923 0.000270579 0.000279665 0.000287509 0.000294333 0.000300297 0.000305515 0.00031007 0.000314026 0.000317428 0.000320312 0.000322705 0.000324625 0.000326088 0.000327104 0.000327681 0.000327825 0.00032754 0.000326828 0.000325691 0.00032413 0.000322147 0.000319742 0.000316916 0.00031367 0.000310004 0.000305922 0.000301425 0.000296515 0.000291197 0.000285474 0.00027935 0.000272832 0.000265925 0.000258637 0.000250974 0.000242946 0.000234562 0.000225832 0.000216767 0.000207377 0.000197676 0.000187677 0.000177393 0.000166838 0.000156027 0.000144977 0.000133703 0.000122222 0.000110552 9.87087e-05 8.67115e-05 7.45787e-05 6.23289e-05 4.99812e-05 3.75549e-05 2.50695e-05 1.25447e-05 7.70372e-34 
0.000177437 0.000186857 0.000203393 0.000219934 0.000234502 0.000246905 0.000257418 0.000266371 0.000274046 0.000280659 0.000286378 0.000291328 0.000295603 0.000299275 0.000302399 0.000305019 0.000307165 0.000308862 0.000310131 0.000310984 0.000311433 0.000311486 0.000311149 0.000310426 0.00030932 0.000307835 0.00030597 0.000303729 0.000301111 0.000298119 0.000294753 0.000291014 0.000286905 0.000282427 0.000277583 0.000272377 0.000266811 0.000260891 0.000254621 0.000248006 0.000241053 0.000233768 0.00022616 0.000218236 0.000210005 0.000201477 0.000192663 0.000183572 0.000174217 0.000164609 0.000154762 0.000144688 0.000134402 0.000123917 0.000113249 0.000102413 9.1424e-05 8.02986e-05 6.90529e-05 5.77036e-05 4.62675e-05 3.47618e-05 2.32037e-05 1.16106e-05 1.54074e-33 
0.000210092 0.000212138 0.000219934 0.000229716 0.000239509 0.000248513 0.000256501 0.000263475 0.000269523 0.000274745 0.000279237 0.000283082 0.000286346 0.000289083 0.000291339 0.000293146 0.000294532 0.00029552 0.000296125 0.00029636 0.000296237 0.000295762 0.000294942 0.00029378 0.000292281 0.000290446 0.000288278 0.000285779 0.000282949 0.000279789 0.000276302 0.000272489 0.000268351 0.00026389 0.000259109 0.00025401 0.000248597 0.000242874 0.000236845 0.000230514 0.000223888 0.000216972 0.000209773 0.000202297 0.000194554 0.000186551 0.000178297 0.000169802 0.000161076 0.000152129 0.000142972 0.000133617 0.000124077 0.000114363 0.000104489 9.44671e-05 8.43122e-05 7.40379e-05 6.36583e-05 5.31881e-05 4.2642e-05 3.2035e-05 2.13822e-05 1.06988e-05 3.08149e-33 
0.00023287 0.000231677 0.000234502 0.000239509 0.000245332 0.000251174 0.000256637 0.000261554 0.000265879 0.000269621 0.000272812 0.00027549 0.000277694 0.000279459 0.000280816 0.000281789 0.000282399 0.000282664 0.000282597 0.00028221 0.00028151 0.000280505 0.000279201 0.000277601 0.000275708 0.000273525 0.000271054 0.000268297 0.000265254 0.000261928 0.00025832 0.00025443 0.000250261 0.000245815 0.000241093 0.000236098 0.000230832 0.000225301 0.000219506 0.000213452 0.000207144 0.000200587 0.000193786 0.000186749 0.000179481 0.00017199 0.000164283 0.000156369 0.000148256 0.000139953 0.00013147 0.000122817 0.000114004 0.000105042 9.59422e-05 8.67156e-05 7.73742e-05 6.79301e-05 5.83955e-05 4.8783e-05 3.91051e-05 2.93749e-05 1.96052e-05 9.8092e-06 3.08149e-33 
0.000250342 0.000247209 0.000246905 0.000248513 0.000251174 0.000254259 0.000257373 0.000260289 0.000262892 0.000265129 0.000266987 0.000268468 0.000269586 0.000270357 0.000270797 0.000270922 0.000270746 0.000270281 0.000269537 0.000268523 0.000267246 0.000265711 0.000263922 0.000261884 0.000259599 0.000257069 0.000254297 0.000251283 0.000248029 0.000244536 0.000240806 0.00023684 0.000232638 0.000228203 0.000223537 0.000218642 0.00021352 0.000208173 0.000202606 0.000196821 0.000190823 0.000184616 0.000178204 0.000171593 0.000164788 0.000157796 0.000150622 0.000143274 0.000135759 0.000128085 0.000120259 0.000112289 0.000104186 9.59565e-05 8.76113e-05 7.91596e-05 7.06113e-05 6.19765e-05 5.32656e-05 4.4489e-05 3.56575e-05 2.67819e-05 1.78731e-05 8.94208e-06 6.16298e-33 
0.000264501 0.000259923 0.000257418 0.000256501 0.000256637 0.000257373 0.000258374 0.000259417 0.000260359 0.000261118 0.000261649 0.000261931 0.000261956 0.000261724 0.000261241 0.000260513 0.000259547 0.00025835 0.000256929 0.000255289 0.000253435 0.000251371 0.000249101 0.000246627 0.000243952 0.000241078 0.000238006 0.000234737 0.000231273 0.000227615 0.000223763 0.000219719 0.000215483 0.000211058 0.000206445 0.000201646 0.000196662 0.000191495 0.000186149 0.000180626 0.000174929 0.000169062 0.000163028 0.000156832 0.000150478 0.000143972 0.000137318 0.000130521 0.000123588 0.000116526 0.000109339 0.000102036 9.46231e-05 8.71078e-05 7.94977e-05 7.18007e-05 6.40247e-05 5.61782e-05 4.82694e-05 4.03071e-05 3.22998e-05 2.42565e-05 1.61861e-05 8.0976e-06 0 
0.000276371 0.000270579 0.000266371 0.000263475 0.000261554 0.000260289 0.000259417 0.000258739 0.000258117 0.000257455 0.000256694 0.000255795 0.000254738 0.000253511 0.000252109 0.000250531 0.000248778 0.000246852 0.000244756 0.000242494 0.000240067 0.000237478 0.000234731 0.000231826 0.000228765 0.000225549 0.000222181 0.000218659 0.000214987 0.000211164 0.000207191 0.000203069 0.000198799 0.000194382 0.000189819 0.000185112 0.000180261 0.000175269 0.000170138 0.000164868 0.000159464 0.000153928 0.000148262 0.00014247 0.000136555 0.000130521 0.000124372 0.000118112 0.000111746 0.000105279 9.87149e-05 9.20598e-05 8.5319e-05 7.84982e-05 7.16034e-05 6.46407e-05 5.76163e-05 5.05367e-05 4.34085e-05 3.62383e-05 2.9033e-05 2.17995e-05 1.45448e-05 7.27597e-06 0 
0.000286546 0.000279665 0.000274046 0.000269523 0.000265879 0.000262892 0.000260359 0.000258117 0.000256039 0.000254031 0.000252029 0.000249986 0.000247872 0.000245667 0.00024336 0.000240943 0.000238412 0.000235765 0.000233002 0.000230124 0.000227132 0.000224025 0.000220806 0.000217474 0.000214032 0.000210481 0.000206819 0.000203049 0.000199171 0.000195185 0.000191093 0.000186893 0.000182588 0.000178178 0.000173663 0.000169044 0.000164322 0.000159499 0.000154575 0.000149553 0.000144433 0.000139218 0.00013391 0.00012851 0.000123022 0.000117447 0.000111789 0.000106051 0.000100236 9.43473e-05 8.83885e-05 8.23633e-05 7.62759e-05 7.01303e-05 6.39308e-05 5.76818e-05 5.13879e-05 4.50537e-05 3.86841e-05 3.22838e-05 2.5858e-05 1.94116e-05 1.29497e-05 6.47743e-06 0 
0.000295397 0.000287509 0.000280659 0.000274745 0.000269621 0.000265129 0.000261118 0.000257455 0.000254031 0.000250761 0.000247579 0.000244437 0.000241301 0.000238147 0.000234956 0.000231717 0.000228423 0.000225069 0.000221651 0.000218167 0.000214618 0.000211002 0.000207319 0.000203569 0.000199752 0.00019587 0.000191921 0.000187906 0.000183826 0.00017968 0.000175469 0.000171194 0.000166853 0.000162447 0.000157978 0.000153445 0.000148848 0.000144188 0.000139467 0.000134684 0.00012984 0.000124937 0.000119975 0.000114957 0.000109883 0.000104754 9.95733e-05 9.43418e-05 8.90615e-05 8.37346e-05 7.83632e-05 7.29498e-05 6.74967e-05 6.20067e-05 5.64822e-05 5.09261e-05 4.53414e-05 3.97309e-05 3.40977e-05 2.8445e-05 2.27758e-05 1.70935e-05 1.14012e-05 5.70224e-06 0 
0.000303171 0.000294333 0.000286378 0.000279237 0.000272812 0.000266987 0.000261649 0.000256694 0.000252029 0.000247579 0.000243284 0.000239096 0.00023498 0.000230908 0.000226861 0.000222825 0.000218787 0.000214742 0.000210684 0.000206609 0.000202515 0.0001984 0.000194263 0.000190104 0.000185921 0.000181715 0.000177484 0.00017323 0.000168952 0.00016465 0.000160323 0.000155972 0.000151595 0.000147195 0.000142769 0.000138318 0.000133842 0.000129341 0.000124815 0.000120264 0.000115688 0.000111088 0.000106463 0.000101814 9.71416e-05 9.24459e-05 8.77277e-05 8.29874e-05 7.8226e-05 7.3444e-05 6.86425e-05 6.38223e-05 5.89845e-05 5.413e-05 4.92602e-05 4.43761e-05 3.9479e-05 3.45702e-05 2.96511e-05 2.4723e-05 1.97875e-05 1.48459e-05 9.89983e-06 4.95068e-06 0 
0.000310037 0.000300297 0.000291328 0.000283082 0.00027549 0.000268468 0.000261931 0.000255795 0.000249986 0.000244437 0.000239096 0.000233918 0.000228867 0.000223917 0.000219047 0.000214239 0.000209482 0.000204767 0.000200086 0.000195436 0.000190812 0.000186212 0.000181633 0.000177074 0.000172534 0.000168013 0.000163508 0.000159021 0.00015455 0.000150095 0.000145655 0.00014123 0.000136819 0.000132422 0.000128039 0.000123668 0.000119309 0.000114961 0.000110625 0.000106299 0.000101983 9.76754e-05 9.33767e-05 8.90861e-05 8.48029e-05 8.05265e-05 7.62565e-05 7.19923e-05 6.77334e-05 6.34794e-05 5.92298e-05 5.49842e-05 5.07422e-05 4.65034e-05 4.22674e-05 3.8034e-05 3.38027e-05 2.95734e-05 2.53457e-05 2.11194e-05 1.68942e-05 1.26699e-05 8.44625e-06 4.22302e-06 1.2326e-32 
0.000316115 0.000305515 0.000295603 0.000286346 0.000277694 0.000269586 0.000261956 0.000254738 0.000247872 0.000241301 0.00023498 0.000228867 0.000222931 0.000217143 0.000211484 0.000205936 0.000200486 0.000195125 0.000189844 0.000184637 0.000179499 0.000174428 0.000169421 0.000164475 0.000159589 0.000154762 0.000149992 0.000145278 0.00014062 0.000136017 0.000131467 0.000126971 0.000122526 0.000118133 0.000113791 0.000109497 0.000105252 0.000101053 9.69005e-05 9.27923e-05 8.87273e-05 8.47041e-05 8.07213e-05 7.67774e-05 7.2871e-05 6.90004e-05 6.51641e-05 6.13604e-05 5.75878e-05 5.38445e-05 5.01287e-05 4.64388e-05 4.27731e-05 3.91296e-05 3.55066e-05 3.19024e-05 2.8315e-05 2.47426e-05 2.11834e-05 1.76356e-05 1.40971e-05 1.05662e-05 7.04099e-06 3.51955e-06 0 
0.000321494 0.00031007 0.000299275 0.000289083 0.000279459 0.000270357 0.000261724 0.000253511 0.000245667 0.000238147 0.000230908 0.000223917 0.000217143 0.000210562 0.000204151 0.000197896 0.000191783 0.000185801 0.000179942 0.000174199 0.000168567 0.000163043 0.000157622 0.000152302 0.000147082 0.000141959 0.000136933 0.000132001 0.000127162 0.000122416 0.000117761 0.000113196 0.00010872 0.000104331 0.000100029 9.58103e-05 9.16749e-05 8.76207e-05 8.36459e-05 7.97486e-05 7.59268e-05 7.21783e-05 6.8501e-05 6.48924e-05 6.13501e-05 5.78717e-05 5.44545e-05 5.10959e-05 4.7793e-05 4.45429e-05 4.13428e-05 3.81896e-05 3.50803e-05 3.20116e-05 2.89805e-05 2.59837e-05 2.30179e-05 2.00798e-05 1.71659e-05 1.42729e-05 1.13973e-05 8.53572e-06 5.68464e-06 2.84057e-06 1.2326e-32 
0.000326236 0.000314026 0.000302399 0.000291339 0.000280816 0.000270797 0.000261241 0.000252109 0.00024336 0.000234956 0.000226861 0.000219047 0.000211484 0.000204151 0.000197029 0.000190102 0.000183356 0.000176782 0.00017037 0.000164113 0.000158007 0.000152047 0.00014623 0.000140551 0.00013501 0.000129604 0.000124331 0.000119189 0.000114178 0.000109295 0.000104539 9.99089e-05 9.54028e-05 9.1019e-05 8.67556e-05 8.26107e-05 7.85823e-05 7.4668e-05 7.08655e-05 6.71723e-05 6.35856e-05 6.01025e-05 5.67202e-05 5.34354e-05 5.02447e-05 4.71448e-05 4.4132e-05 4.12027e-05 3.83528e-05 3.55785e-05 3.28756e-05 3.02399e-05 2.7667e-05 2.51525e-05 2.26919e-05 2.02806e-05 1.79138e-05 1.55868e-05 1.32948e-05 1.10328e-05 8.79597e-06 6.5793e-06 4.37777e-06 2.18636e-06 0 
0.000330388 0.000317428 0.000305019 0.000293146 0.000281789 0.000270922 0.000260513 0.000250531 0.000240943 0.000231717 0.000222825 0.000214239 0.000205936 0.000197896 0.000190102 0.000182538 0.000175192 0.000168054 0.000161116 0.00015437 0.000147812 0.000141436 0.000135239 0.000129218 0.00012337 0.000117693 0.000112184 0.000106843 0.000101666 9.66534e-05 9.18021e-05 8.71106e-05 8.2577e-05 7.81992e-05 7.3975e-05 6.99019e-05 6.59775e-05 6.21989e-05 5.85632e-05 5.50673e-05 5.17077e-05 4.8481e-05 4.53833e-05 4.24107e-05 3.9559e-05 3.68238e-05 3.42006e-05 3.16847e-05 2.92712e-05 2.69549e-05 2.47306e-05 2.25929e-05 2.05363e-05 1.85551e-05 1.66434e-05 1.47953e-05 1.30047e-05 1.12657e-05 9.57176e-06 7.91675e-06 6.29424e-06 4.69781e-06 3.12097e-06 1.55721e-06 0 
0.000333986 0.000320312 0.000307165 0.000294532 0.000282399 0.000270746 0.000259547 0.000248778 0.000238412 0.000228423 0.000218787 0.000209482 0.000200486 0.000191783 0.000183356 0.000175192 0.000167279 0.000159609 0.000152172 0.000144962 0.000137975 0.000131204 0.000124647 0.000118299 0.00011216 0.000106225 0.000100493 9.49616e-05 8.9629e-05 8.44931e-05 7.9552e-05 7.48035e-05 7.02452e-05 6.58749e-05 6.16899e-05 5.76873e-05 5.38642e-05 5.02172e-05 4.6743e-05 4.34377e-05 4.02974e-05 3.73178e-05 3.44943e-05 3.18224e-05 2.92969e-05 2.69127e-05 2.46643e-05 2.2546e-05 2.05518e-05 1.86757e-05 1.69113e-05 1.5252e-05 1.36913e-05 1.22221e-05 1.08375e-05 9.53022e-06 8.29296e-06 7.11824e-06 5.9985e-06 4.92607e-06 3.8932e-06 2.89206e-06 1.91477e-06 9.53401e-07 0 
0.000337055 0.000322705 0.000308862 0.00029552 0.000282664 0.000270281 0.00025835 0.000246852 0.000235765 0.000225069 0.000214742 0.000204767 0.000195125 0.000185801 0.000176782 0.000168054 0.000159609 0.000151436 0.000143529 0.000135882 0.000128489 0.000121345 0.000114447 0.000107792 0.000101376 9.51984e-05 8.92555e-05 8.35454e-05 7.80659e-05 7.2815e-05 6.77903e-05 6.29894e-05 5.84097e-05 5.40487e-05 4.99031e-05 4.597e-05 4.22457e-05 3.87266e-05 3.54086e-05 3.22874e-05 2.93585e-05 2.66168e-05 2.40574e-05 2.16745e-05 1.94626e-05 1.74154e-05 1.55267e-05 1.37899e-05 1.21981e-05 1.07442e-05 9.42078e-06 8.22025e-06 7.1348e-06 6.1564e-06 5.27683e-06 4.4877e-06 3.78044e-06 3.14634e-06 2.57654e-06 2.06209e-06 1.59391e-06 1.16286e-06 7.59712e-07 3.75194e-07 0 
0.000339614 0.000324625 0.000310131 0.000296125 0.000282597 0.000269537 0.000256929 0.000244756 0.000233002 0.000221651 0.000210684 0.000200086 0.000189844 0.000179942 0.00017037 0.000161116 0.000152172 0.000143529 0.000135182 0.000127123 0.000119349 0.000111855 0.000104637 9.76923e-05 9.10181e-05 8.46119e-05 7.84713e-05 7.25939e-05 6.69775e-05 6.16198e-05 5.65181e-05 5.16701e-05 4.70727e-05 4.27229e-05 3.86176e-05 3.4753e-05 3.11253e-05 2.77303e-05 2.45634e-05 2.16199e-05 1.88946e-05 1.63819e-05 1.4076e-05 1.19707e-05 1.00595e-05 8.33546e-06 6.79152e-06 5.42015e-06 4.21357e-06 3.16371e-06 2.26221e-06 1.50045e-06 8.6956e-07 3.60419e-07 3.63045e-08 3.30155e-07 5.30865e-07 6.48341e-07 6.92643e-07 6.73969e-07 6.02632e-07 4.89046e-07 3.43704e-07 1.77158e-07 0 
0.000341677 0.000326088 0.000310984 0.00029636 0.00028221 0.000268523 0.000255289 0.000242494 0.000230124 0.000218167 0.000206609 0.000195436 0.000184637 0.000174199 0.000164113 0.00015437 0.000144962 0.000135882 0.000127123 0.000118681 0.000110552 0.00010273 9.52133e-05 8.79985e-05 8.1083e-05 7.44641e-05 6.81396e-05 6.21071e-05 5.63641e-05 5.09083e-05 4.57369e-05 4.08471e-05 3.62359e-05 3.18999e-05 2.78356e-05 2.40389e-05 2.05057e-05 1.72313e-05 1.42107e-05 1.14385e-05 8.9091e-06 6.61632e-06 4.55369e-06 2.71435e-06 1.09106e-06 3.23769e-07 1.5381e-06 2.56023e-06 3.39883e-06 4.06285e-06 4.56159e-06 4.90465e-06 5.10188e-06 5.16345e-06 5.09973e-06 4.92136e-06 4.63918e-06 4.26421e-06 3.80768e-06 3.28095e-06 2.69551e-06 2.06296e-06 1.39501e-06 7.03421e-07 0 
0.000343253 0.000327104 0.000311433 0.000296237 0.00028151 0.000267246 0.000253435 0.000240067 0.000227132 0.000214618 0.000202515 0.000190812 0.000179499 0.000168567 0.000158007 0.000147812 0.000137975 0.000128489 0.000119349 0.000110552 0.000102092 9.39669e-05 8.61732e-05 7.87081e-05 7.15691e-05 6.47537e-05 5.82597e-05 5.20845e-05 4.62259e-05 4.06811e-05 3.54474e-05 3.05218e-05 2.5901e-05 2.15815e-05 1.75594e-05 1.38303e-05 1.03896e-05 7.23238e-06 4.35316e-06 1.74611e-06 5.95003e-07 2.67685e-06 4.5065e-06 6.09145e-06 7.4396e-06 8.55927e-06 9.45914e-06 1.01483e-05 1.06362e-05 1.09328e-05 1.10481e-05 1.09926e-05 1.07772e-05 1.0413e-05 9.91145e-06 9.28409e-06 8.54285e-06 7.69983e-06 6.76733e-06 5.7578e-06 4.68386e-06 3.55824e-06 2.39378e-06 1.20338e-06 0 
0.00034435 0.000327681 0.000311486 0.000295762 0.000280505 0.000265711 0.000251371 0.000237478 0.000224025 0.000211002 0.0001984 0.000186212 0.000174428 0.000163043 0.000152047 0.000141436 0.000131204 0.000121345 0.000111855 0.00010273 9.39669e-05 8.55625e-05 7.7514e-05 6.98189e-05 6.24748e-05 5.54795e-05 4.88307e-05 4.25259e-05 3.65628e-05 3.09386e-05 2.56505e-05 2.06953e-05 1.60695e-05 1.17694e-05 7.79069e-06 4.12895e-06 7.79145e-07 2.26411e-06 5.00664e-06 7.45472e-06 9.61509e-06 1.14949e-05 1.31019e-05 1.4444e-05 1.55298e-05 1.63684e-05 1.6969e-05 1.73415e-05 1.74962e-05 1.74436e-05 1.71949e-05 1.67612e-05 1.61544e-05 1.53864e-05 1.44697e-05 1.34167e-05 1.22404e-05 1.09539e-05 9.57045e-06 8.10358e-06 6.56694e-06 4.97432e-06 3.33963e-06 1.67685e-06 1.2326e-32 
0.000344972 0.000327825 0.000311149 0.000294942 0.000279201 0.000263922 0.000249101 0.000234731 0.000220806 0.000207319 0.000194263 0.000181633 0.000169421 0.000157622 0.00014623 0.000135239 0.000124647 0.000114447 0.000104637 9.52133e-05 8.61732e-05 7.7514e-05 6.92333e-05 6.13289e-05 5.37986e-05 4.66403e-05 3.98518e-05 3.34308e-05 2.73748e-05 2.1681e-05 1.63466e-05 1.13682e-05 6.74222e-06 2.46464e-06 1.46895e-06 5.06336e-06 8.32388e-06 1.12563e-05 1.38667e-05 1.61619e-05 1.8149e-05 1.98357e-05 2.12301e-05 2.23409e-05 2.31773e-05 2.37487e-05 2.40653e-05 2.41376e-05 2.39765e-05 2.35934e-05 2.3e-05 2.22086e-05 2.12316e-05 2.0082e-05 1.87729e-05 1.73178e-05 1.57306e-05 1.40253e-05 1.22161e-05 1.03175e-05 8.34408e-06 6.3107e-06 4.23223e-06 2.12365e-06 1.2326e-32 
0.000345123 0.00032754 0.000310426 0.00029378 0.000277601 0.000261884 0.000246627 0.000231826 0.000217474 0.000203569 0.000190104 0.000177074 0.000164475 0.000152302 0.000140551 0.000129218 0.000118299 0.000107792 9.76923e-05 8.79985e-05 7.87081e-05 6.98189e-05 6.13289e-05 5.32361e-05 4.55387e-05 3.82347e-05 3.1322e-05 2.47984e-05 1.86614e-05 1.29082e-05 7.53591e-06 2.54105e-06 2.08012e-06 6.33177e-06 1.02185e-05 1.37455e-05 1.69181e-05 1.97426e-05 2.22254e-05 2.43736e-05 2.61949e-05 2.76972e-05 2.88894e-05 2.97805e-05 3.03801e-05 3.06985e-05 3.07464e-05 3.05348e-05 3.00754e-05 2.93803e-05 2.84619e-05 2.73332e-05 2.60074e-05 2.44983e-05 2.28198e-05 2.09863e-05 1.90124e-05 1.69131e-05 1.47034e-05 1.23988e-05 1.00147e-05 7.56696e-06 5.0713e-06 2.54366e-06 0 
0.000344804 0.000326828 0.00030932 0.000292281 0.000275708 0.000259599 0.000243952 0.000228765 0.000214032 0.000199752 0.000185921 0.000172534 0.000159589 0.000147082 0.00013501 0.00012337 0.00011216 0.000101376 9.10181e-05 8.1083e-05 7.15691e-05 6.24748e-05 5.37986e-05 4.55387e-05 3.76936e-05 3.02614e-05 2.32402e-05 1.66279e-05 1.0422e-05 4.61982e-06 7.8175e-07 5.78615e-06 1.03973e-05 1.46194e-05 1.84574e-05 2.19166e-05 2.50027e-05 2.77221e-05 3.00816e-05 3.20888e-05 3.37515e-05 3.50783e-05 3.60783e-05 3.67611e-05 3.71369e-05 3.72164e-05 3.70107e-05 3.65318e-05 3.57916e-05 3.48031e-05 3.35793e-05 3.21338e-05 3.04806e-05 2.86342e-05 2.66094e-05 2.44211e-05 2.20849e-05 1.96165e-05 1.70318e-05 1.4347e-05 1.15785e-05 8.74278e-06 5.85662e-06 2.93675e-06 0 
0.000344015 0.000325691 0.000307835 0.000290446 0.000273525 0.000257069 0.000241078 0.000225549 0.000210481 0.00019587 0.000181715 0.000168013 0.000154762 0.000141959 0.000129604 0.000117693 0.000106225 9.51984e-05 8.46119e-05 7.44641e-05 6.47537e-05 5.54795e-05 4.66403e-05 3.82347e-05 3.02614e-05 2.27188e-05 1.5605e-05 8.91814e-06 2.65571e-06 3.18495e-06 8.60694e-06 1.36138e-05 1.82094e-05 2.23984e-05 2.61856e-05 2.95765e-05 3.25772e-05 3.51942e-05 3.74348e-05 3.93067e-05 4.08181e-05 4.19781e-05 4.27961e-05 4.3282e-05 4.34467e-05 4.33013e-05 4.28574e-05 4.21274e-05 4.11241e-05 3.98608e-05 3.83512e-05 3.66095e-05 3.46505e-05 3.24891e-05 3.01409e-05 2.76217e-05 2.49476e-05 2.2135e-05 1.92007e-05 1.61617e-05 1.30349e-05 9.83792e-06 6.58803e-06 3.30285e-06 0 
0.000342758 0.00032413 0.00030597 0.000288278 0.000271054 0.000254297 0.000238006 0.000222181 0.000206819 0.000191921 0.000177484 0.000163508 0.000149992 0.000136933 0.000124331 0.000112184 0.000100493 8.92555e-05 7.84713e-05 6.81396e-05 5.82597e-05 4.88307e-05 3.98518e-05 3.1322e-05 2.32402e-05 1.5605e-05 8.41482e-06 1.66763e-06 4.63883e-06 1.05072e-05 1.59406e-05 2.09426e-05 2.55173e-05 2.96692e-05 3.34033e-05 3.67255e-05 3.96418e-05 4.21591e-05 4.42849e-05 4.60272e-05 4.73946e-05 4.83963e-05 4.90423e-05 4.93429e-05 4.93092e-05 4.89528e-05 4.8286e-05 4.73214e-05 4.60725e-05 4.45529e-05 4.27771e-05 4.07599e-05 3.85164e-05 3.60624e-05 3.3414e-05 3.05876e-05 2.76e-05 2.44684e-05 2.121e-05 1.78426e-05 1.4384e-05 1.08522e-05 7.26544e-06 3.64191e-06 0 
0.000341033 0.000322147 0.000303729 0.000285779 0.000268297 0.000251283 0.000234737 0.000218659 0.000203049 0.000187906 0.00017323 0.000159021 0.000145278 0.000132001 0.000119189 0.000106843 9.49616e-05 8.35454e-05 7.25939e-05 6.21071e-05 5.20845e-05 4.25259e-05 3.34308e-05 2.47984e-05 1.66279e-05 8.91814e-06 1.66763e-06 5.12545e-06 1.14633e-05 1.73485e-05 2.27843e-05 2.77741e-05 3.2322e-05 3.64328e-05 4.01116e-05 4.33643e-05 4.61972e-05 4.86174e-05 5.06325e-05 5.22508e-05 5.34813e-05 5.43334e-05 5.48173e-05 5.49438e-05 5.47244e-05 5.41711e-05 5.32965e-05 5.21137e-05 5.06367e-05 4.88795e-05 4.68572e-05 4.45849e-05 4.20785e-05 3.93542e-05 3.64287e-05 3.33189e-05 3.00422e-05 2.66165e-05 2.30596e-05 1.93898e-05 1.56256e-05 1.17857e-05 7.88883e-06 3.95393e-06 0 
0.00033884 0.000319742 0.000301111 0.000282949 0.000265254 0.000248029 0.000231273 0.000214987 0.000199171 0.000183826 0.000168952 0.00015455 0.00014062 0.000127162 0.000114178 0.000101666 8.9629e-05 7.80659e-05 6.69775e-05 5.63641e-05 4.62259e-05 3.65628e-05 2.73748e-05 1.86614e-05 1.0422e-05 2.65571e-06 4.63883e-06 1.14633e-05 1.78198e-05 2.37109e-05 2.91397e-05 3.41098e-05 3.86253e-05 4.2691e-05 4.6312e-05 4.94945e-05 5.22448e-05 5.45703e-05 5.64787e-05 5.79786e-05 5.90791e-05 5.97901e-05 6.01219e-05 6.00856e-05 5.96932e-05 5.89568e-05 5.78895e-05 5.6505e-05 5.48172e-05 5.2841e-05 5.05917e-05 4.80849e-05 4.5337e-05 4.23647e-05 3.9185e-05 3.58156e-05 3.22744e-05 2.85795e-05 2.47496e-05 2.08034e-05 1.67599e-05 1.26384e-05 8.45824e-06 4.23892e-06 0 
0.00033618 0.000316916 0.000298119 0.000279789 0.000261928 0.000244536 0.000227615 0.000211164 0.000195185 0.00017968 0.00016465 0.000150095 0.000136017 0.000122416 0.000109295 9.66534e-05 8.44931e-05 7.2815e-05 6.16198e-05 5.09083e-05 4.06811e-05 3.09386e-05 2.1681e-05 1.29082e-05 4.61982e-06 3.18495e-06 1.05072e-05 1.73485e-05 2.37109e-05 2.95969e-05 3.50095e-05 3.99523e-05 4.44295e-05 4.84458e-05 5.20066e-05 5.5118e-05 5.77866e-05 6.00197e-05 6.18254e-05 6.32123e-05 6.41898e-05 6.4768e-05 6.49575e-05 6.47697e-05 6.42167e-05 6.33112e-05 6.20663e-05 6.04962e-05 5.86152e-05 5.64384e-05 5.39816e-05 5.12608e-05 4.82928e-05 4.50946e-05 4.16838e-05 3.80785e-05 3.4297e-05 3.03579e-05 2.62803e-05 2.20835e-05 1.7787e-05 1.34105e-05 8.9738e-06 4.49695e-06 2.46519e-32 
0.000333053 0.00031367 0.000294753 0.000276302 0.00025832 0.000240806 0.000223763 0.000207191 0.000191093 0.000175469 0.000160323 0.000145655 0.000131467 0.000117761 0.000104539 9.18021e-05 7.9552e-05 6.77903e-05 5.65181e-05 4.57369e-05 3.54474e-05 2.56505e-05 1.63466e-05 7.53591e-06 7.8175e-07 8.60694e-06 1.59406e-05 2.27843e-05 2.91397e-05 3.50095e-05 4.03966e-05 4.53045e-05 4.97374e-05 5.37002e-05 5.71982e-05 6.02375e-05 6.2825e-05 6.4968e-05 6.66748e-05 6.79542e-05 6.88156e-05 6.92693e-05 6.93263e-05 6.89981e-05 6.82971e-05 6.7236e-05 6.58286e-05 6.4089e-05 6.20321e-05 5.96731e-05 5.70282e-05 5.41138e-05 5.09469e-05 4.7545e-05 4.3926e-05 4.01084e-05 3.61108e-05 3.19524e-05 2.76525e-05 2.32309e-05 1.87074e-05 1.41023e-05 9.43571e-06 4.72812e-06 0 
0.000329459 0.000310004 0.000291014 0.000272489 0.00025443 0.00023684 0.000219719 0.000203069 0.000186893 0.000171194 0.000155972 0.00014123 0.000126971 0.000113196 9.99089e-05 8.71106e-05 7.48035e-05 6.29894e-05 5.16701e-05 4.08471e-05 3.05218e-05 2.06953e-05 1.13682e-05 2.54105e-06 5.78615e-06 1.36138e-05 2.09426e-05 2.77741e-05 3.41098e-05 3.99523e-05 4.53045e-05 5.01699e-05 5.45526e-05 5.84575e-05 6.18901e-05 6.48564e-05 6.73634e-05 6.94186e-05 7.10303e-05 7.22073e-05 7.29594e-05 7.3297e-05 7.32311e-05 7.27735e-05 7.19367e-05 7.07338e-05 6.91787e-05 6.72857e-05 6.507e-05 6.25472e-05 5.97335e-05 5.66456e-05 5.3301e-05 4.97174e-05 4.5913e-05 4.19065e-05 3.7717e-05 3.33639e-05 2.88669e-05 2.42461e-05 1.95217e-05 1.47142e-05 9.84425e-06 4.93257e-06 0 
0.000325402 0.000305922 0.000286905 0.000268351 0.000250261 0.000232638 0.000215483 0.000198799 0.000182588 0.000166853 0.000151595 0.000136819 0.000122526 0.00010872 9.54028e-05 8.2577e-05 7.02452e-05 5.84097e-05 4.70727e-05 3.62359e-05 2.5901e-05 1.60695e-05 6.74222e-06 2.08012e-06 1.03973e-05 1.82094e-05 2.55173e-05 3.2322e-05 3.86253e-05 4.44295e-05 4.97374e-05 5.45526e-05 5.88792e-05 6.27219e-05 6.60864e-05 6.89787e-05 7.14058e-05 7.33753e-05 7.48955e-05 7.59754e-05 7.66249e-05 7.68544e-05 7.66752e-05 7.60991e-05 7.51388e-05 7.38077e-05 7.21196e-05 7.00892e-05 6.77317e-05 6.50631e-05 6.20997e-05 5.88586e-05 5.53572e-05 5.16137e-05 4.76465e-05 4.34744e-05 3.9117e-05 3.45937e-05 2.99246e-05 2.51301e-05 2.02306e-05 1.52468e-05 1.01998e-05 5.11047e-06 0 
0.000320882 0.000301425 0.000282427 0.00026389 0.000245815 0.000228203 0.000211058 0.000194382 0.000178178 0.000162447 0.000147195 0.000132422 0.000118133 0.000104331 9.1019e-05 7.81992e-05 6.58749e-05 5.40487e-05 4.27229e-05 3.18999e-05 2.15815e-05 1.17694e-05 2.46464e-06 6.33177e-06 1.46194e-05 2.23984e-05 2.96692e-05 3.64328e-05 4.2691e-05 4.84458e-05 5.37002e-05 5.84575e-05 6.27219e-05 6.64982e-05 6.97919e-05 7.26091e-05 7.49568e-05 7.68427e-05 7.8275e-05 7.9263e-05 7.98164e-05 7.99459e-05 7.96628e-05 7.8979e-05 7.79073e-05 7.64612e-05 7.46548e-05 7.25027e-05 7.00204e-05 6.72239e-05 6.41299e-05 6.07553e-05 5.71181e-05 5.32363e-05 4.91286e-05 4.48141e-05 4.03124e-05 3.56433e-05 3.08269e-05 2.58839e-05 2.08348e-05 1.57008e-05 1.05028e-05 5.26206e-06 0 
0.000315903 0.000296515 0.000277583 0.000259109 0.000241093 0.000223537 0.000206445 0.000189819 0.000173663 0.000157978 0.000142769 0.000128039 0.000113791 0.000100029 8.67556e-05 7.3975e-05 6.16899e-05 4.99031e-05 3.86176e-05 2.78356e-05 1.75594e-05 7.79069e-06 1.46895e-06 1.02185e-05 1.84574e-05 2.61856e-05 3.34033e-05 4.01116e-05 4.6312e-05 5.20066e-05 5.71982e-05 6.18901e-05 6.60864e-05 6.97919e-05 7.3012e-05 7.5753e-05 7.80218e-05 7.9826e-05 8.11741e-05 8.20751e-05 8.2539e-05 8.25764e-05 8.21986e-05 8.14178e-05 8.02468e-05 7.86989e-05 7.67885e-05 7.45304e-05 7.19399e-05 6.90334e-05 6.58274e-05 6.23392e-05 5.85866e-05 5.45879e-05 5.03619e-05 4.59279e-05 4.13054e-05 3.65145e-05 3.15754e-05 2.65088e-05 2.13356e-05 1.60768e-05 1.07537e-05 5.38759e-06 0 
0.000310469 0.000291197 0.000272377 0.00025401 0.000236098 0.000218642 0.000201646 0.000185112 0.000169044 0.000153445 0.000138318 0.000123668 0.000109497 9.58103e-05 8.26107e-05 6.99019e-05 5.76873e-05 4.597e-05 3.4753e-05 2.40389e-05 1.38303e-05 4.12895e-06 5.06336e-06 1.37455e-05 2.19166e-05 2.95765e-05 3.67255e-05 4.33643e-05 4.94945e-05 5.5118e-05 6.02375e-05 6.48564e-05 6.89787e-05 7.26091e-05 7.5753e-05 7.84167e-05 8.0607e-05 8.23315e-05 8.35987e-05 8.44178e-05 8.47985e-05 8.47516e-05 8.42884e-05 8.3421e-05 8.21623e-05 8.05258e-05 7.85256e-05 7.61768e-05 7.34947e-05 7.04956e-05 6.71962e-05 6.36137e-05 5.97662e-05 5.56718e-05 5.13494e-05 4.68184e-05 4.20984e-05 3.72094e-05 3.21719e-05 2.70065e-05 2.17341e-05 1.63759e-05 1.09532e-05 5.48737e-06 2.46519e-32 
0.000304583 0.000285474 0.000266811 0.000248597 0.000230832 0.00021352 0.000196662 0.000180261 0.000164322 0.000148848 0.000133842 0.000119309 0.000105252 9.16749e-05 7.85823e-05 6.59775e-05 5.38642e-05 4.22457e-05 3.11253e-05 2.05057e-05 1.03896e-05 7.79145e-07 8.32388e-06 1.69181e-05 2.50027e-05 3.25772e-05 3.96418e-05 4.61972e-05 5.22448e-05 5.77866e-05 6.2825e-05 6.73634e-05 7.14058e-05 7.49568e-05 7.80218e-05 8.0607e-05 8.27191e-05 8.43659e-05 8.55557e-05 8.62975e-05 8.66013e-05 8.64778e-05 8.59381e-05 8.49946e-05 8.36598e-05 8.19474e-05 7.98716e-05 7.74472e-05 7.46898e-05 7.16154e-05 6.82408e-05 6.45833e-05 6.06608e-05 5.64915e-05 5.20944e-05 4.74887e-05 4.2694e-05 3.77305e-05 3.26184e-05 2.73785e-05 2.20317e-05 1.65991e-05 1.1102e-05 5.56175e-06 0 
0.00029825 0.00027935 0.000260891 0.000242874 0.000225301 0.000208173 0.000191495 0.000175269 0.000159499 0.000144188 0.000129341 0.000114961 0.000101053 8.76207e-05 7.4668e-05 6.21989e-05 5.02172e-05 3.87266e-05 2.77303e-05 1.72313e-05 7.23238e-06 2.26411e-06 1.12563e-05 1.97426e-05 2.77221e-05 3.51942e-05 4.21591e-05 4.86174e-05 5.45703e-05 6.00197e-05 6.4968e-05 6.94186e-05 7.33753e-05 7.68427e-05 7.9826e-05 8.23315e-05 8.43659e-05 8.59367e-05 8.70523e-05 8.77218e-05 8.79549e-05 8.77621e-05 8.71549e-05 8.61453e-05 8.47459e-05 8.29703e-05 8.08326e-05 7.83476e-05 7.55307e-05 7.2398e-05 6.89663e-05 6.52526e-05 6.12749e-05 5.70513e-05 5.26007e-05 4.79422e-05 4.30954e-05 3.80804e-05 3.29173e-05 2.76269e-05 2.223e-05 1.67475e-05 1.12008e-05 5.61113e-06 0 
0.000291477 0.000272832 0.000254621 0.000236845 0.000219506 0.000202606 0.000186149 0.000170138 0.000154575 0.000139467 0.000124815 0.000110625 9.69005e-05 8.36459e-05 7.08655e-05 5.85632e-05 4.6743e-05 3.54086e-05 2.45634e-05 1.42107e-05 4.35316e-06 5.00664e-06 1.38667e-05 2.22254e-05 3.00816e-05 3.74348e-05 4.42849e-05 5.06325e-05 5.64787e-05 6.18254e-05 6.66748e-05 7.10303e-05 7.48955e-05 7.8275e-05 8.11741e-05 8.35987e-05 8.55557e-05 8.70523e-05 8.8097e-05 8.86987e-05 8.8867e-05 8.86125e-05 8.79464e-05 8.68806e-05 8.54279e-05 8.36014e-05 8.14153e-05 7.88843e-05 7.60237e-05 7.28495e-05 6.93782e-05 6.56269e-05 6.16133e-05 5.73556e-05 5.28723e-05 4.81826e-05 4.33059e-05 3.8262e-05 3.30712e-05 2.77538e-05 2.23306e-05 1.68225e-05 1.12505e-05 5.63592e-06 0 
0.000284271 0.000265925 0.000248006 0.000230514 0.000213452 0.000196821 0.000180626 0.000164868 0.000149553 0.000134684 0.000120264 0.000106299 9.27923e-05 7.97486e-05 6.71723e-05 5.50673e-05 4.34377e-05 3.22874e-05 2.16199e-05 1.14385e-05 1.74611e-06 7.45472e-06 1.61619e-05 2.43736e-05 3.20888e-05 3.93067e-05 4.60272e-05 5.22508e-05 5.79786e-05 6.32123e-05 6.79542e-05 7.22073e-05 7.59754e-05 7.9263e-05 8.20751e-05 8.44178e-05 8.62975e-05 8.77218e-05 8.86987e-05 8.9237e-05 8.93465e-05 8.90375e-05 8.8321e-05 8.72088e-05 8.57136e-05 8.38484e-05 8.16272e-05 7.90646e-05 7.61756e-05 7.29762e-05 6.94826e-05 6.57119e-05 6.16815e-05 5.74094e-05 5.29139e-05 4.82141e-05 4.33292e-05 3.82787e-05 3.30828e-05 2.77615e-05 2.23355e-05 1.68254e-05 1.12521e-05 5.63662e-06 0 
0.000276639 0.000258637 0.000241053 0.000223888 0.000207144 0.000190823 0.000174929 0.000159464 0.000144433 0.00012984 0.000115688 0.000101983 8.87273e-05 7.59268e-05 6.35856e-05 5.17077e-05 4.02974e-05 2.93585e-05 1.88946e-05 8.9091e-06 5.95003e-07 9.61509e-06 1.8149e-05 2.61949e-05 3.37515e-05 4.08181e-05 4.73946e-05 5.34813e-05 5.90791e-05 6.41898e-05 6.88156e-05 7.29594e-05 7.66249e-05 7.98164e-05 8.2539e-05 8.47985e-05 8.66013e-05 8.79549e-05 8.8867e-05 8.93465e-05 8.94029e-05 8.90463e-05 8.82877e-05 8.71387e-05 8.56117e-05 8.37197e-05 8.14764e-05 7.88961e-05 7.59939e-05 7.27852e-05 6.92863e-05 6.55139e-05 6.14853e-05 5.72181e-05 5.27305e-05 4.80413e-05 4.31693e-05 3.8134e-05 3.29552e-05 2.76527e-05 2.22468e-05 1.67579e-05 1.12066e-05 5.61374e-06 0 
0.000268589 0.000250974 0.000233768 0.000216972 0.000200587 0.000184616 0.000169062 0.000153928 0.000139218 0.000124937 0.000111088 9.76754e-05 8.47041e-05 7.21783e-05 6.01025e-05 4.8481e-05 3.73178e-05 2.66168e-05 1.63819e-05 6.61632e-06 2.67685e-06 1.14949e-05 1.98357e-05 2.76972e-05 3.50783e-05 4.19781e-05 4.83963e-05 5.43334e-05 5.97901e-05 6.4768e-05 6.92693e-05 7.3297e-05 7.68544e-05 7.99459e-05 8.25764e-05 8.47516e-05 8.64778e-05 8.77621e-05 8.86125e-05 8.90375e-05 8.90463e-05 8.8649e-05 8.78564e-05 8.66799e-05 8.51316e-05 8.32243e-05 8.09715e-05 7.83873e-05 7.54864e-05 7.22841e-05 6.87964e-05 6.50397e-05 6.10309e-05 5.67875e-05 5.23274e-05 4.76689e-05 4.28307e-05 3.78318e-05 3.26917e-05 2.743e-05 2.20666e-05 1.66216e-05 1.11152e-05 5.56784e-06 0 
0.000260131 0.000242946 0.00022616 0.000209773 0.000193786 0.000178204 0.000163028 0.000148262 0.00013391 0.000119975 0.000106463 9.33767e-05 8.07213e-05 6.8501e-05 5.67202e-05 4.53833e-05 3.44943e-05 2.40574e-05 1.4076e-05 4.55369e-06 4.5065e-06 1.31019e-05 2.12301e-05 2.88894e-05 3.60783e-05 4.27961e-05 4.90423e-05 5.48173e-05 6.01219e-05 6.49575e-05 6.93263e-05 7.32311e-05 7.66752e-05 7.96628e-05 8.21986e-05 8.42884e-05 8.59381e-05 8.71549e-05 8.79464e-05 8.8321e-05 8.82877e-05 8.78564e-05 8.70376e-05 8.58426e-05 8.42831e-05 8.23718e-05 8.01218e-05 7.7547e-05 7.46617e-05 7.14811e-05 6.80206e-05 6.42965e-05 6.03252e-05 5.6124e-05 5.17104e-05 4.71022e-05 4.23179e-05 3.73762e-05 3.22959e-05 2.70965e-05 2.17974e-05 1.64182e-05 1.0979e-05 5.49953e-06 1.2326e-32 
0.000251276 0.000234562 0.000218236 0.000202297 0.000186749 0.000171593 0.000156832 0.00014247 0.00012851 0.000114957 0.000101814 8.90861e-05 7.67774e-05 6.48924e-05 5.34354e-05 4.24107e-05 3.18224e-05 2.16745e-05 1.19707e-05 2.71435e-06 6.09145e-06 1.4444e-05 2.23409e-05 2.97805e-05 3.67611e-05 4.3282e-05 4.93429e-05 5.49438e-05 6.00856e-05 6.47697e-05 6.89981e-05 7.27735e-05 7.60991e-05 7.8979e-05 8.14178e-05 8.3421e-05 8.49946e-05 8.61453e-05 8.68806e-05 8.72088e-05 8.71387e-05 8.66799e-05 8.58426e-05 8.46378e-05 8.3077e-05 8.11726e-05 7.89373e-05 7.63848e-05 7.35291e-05 7.03848e-05 6.69672e-05 6.3292e-05 5.93755e-05 5.52343e-05 5.08855e-05 4.63468e-05 4.16361e-05 3.67715e-05 3.17716e-05 2.66553e-05 2.14417e-05 1.61498e-05 1.07992e-05 5.40944e-06 1.2326e-32 
0.000242034 0.000225832 0.000210005 0.000194554 0.000179481 0.000164788 0.000150478 0.000136555 0.000123022 0.000109883 9.71416e-05 8.48029e-05 7.2871e-05 6.13501e-05 5.02447e-05 3.9559e-05 2.92969e-05 1.94626e-05 1.00595e-05 1.09106e-06 7.4396e-06 1.55298e-05 2.31773e-05 3.03801e-05 3.71369e-05 4.34467e-05 4.93092e-05 5.47244e-05 5.96932e-05 6.42167e-05 6.82971e-05 7.19367e-05 7.51388e-05 7.79073e-05 8.02468e-05 8.21623e-05 8.36598e-05 8.47459e-05 8.54279e-05 8.57136e-05 8.56117e-05 8.51316e-05 8.42831e-05 8.3077e-05 8.15245e-05 7.96375e-05 7.74286e-05 7.49109e-05 7.20981e-05 6.90045e-05 6.56448e-05 6.20345e-05 5.81892e-05 5.41253e-05 4.98595e-05 4.54087e-05 4.07904e-05 3.60225e-05 3.11229e-05 2.61099e-05 2.10022e-05 1.58184e-05 1.05774e-05 5.29827e-06 0 
0.000232418 0.000216767 0.000201477 0.000186551 0.00017199 0.000157796 0.000143972 0.000130521 0.000117447 0.000104754 9.24459e-05 8.05265e-05 6.90004e-05 5.78717e-05 4.71448e-05 3.68238e-05 2.69127e-05 1.74154e-05 8.33546e-06 3.23769e-07 8.55927e-06 1.63684e-05 2.37487e-05 3.06985e-05 3.72164e-05 4.33013e-05 4.89528e-05 5.41711e-05 5.89568e-05 6.33112e-05 6.7236e-05 7.07338e-05 7.38077e-05 7.64612e-05 7.86989e-05 8.05258e-05 8.19474e-05 8.29703e-05 8.36014e-05 8.38484e-05 8.37197e-05 8.32243e-05 8.23718e-05 8.11726e-05 7.96375e-05 7.77782e-05 7.56068e-05 7.3136e-05 7.0379e-05 6.73499e-05 6.40628e-05 6.05326e-05 5.67747e-05 5.28048e-05 4.86391e-05 4.4294e-05 3.97867e-05 3.51341e-05 3.03539e-05 2.54638e-05 2.04818e-05 1.54261e-05 1.03149e-05 5.16673e-06 0 
0.00022244 0.000207377 0.000192663 0.000178297 0.000164283 0.000150622 0.000137318 0.000124372 0.000111789 9.95733e-05 8.77277e-05 7.62565e-05 6.51641e-05 5.44545e-05 4.4132e-05 3.42006e-05 2.46643e-05 1.55267e-05 6.79152e-06 1.5381e-06 9.45914e-06 1.6969e-05 2.40653e-05 3.07464e-05 3.70107e-05 4.28574e-05 4.8286e-05 5.32965e-05 5.78895e-05 6.20663e-05 6.58286e-05 6.91787e-05 7.21196e-05 7.46548e-05 7.67885e-05 7.85256e-05 7.98716e-05 8.08326e-05 8.14153e-05 8.16272e-05 8.14764e-05 8.09715e-05 8.01218e-05 7.89373e-05 7.74286e-05 7.56068e-05 7.34836e-05 7.10713e-05 6.83827e-05 6.54313e-05 6.22308e-05 5.87955e-05 5.51404e-05 5.12805e-05 4.72316e-05 4.30095e-05 3.86306e-05 3.41115e-05 2.94692e-05 2.47208e-05 1.98836e-05 1.49752e-05 1.00133e-05 5.01558e-06 0 
0.000212114 0.000197676 0.000183572 0.000169802 0.000156369 0.000143274 0.000130521 0.000118112 0.000106051 9.43418e-05 8.29874e-05 7.19923e-05 6.13604e-05 5.10959e-05 4.12027e-05 3.16847e-05 2.2546e-05 1.37899e-05 5.42015e-06 2.56023e-06 1.01483e-05 1.73415e-05 2.41376e-05 3.05348e-05 3.65318e-05 4.21274e-05 4.73214e-05 5.21137e-05 5.6505e-05 6.04962e-05 6.4089e-05 6.72857e-05 7.00892e-05 7.25027e-05 7.45304e-05 7.61768e-05 7.74472e-05 7.83476e-05 7.88843e-05 7.90646e-05 7.88961e-05 7.83873e-05 7.7547e-05 7.63848e-05 7.49109e-05 7.3136e-05 7.10713e-05 6.87287e-05 6.61204e-05 6.32594e-05 6.0159e-05 5.68328e-05 5.32953e-05 4.95608e-05 4.56446e-05 4.15619e-05 3.73285e-05 3.29603e-05 2.84735e-05 2.38848e-05 1.92107e-05 1.44681e-05 9.67405e-06 4.84563e-06 0 
0.000201455 0.000187677 0.000174217 0.000161076 0.000148256 0.000135759 0.000123588 0.000111746 0.000100236 8.90615e-05 7.8226e-05 6.77334e-05 5.75878e-05 4.7793e-05 3.83528e-05 2.92712e-05 2.05518e-05 1.21981e-05 4.21357e-06 3.39883e-06 1.06362e-05 1.74962e-05 2.39765e-05 3.00754e-05 3.57916e-05 4.11241e-05 4.60725e-05 5.06367e-05 5.48172e-05 5.86152e-05 6.20321e-05 6.507e-05 6.77317e-05 7.00204e-05 7.19399e-05 7.34947e-05 7.46898e-05 7.55307e-05 7.60237e-05 7.61756e-05 7.59939e-05 7.54864e-05 7.46617e-05 7.35291e-05 7.20981e-05 7.0379e-05 6.83827e-05 6.61204e-05 6.36039e-05 6.08455e-05 5.7858e-05 5.46545e-05 5.12486e-05 4.76544e-05 4.38861e-05 3.99586e-05 3.58868e-05 3.1686e-05 2.73718e-05 2.29599e-05 1.84663e-05 1.39073e-05 9.29893e-06 4.6577e-06 0 
0.000190479 0.000177393 0.000164609 0.000152129 0.000139953 0.000128085 0.000116526 0.000105279 9.43473e-05 8.37346e-05 7.3444e-05 6.34794e-05 5.38445e-05 4.45429e-05 3.55785e-05 2.69549e-05 1.86757e-05 1.07442e-05 3.16371e-06 4.06285e-06 1.09328e-05 1.74436e-05 2.35934e-05 2.93803e-05 3.48031e-05 3.98608e-05 4.45529e-05 4.88795e-05 5.2841e-05 5.64384e-05 5.96731e-05 6.25472e-05 6.50631e-05 6.72239e-05 6.90334e-05 7.04956e-05 7.16154e-05 7.2398e-05 7.28495e-05 7.29762e-05 7.27852e-05 7.22841e-05 7.14811e-05 7.03848e-05 6.90045e-05 6.73499e-05 6.54313e-05 6.32594e-05 6.08455e-05 5.82013e-05 5.5339e-05 5.2271e-05 4.90103e-05 4.55702e-05 4.19645e-05 3.8207e-05 3.43122e-05 3.02946e-05 2.6169e-05 2.19504e-05 1.76541e-05 1.32953e-05 8.88965e-06 4.45266e-06 0 
0.0001792 0.000166838 0.000154762 0.000142972 0.00013147 0.000120259 0.000109339 9.87149e-05 8.83885e-05 7.83632e-05 6.86425e-05 5.92298e-05 5.01287e-05 4.13428e-05 3.28756e-05 2.47306e-05 1.69113e-05 9.42078e-06 2.26221e-06 4.56159e-06 1.10481e-05 1.71949e-05 2.3e-05 2.84619e-05 3.35793e-05 3.83512e-05 4.27771e-05 4.68572e-05 5.05917e-05 5.39816e-05 5.70282e-05 5.97335e-05 6.20997e-05 6.41299e-05 6.58274e-05 6.71962e-05 6.82408e-05 6.89663e-05 6.93782e-05 6.94826e-05 6.92863e-05 6.87964e-05 6.80206e-05 6.69672e-05 6.56448e-05 6.40628e-05 6.22308e-05 6.0159e-05 5.7858e-05 5.5339e-05 5.26133e-05 4.9693e-05 4.65902e-05 4.33176e-05 3.98881e-05 3.6315e-05 3.26118e-05 2.87924e-05 2.48706e-05 2.08608e-05 1.67774e-05 1.26349e-05 8.448e-06 4.23142e-06 0 
0.000167635 0.000156027 0.000144688 0.000133617 0.000122817 0.000112289 0.000102036 9.20598e-05 8.23633e-05 7.29498e-05 6.38223e-05 5.49842e-05 4.64388e-05 3.81896e-05 3.02399e-05 2.25929e-05 1.5252e-05 8.22025e-06 1.50045e-06 4.90465e-06 1.09926e-05 1.67612e-05 2.22086e-05 2.73332e-05 3.21338e-05 3.66095e-05 4.07599e-05 4.45849e-05 4.80849e-05 5.12608e-05 5.41138e-05 5.66456e-05 5.88586e-05 6.07553e-05 6.23392e-05 6.36137e-05 6.45833e-05 6.52526e-05 6.56269e-05 6.57119e-05 6.55139e-05 6.50397e-05 6.42965e-05 6.3292e-05 6.20345e-05 6.05326e-05 5.87955e-05 5.68328e-05 5.46545e-05 5.2271e-05 4.9693e-05 4.69318e-05 4.3999e-05 4.09063e-05 3.76661e-05 3.42906e-05 3.07928e-05 2.71856e-05 2.34821e-05 1.96957e-05 1.58401e-05 1.19289e-05 7.97584e-06 3.9949e-06 1.2326e-32 
