0 0.000553531 0.000804409 0.000951886 0.00105374 0.00113025 0.00118997 0.00123708 0.00127378 0.0013013 0.00132033 0.00133125 0.00133427 0.00132949 0.00131698 0.00129678 0.00126895 0.00123358 0.00119078 0.00114073 0.00108364 0.00101979 0.000949508 0.000873169 0.00079121 0.000704115 0.000612416 0.000516687 0.00041754 0.000315618 0.000211592 0.000106151 0 
0.000553531 0.000689407 0.000825358 0.000928942 0.00100609 0.00106433 0.00110871 0.00114229 0.00116691 0.0011837 0.00119332 0.00119619 0.00119254 0.00118252 0.00116622 0.00114372 0.00111509 0.00108042 0.0010398 0.000993403 0.000941392 0.000883994 0.000821471 0.000754129 0.000682316 0.000606417 0.000526857 0.00044409 0.000358605 0.000270913 0.000181547 9.1056e-05 0 
0.000804409 0.000825358 0.000878969 0.000932875 0.000977919 0.001013 0.00103909 0.00105741 0.00106895 0.00107443 0.00107433 0.00106897 0.00105857 0.00104327 0.00102316 0.000998309 0.000968798 0.0009347 0.000896109 0.00085314 0.000805932 0.000754656 0.000699513 0.000640734 0.000578581 0.000513345 0.000445346 0.000374927 0.000302457 0.000228322 0.000152923 7.66747e-05 3.08149e-33 
0.000951886 0.000928942 0.000932875 0.000946548 0.000960872 0.000972068 0.000978911 0.000981227 0.000979195 0.000973075 0.000963103 0.000949467 0.000932306 0.00091172 0.000887785 0.000860563 0.000830109 0.000796483 0.000759754 0.000720003 0.000677329 0.000631849 0.000583702 0.000533047 0.000480063 0.000424951 0.000367931 0.00030924 0.000249131 0.000187871 0.000125737 6.30159e-05 6.16298e-33 
0.00105374 0.00100609 0.000977919 0.000960872 0.000948674 0.00093761 0.00092576 0.000912241 0.000896702 0.000879044 0.000859278 0.000837449 0.000813613 0.000787819 0.000760109 0.000730519 0.000699085 0.000665841 0.000630828 0.00059409 0.000555683 0.000515673 0.000474136 0.000431161 0.00038685 0.000341316 0.000294683 0.000247088 0.000198675 0.000149597 0.000100014 5.00925e-05 0 
0.00113025 0.00106433 0.001013 0.000972068 0.00093761 0.00090673 0.000877569 0.000849033 0.000820515 0.000791701 0.000762439 0.000732663 0.000702351 0.000671502 0.00064012 0.000608215 0.000575794 0.000542864 0.000509434 0.000475513 0.000441113 0.000406246 0.000370931 0.00033519 0.000299048 0.000262536 0.000225689 0.000188546 0.00015115 0.000113548 7.57871e-05 3.79203e-05 1.2326e-32 
0.00118997 0.00110871 0.00103909 0.000978911 0.00092576 0.000877569 0.000832808 0.000790435 0.000749784 0.000710446 0.00067218 0.000634846 0.000598368 0.000562699 0.000527812 0.000493688 0.000460307 0.000427648 0.000395688 0.000364399 0.000333749 0.000303702 0.00027422 0.00024526 0.000216776 0.000188721 0.000161045 0.000133697 0.000106625 7.97738e-05 5.30895e-05 2.65168e-05 0 
0.00123708 0.00114229 0.00105741 0.000981227 0.000912241 0.000849033 0.000790435 0.00073557 0.000683819 0.000634766 0.000588138 0.000543759 0.000501518 0.000461342 0.000423176 0.000386975 0.000352696 0.000320291 0.000289704 0.000260874 0.000233726 0.000208178 0.000184137 0.0001615 0.000140155 0.000119981 0.00010085 8.26264e-05 6.51684e-05 4.83293e-05 3.19579e-05 1.59003e-05 0 
0.00127378 0.00116691 0.00106895 0.000979195 0.000896702 0.000820515 0.000749784 0.000683819 0.000622101 0.000564252 0.00051001 0.000459193 0.000411677 0.000367371 0.000326205 0.000288113 0.000253031 0.000220886 0.000191595 0.000165062 0.000141175 0.000119807 0.000100814 8.40387e-05 6.93058e-05 5.64277e-05 4.5203e-05 3.54185e-05 2.68508e-05 1.92672e-05 1.24283e-05 6.08882e-06 0 
0.0013013 0.0011837 0.00107443 0.000973075 0.000879044 0.000791701 0.000710446 0.000634766 0.000564252 0.000498592 0.000437556 0.000380979 0.000328736 0.000280734 0.000236893 0.000197133 0.000161373 0.000129519 0.000101463 7.70776e-05 5.62166e-05 3.8712e-05 2.43747e-05 1.29945e-05 4.34086e-06 1.83606e-06 5.804e-06 7.84688e-06 8.26289e-06 7.36239e-06 5.46567e-06 2.90057e-06 0 
0.00132033 0.00119332 0.00107433 0.000963103 0.000859278 0.000762439 0.00067218 0.000588138 0.00051001 0.000437556 0.000370593 0.00030898 0.000252609 0.000201387 0.000155233 0.00011406 7.77729e-05 4.62612e-05 1.93941e-05 2.98176e-06 2.10446e-05 3.49985e-05 4.5074e-05 5.15275e-05 5.46406e-05 5.47186e-05 5.20889e-05 4.70991e-05 4.01144e-05 3.15151e-05 2.16939e-05 1.10527e-05 0 
0.00133125 0.00119619 0.00106897 0.000949467 0.000837449 0.000732663 0.000634846 0.000543759 0.000459193 0.000380979 0.00030898 0.000243091 0.00018322 0.000129288 8.1214e-05 3.89083e-05 2.26715e-06 2.8834e-05 5.4544e-05 7.5039e-05 9.05249e-05 0.000101238 0.000107444 0.000109442 0.000107557 0.000102145 9.35842e-05 8.22798e-05 6.86557e-05 5.3154e-05 3.62313e-05 1.8355e-05 0 
0.00133427 0.00119254 0.00105857 0.000932306 0.000813613 0.000702351 0.000598368 0.000501518 0.000411677 0.000328736 0.000252609 0.00018322 0.000120504 6.43938e-05 1.48144e-05 2.83233e-05 6.51285e-05 9.57359e-05 0.000120309 0.000139043 0.000152167 0.000159945 0.000162674 0.000160687 0.00015435 0.000144059 0.00013024 0.000113345 9.38509e-05 7.22516e-05 4.90592e-05 2.47979e-05 0 
0.00132949 0.00118252 0.00104327 0.00091172 0.000787819 0.000671502 0.000562699 0.000461342 0.000367371 0.000280734 0.000201387 0.000129288 6.43938e-05 6.65242e-06 4.40022e-05 8.76565e-05 0.000124422 0.000154441 0.000177888 0.000194973 0.000205945 0.000211089 0.000210729 0.000205229 0.000194984 0.000180429 0.000162027 0.00014027 0.000115679 8.87912e-05 6.01664e-05 3.03758e-05 0 
0.00131698 0.00116622 0.00102316 0.000887785 0.000760109 0.00064012 0.000527812 0.000423176 0.000326205 0.000236893 0.000155233 8.1214e-05 1.48144e-05 4.40022e-05 9.52924e-05 0.000139138 0.000175652 0.000204979 0.000227302 0.000242844 0.000251866 0.000254674 0.000251612 0.000243064 0.000229457 0.00021125 0.000188939 0.000163049 0.000134133 0.000102769 6.955e-05 3.50872e-05 0 
0.00129678 0.00114372 0.000998309 0.000860563 0.000730519 0.000608215 0.000493688 0.000386975 0.000288113 0.000197133 0.00011406 3.89083e-05 2.83233e-05 8.76565e-05 0.000139138 0.000182845 0.000218887 0.000247413 0.000268609 0.000282707 0.000289978 0.000290741 0.000285356 0.000274226 0.000257795 0.000236546 0.000210996 0.000181697 0.000149228 0.000114193 7.72161e-05 3.89352e-05 0 
0.00126895 0.00111509 0.000968798 0.000830109 0.000699085 0.000575794 0.000460307 0.000352696 0.000253031 0.000161373 7.77729e-05 2.26715e-06 6.51285e-05 0.000124422 0.000175652 0.000218887 0.000254236 0.000281846 0.000301908 0.000314655 0.000320368 0.000319372 0.000312038 0.000298782 0.00028006 0.000256369 0.000228245 0.000196254 0.000160995 0.000123089 8.31806e-05 4.19277e-05 0 
0.00123358 0.00108042 0.0009347 0.000796483 0.000665841 0.000542864 0.000427648 0.000320291 0.000220886 0.000129519 4.62612e-05 2.8834e-05 9.57359e-05 0.000154441 0.000204979 0.000247413 0.000281846 0.000308426 0.00032734 0.000338827 0.000343167 0.000340691 0.000331774 0.000316838 0.000296348 0.000270808 0.000240761 0.000206784 0.000169485 0.000129495 8.74698e-05 4.40779e-05 0 
0.00119078 0.0010398 0.000896109 0.000759754 0.000630828 0.000509434 0.000395688 0.000289704 0.000191595 0.000101463 1.93941e-05 5.4544e-05 0.000120309 0.000177888 0.000227302 0.000268609 0.000301908 0.00032734 0.000345094 0.000355404 0.000358551 0.000354865 0.000344722 0.000328543 0.000306794 0.000279982 0.000248649 0.000213376 0.00017477 0.000133466 9.01204e-05 4.54042e-05 0 
0.00114073 0.000993403 0.00085314 0.000720003 0.00059409 0.000475513 0.000364399 0.000260874 0.000165062 7.70776e-05 2.98176e-06 7.5039e-05 0.000139043 0.000194973 0.000242844 0.000282707 0.000314655 0.000338827 0.000355404 0.000364617 0.000366744 0.000362108 0.000351083 0.000334083 0.00031157 0.000284045 0.000252045 0.000216144 0.000176943 0.000135073 9.11798e-05 4.59305e-05 0 
0.00108364 0.000941392 0.000805932 0.000677329 0.000555683 0.000441113 0.000333749 0.000233726 0.000141175 5.62166e-05 2.10446e-05 9.05249e-05 0.000152167 0.000205945 0.000251866 0.000289978 0.000320368 0.000343167 0.000358551 0.000366744 0.000368015 0.00036268 0.000351102 0.000333687 0.000310886 0.000283186 0.000251113 0.000215229 0.00017612 0.000134401 9.07065e-05 4.5686e-05 0 
0.00101979 0.000883994 0.000754656 0.000631849 0.000515673 0.000406246 0.000303702 0.000208178 0.000119807 3.8712e-05 3.49985e-05 0.000101238 0.000159945 0.000211089 0.000254674 0.000290741 0.000319372 0.000340691 0.000354865 0.000362108 0.00036268 0.000356884 0.000345068 0.000327625 0.000304988 0.000277627 0.00024605 0.000210797 0.000172434 0.000131554 8.87693e-05 4.47056e-05 0 
0.000949508 0.000821471 0.000699513 0.000583702 0.000474136 0.000370931 0.00027422 0.000184137 0.000100814 2.43747e-05 4.5074e-05 0.000107444 0.000162674 0.000210729 0.000251612 0.000285356 0.000312038 0.000331774 0.000344722 0.000351083 0.000351102 0.000345068 0.000333312 0.000316206 0.000294161 0.000267625 0.00023708 0.000203039 0.000166041 0.000126651 8.54478e-05 4.30291e-05 0 
0.000873169 0.000754129 0.000640734 0.000533047 0.000431161 0.00033519 0.00024526 0.0001615 8.40387e-05 1.29945e-05 5.15275e-05 0.000109442 0.000160687 0.000205229 0.000243064 0.000274226 0.000298782 0.000316838 0.000328543 0.000334083 0.000333687 0.000327625 0.000316206 0.000299778 0.000278725 0.000253468 0.000224456 0.000192171 0.000157118 0.000119823 8.08316e-05 4.07016e-05 0 
0.00079121 0.000682316 0.000578581 0.000480063 0.00038685 0.000299048 0.000216776 0.000140155 6.93058e-05 4.34086e-06 5.46406e-05 0.000107557 0.00015435 0.000194984 0.000229457 0.000257795 0.00028006 0.000296348 0.000306794 0.00031157 0.000310886 0.000304988 0.000294161 0.000278725 0.000259034 0.000235474 0.000208459 0.000178431 0.000145856 0.000111219 7.50198e-05 3.77729e-05 0 
0.000704115 0.000606417 0.000513345 0.000424951 0.000341316 0.000262536 0.000188721 0.000119981 5.64277e-05 1.83606e-06 5.47186e-05 0.000102145 0.000144059 0.000180429 0.00021125 0.000236546 0.000256369 0.000270808 0.000279982 0.000284045 0.000283186 0.000277627 0.000267625 0.000253468 0.000235474 0.000213991 0.000189394 0.00016208 0.00013247 0.000100999 6.81208e-05 3.42976e-05 0 
0.000612416 0.000526857 0.000445346 0.000367931 0.000294683 0.000225689 0.000161045 0.00010085 4.5203e-05 5.804e-06 5.20889e-05 9.35842e-05 0.00013024 0.000162027 0.000188939 0.000210996 0.000228245 0.000240761 0.000248649 0.000252045 0.000251113 0.00024605 0.00023708 0.000224456 0.000208459 0.000189394 0.00016759 0.000143398 0.000117185 8.93372e-05 6.02511e-05 3.03341e-05 0 
0.000516687 0.00044409 0.000374927 0.00030924 0.000247088 0.000188546 0.000133697 8.26264e-05 3.54185e-05 7.84688e-06 4.70991e-05 8.22798e-05 0.000113345 0.00014027 0.000163049 0.000181697 0.000196254 0.000206784 0.000213376 0.000216144 0.000215229 0.000210797 0.000203039 0.000192171 0.000178431 0.00016208 0.000143398 0.000122681 0.000100245 7.64171e-05 5.15347e-05 2.59449e-05 1.2326e-32 
0.00041754 0.000358605 0.000302457 0.000249131 0.000198675 0.00015115 0.000106625 6.51684e-05 2.68508e-05 8.26289e-06 4.01144e-05 6.86557e-05 9.38509e-05 0.000115679 0.000134133 0.000149228 0.000160995 0.000169485 0.00017477 0.000176943 0.00017612 0.000172434 0.000166041 0.000157118 0.000145856 0.00013247 0.000117185 0.000100245 8.19059e-05 6.24331e-05 4.21023e-05 2.11957e-05 0 
0.000315618 0.000270913 0.000228322 0.000187871 0.000149597 0.000113548 7.97738e-05 4.83293e-05 1.92672e-05 7.36239e-06 3.15151e-05 5.3154e-05 7.22516e-05 8.87912e-05 0.000102769 0.000114193 0.000123089 0.000129495 0.000133466 0.000135073 0.000134401 0.000131554 0.000126651 0.000119823 0.000111219 0.000100999 8.93372e-05 7.64171e-05 6.24331e-05 4.75876e-05 3.20901e-05 1.61549e-05 6.16298e-33 
0.000211592 0.000181547 0.000152923 0.000125737 0.000100014 7.57871e-05 5.30895e-05 3.19579e-05 1.24283e-05 5.46567e-06 2.16939e-05 3.62313e-05 4.90592e-05 6.01664e-05 6.955e-05 7.72161e-05 8.31806e-05 8.74698e-05 9.01204e-05 9.11798e-05 9.07065e-05 8.87693e-05 8.54478e-05 8.08316e-05 7.50198e-05 6.81208e-05 6.02511e-05 5.15347e-05 4.21023e-05 3.20901e-05 2.1639e-05 1.08935e-05 3.08149e-33 
0.000106151 9.1056e-05 7.66747e-05 6.30159e-05 5.00925e-05 3.79203e-05 2.65168e-05 1.59003e-05 6.08882e-06 2.90057e-06 1.10527e-05 1.8355e-05 2.47979e-05 3.03758e-05 3.50872e-05 3.89352e-05 4.19277e-05 4.40779e-05 4.54042e-05 4.59305e-05 4.5686e-05 4.47056e-05 4.30291e-05 4.07016e-05 3.77729e-05 3.42976e-05 3.03341e-05 2.59449e-05 2.11957e-05 1.61549e-05 1.08935e-05 5.4839e-06 0 
0 0 3.08149e-33 6.16298e-33 0 1.2326e-32 0 0 0 0 0 0 0 0 0 0 0 0 0 0 0 0 0 0 0 0 0 1.2326e-32 0 6.16298e-33 3.08149e-33 0 0 
