0 1.97851e-05 3.1619e-05 4.54967e-05 6.63596e-05 9.78117e-05 0.000143039 0.000205071 0.000286867 0.000391351 0.000521426 0.000679985 0.000869909 0.00109408 0.00135536 0.00165664 0.00200078 0.00239064 0.00282909 0.00331901 0.00386325 0.00446468 0.00512616 0.00585055 0.00664073 0.00749955 0.00842987 0.00943456 0.0105165 0.0116785 0.0129235 0.0142542 0.0156737 0.0171847 0.0187901 0.0204928 0.0222956 0.0242013 0.026213 0.0283333 0.0305652 0.0329115 0.0353752 0.037959 0.0406658 0.0434984 0.0464598 0.0495529 0.0527803 0.0561451 0.0596501 0.0632982 0.0670921 0.0710348 0.0751291 0.0793779 0.0837841 0.0883505 0.0930799 0.0979753 0.103039 0.108275 0.113686 0.119273 0.125041 0.130992 0.137129 0.143455 0.149973 0.156685 0.163594 0.170704 0.178017 0.185536 0.193264 0.201203 0.209357 0.217728 0.22632 0.235135 0.244176 0.253446 0.262947 0.272683 0.282657 0.292871 0.303328 0.314031 0.324983 0.336187 0.347645 0.359361 0.371337 0.383576 0.396082 0.408856 0.421902 0.435223 0.448822 0.4627 0.476862 0.49131 0.506047 0.521076 0.5364 0.552021 0.567942 0.584167 0.600697 0.617537 0.634689 0.652155 0.669939 0.688043 0.706471 0.725224 0.744307 0.763722 0.783471 0.803558 0.823985 0.844755 0.865872 0.887338 0.909155 0.931327 0.953857 0.976747 1 
1.97851e-05 2.51911e-05 3.34582e-05 4.62956e-05 6.67872e-05 9.80766e-05 0.00014322 0.000205202 0.000286967 0.000391429 0.00052149 0.000680037 0.000869953 0.00109412 0.0013554 0.00165667 0.0020008 0.00239066 0.00282911 0.00331903 0.00386326 0.00446469 0.00512617 0.00585057 0.00664074 0.00749956 0.00842988 0.00943457 0.0105165 0.0116785 0.0129235 0.0142543 0.0156737 0.0171847 0.0187901 0.0204928 0.0222956 0.0242013 0.026213 0.0283333 0.0305652 0.0329115 0.0353752 0.037959 0.0406658 0.0434984 0.0464599 0.0495529 0.0527803 0.0561451 0.0596501 0.0632982 0.0670921 0.0710348 0.0751291 0.0793779 0.0837841 0.0883505 0.0930799 0.0979753 0.103039 0.108275 0.113686 0.119273 0.125041 0.130992 0.137129 0.143455 0.149973 0.156685 0.163594 0.170704 0.178017 0.185536 0.193264 0.201203 0.209357 0.217728 0.22632 0.235135 0.244176 0.253446 0.262947 0.272683 0.282657 0.292871 0.303328 0.314031 0.324983 0.336187 0.347645 0.359361 0.371337 0.383576 0.396082 0.408856 0.421902 0.435223 0.448822 0.4627 0.476862 0.49131 0.506047 0.521076 0.5364 0.552021 0.567942 0.584167 0.600697 0.617537 0.634689 0.652155 0.669939 0.688043 0.706471 0.725224 0.744307 0.763722 0.783471 0.803558 0.823985 0.844755 0.865872 0.887338 0.909155 0.931327 0.953857 0.976747 1 
3.1619e-05 3.34582e-05 3.93102e-05 5.08843e-05 7.07219e-05 0.000101654 0.000146588 0.00020844 0.000290118 0.000394521 0.000524538 0.000683053 0.000872945 0.00109709 0.00135835 0.00165961 0.00200374 0.00239359 0.00283203 0.00332194 0.00386617 0.0044676 0.00512907 0.00585346 0.00664364 0.00750245 0.00843277 0.00943746 0.0105194 0.0116814 0.0129264 0.0142571 0.0156766 0.0171876 0.018793 0.0204957 0.0222984 0.0242042 0.0262158 0.0283362 0.0305681 0.0329144 0.035378 0.0379618 0.0406686 0.0435013 0.0464627 0.0495557 0.0527832 0.056148 0.059653 0.063301 0.067095 0.0710377 0.075132 0.0793808 0.083787 0.0883533 0.0930828 0.0979782 0.103042 0.108278 0.113689 0.119276 0.125044 0.130995 0.137132 0.143458 0.149976 0.156688 0.163597 0.170707 0.17802 0.185539 0.193266 0.201206 0.20936 0.217731 0.226323 0.235138 0.244179 0.253449 0.26295 0.272686 0.28266 0.292874 0.303331 0.314034 0.324986 0.336189 0.347648 0.359364 0.37134 0.383579 0.396085 0.408859 0.421905 0.435226 0.448825 0.462703 0.476865 0.491313 0.50605 0.521079 0.536403 0.552024 0.567945 0.58417 0.6007 0.61754 0.634692 0.652158 0.669942 0.688046 0.706474 0.725227 0.74431 0.763724 0.783474 0.803561 0.823988 0.844758 0.865875 0.887341 0.909158 0.93133 0.95386 0.97675 1 
4.54967e-05 4.62956e-05 5.08843e-05 6.15146e-05 8.0728e-05 0.000111257 0.000155927 0.000217601 0.000299155 0.000403469 0.00053342 0.000691886 0.000881739 0.00110585 0.00136709 0.00166833 0.00201244 0.00240228 0.00284071 0.00333061 0.00387483 0.00447625 0.00513772 0.00586211 0.00665227 0.00751108 0.0084414 0.00944609 0.010528 0.01169 0.012935 0.0142658 0.0156852 0.0171962 0.0188016 0.0205043 0.0223071 0.0242128 0.0262245 0.0283448 0.0305767 0.032923 0.0353867 0.0379704 0.0406772 0.0435099 0.0464713 0.0495643 0.0527918 0.0561566 0.0596616 0.0633096 0.0671036 0.0710463 0.0751406 0.0793894 0.0837956 0.0883619 0.0930914 0.0979868 0.103051 0.108287 0.113697 0.119285 0.125053 0.131004 0.137141 0.143467 0.149984 0.156696 0.163606 0.170716 0.178028 0.185547 0.193275 0.201214 0.209368 0.21774 0.226332 0.235146 0.244187 0.253457 0.262959 0.272695 0.282668 0.292882 0.303339 0.314042 0.324994 0.336198 0.347656 0.359372 0.371348 0.383588 0.396093 0.408868 0.421914 0.435235 0.448833 0.462712 0.476874 0.491322 0.506059 0.521088 0.536411 0.552032 0.567954 0.584178 0.600709 0.617549 0.6347 0.652167 0.66995 0.688055 0.706482 0.725236 0.744319 0.763733 0.783482 0.803569 0.823996 0.844767 0.865884 0.887349 0.909167 0.931339 0.953869 0.976759 1.00001 
6.63596e-05 6.67872e-05 7.07219e-05 8.0728e-05 9.94457e-05 0.000129607 0.000174011 0.000235491 0.000316903 0.000421111 0.000550982 0.000709385 0.000899189 0.00112326 0.00138447 0.00168569 0.00202977 0.00241959 0.00285801 0.0033479 0.00389211 0.00449351 0.00515498 0.00587935 0.00666952 0.00752832 0.00845863 0.00946331 0.0105452 0.0117072 0.0129522 0.014283 0.0157024 0.0172134 0.0188188 0.0205215 0.0223243 0.02423 0.0262417 0.028362 0.0305939 0.0329402 0.0354038 0.0379876 0.0406944 0.0435271 0.0464885 0.0495815 0.052809 0.0561738 0.0596788 0.0633268 0.0671207 0.0710634 0.0751578 0.0794066 0.0838128 0.0883791 0.0931086 0.098004 0.103068 0.108304 0.113714 0.119302 0.12507 0.131021 0.137158 0.143484 0.150001 0.156714 0.163623 0.170733 0.178046 0.185565 0.193292 0.201232 0.209386 0.217757 0.226349 0.235164 0.244205 0.253474 0.262976 0.272712 0.282685 0.292899 0.303356 0.314059 0.325011 0.336215 0.347674 0.359389 0.371366 0.383605 0.396111 0.408885 0.421931 0.435252 0.44885 0.462729 0.476891 0.491339 0.506076 0.521105 0.536428 0.552049 0.567971 0.584195 0.600726 0.617566 0.634718 0.652184 0.669968 0.688072 0.7065 0.725253 0.744336 0.76375 0.7835 0.803586 0.824014 0.844784 0.865901 0.887367 0.909184 0.931357 0.953886 0.976777 1.00003 
9.78117e-05 9.80766e-05 0.000101654 0.000111257 0.000129607 0.000159465 0.000203628 0.000264922 0.000346189 0.000450284 0.000580066 0.000738399 0.000928146 0.00115217 0.00141335 0.00171453 0.00205859 0.00244839 0.00288679 0.00337666 0.00392086 0.00452225 0.0051837 0.00590807 0.00669822 0.00755702 0.00848733 0.009492 0.0105739 0.0117359 0.0129809 0.0143116 0.0157311 0.0172421 0.0188475 0.0205501 0.0223529 0.0242587 0.0262703 0.0283906 0.0306225 0.0329689 0.0354325 0.0380163 0.0407231 0.0435557 0.0465172 0.0496102 0.0528376 0.0562024 0.0597074 0.0633555 0.0671494 0.0710921 0.0751864 0.0794352 0.0838414 0.0884078 0.0931372 0.0980326 0.103097 0.108333 0.113743 0.119331 0.125099 0.13105 0.137187 0.143513 0.15003 0.156742 0.163652 0.170761 0.178074 0.185593 0.193321 0.20126 0.209414 0.217786 0.226377 0.235192 0.244233 0.253503 0.263004 0.272741 0.282714 0.292928 0.303385 0.314088 0.32504 0.336244 0.347702 0.359418 0.371394 0.383634 0.396139 0.408914 0.42196 0.435281 0.448879 0.462758 0.47692 0.491368 0.506105 0.521134 0.536457 0.552078 0.567999 0.584224 0.600755 0.617595 0.634746 0.652213 0.669996 0.688101 0.706528 0.725282 0.744365 0.763779 0.783528 0.803615 0.824042 0.844813 0.86593 0.887396 0.909213 0.931385 0.953915 0.976806 1.00006 
0.000143039 0.00014322 0.000146588 0.000155927 0.000174011 0.000203628 0.000247586 0.00030871 0.00038984 0.000493823 0.000623515 0.000781774 0.000971461 0.00119544 0.00145657 0.00175772 0.00210175 0.00249152 0.0029299 0.00341975 0.00396393 0.00456531 0.00522675 0.00595111 0.00674125 0.00760004 0.00853034 0.00953501 0.0106169 0.0117789 0.0130239 0.0143546 0.0157741 0.0172851 0.0188905 0.0205931 0.0223959 0.0243017 0.0263133 0.0284336 0.0306655 0.0330118 0.0354755 0.0380592 0.040766 0.0435987 0.0465601 0.0496531 0.0528806 0.0562454 0.0597504 0.0633984 0.0671923 0.071135 0.0752294 0.0794782 0.0838843 0.0884507 0.0931802 0.0980755 0.10314 0.108376 0.113786 0.119374 0.125142 0.131093 0.13723 0.143556 0.150073 0.156785 0.163695 0.170804 0.178117 0.185636 0.193364 0.201303 0.209457 0.217829 0.22642 0.235235 0.244276 0.253546 0.263047 0.272783 0.282757 0.292971 0.303428 0.314131 0.325083 0.336287 0.347745 0.359461 0.371437 0.383677 0.396182 0.408957 0.422003 0.435324 0.448922 0.462801 0.476963 0.491411 0.506148 0.521176 0.5365 0.552121 0.568042 0.584267 0.600798 0.617638 0.634789 0.652256 0.670039 0.688144 0.706571 0.725325 0.744408 0.763822 0.783571 0.803658 0.824086 0.844856 0.865973 0.887439 0.909256 0.931429 0.953959 0.976849 1.0001 
0.000205071 0.000205202 0.00020844 0.000217601 0.000235491 0.000264922 0.00030871 0.000369687 0.000450691 0.000554569 0.000684172 0.000842358 0.00103198 0.00125591 0.001517 0.00181811 0.00216211 0.00255185 0.00299021 0.00348004 0.0040242 0.00462557 0.00528699 0.00601134 0.00680147 0.00766025 0.00859054 0.0095952 0.0106771 0.0118391 0.013084 0.0144148 0.0158342 0.0173452 0.0189506 0.0206533 0.022456 0.0243618 0.0263734 0.0284937 0.0307256 0.033072 0.0355356 0.0381194 0.0408262 0.0436588 0.0466202 0.0497133 0.0529407 0.0563055 0.0598105 0.0634585 0.0672525 0.0711952 0.0752895 0.0795383 0.0839445 0.0885108 0.0932403 0.0981357 0.1032 0.108436 0.113846 0.119434 0.125202 0.131153 0.13729 0.143616 0.150133 0.156845 0.163755 0.170865 0.178177 0.185696 0.193424 0.201363 0.209517 0.217889 0.226481 0.235295 0.244336 0.253606 0.263108 0.272844 0.282817 0.293031 0.303488 0.314191 0.325143 0.336347 0.347805 0.359521 0.371497 0.383737 0.396242 0.409017 0.422063 0.435384 0.448982 0.462861 0.477023 0.491471 0.506208 0.521237 0.53656 0.552181 0.568103 0.584327 0.600858 0.617698 0.634849 0.652316 0.6701 0.688204 0.706631 0.725385 0.744468 0.763882 0.783632 0.803719 0.824146 0.844916 0.866033 0.887499 0.909317 0.931489 0.954019 0.97691 1.00016 
0.000286867 0.000286967 0.000290118 0.000299155 0.000316903 0.000346189 0.00038984 0.000450691 0.000531584 0.000635365 0.000764886 0.000923 0.00111256 0.00133644 0.00159748 0.00189855 0.00224252 0.00263223 0.00307057 0.00356037 0.00410452 0.00470587 0.00536728 0.00609161 0.00688173 0.0077405 0.00867078 0.00967543 0.0107573 0.0119193 0.0131642 0.014495 0.0159144 0.0174254 0.0190308 0.0207334 0.0225362 0.024442 0.0264536 0.0285739 0.0308058 0.0331521 0.0356158 0.0381995 0.0409063 0.043739 0.0467004 0.0497934 0.0530209 0.0563857 0.0598907 0.0635387 0.0673326 0.0712753 0.0753696 0.0796184 0.0840246 0.088591 0.0933204 0.0982158 0.10328 0.108516 0.113926 0.119514 0.125282 0.131233 0.13737 0.143696 0.150213 0.156925 0.163835 0.170945 0.178258 0.185776 0.193504 0.201444 0.209598 0.217969 0.226561 0.235376 0.244416 0.253686 0.263188 0.272924 0.282897 0.293111 0.303568 0.314271 0.325223 0.336427 0.347885 0.359601 0.371578 0.383817 0.396322 0.409097 0.422143 0.435464 0.449062 0.462941 0.477103 0.491551 0.506288 0.521317 0.53664 0.552261 0.568183 0.584407 0.600938 0.617778 0.63493 0.652396 0.67018 0.688284 0.706712 0.725465 0.744548 0.763963 0.783712 0.803799 0.824226 0.844997 0.866114 0.887579 0.909397 0.93157 0.9541 0.97699 1.00024 
0.000391351 0.000391429 0.000394521 0.000403469 0.000421111 0.000450284 0.000493823 0.000554569 0.000635365 0.00073906 0.000868504 0.00102655 0.00121606 0.00143988 0.00170088 0.00200191 0.00234584 0.00273553 0.00317383 0.00366362 0.00420775 0.00480907 0.00547047 0.00619479 0.0069849 0.00784365 0.00877392 0.00977857 0.0108604 0.0120224 0.0132674 0.0145981 0.0160175 0.0175285 0.0191339 0.0208365 0.0226393 0.0245451 0.0265567 0.028677 0.0309089 0.0332552 0.0357188 0.0383026 0.0410094 0.0438421 0.0468035 0.0498965 0.0531239 0.0564887 0.0599937 0.0636417 0.0674357 0.0713784 0.0754727 0.0797215 0.0841277 0.088694 0.0934235 0.0983189 0.103383 0.108619 0.114029 0.119617 0.125385 0.131336 0.137473 0.143799 0.150316 0.157028 0.163938 0.171048 0.178361 0.185879 0.193607 0.201547 0.209701 0.218072 0.226664 0.235479 0.244519 0.253789 0.263291 0.273027 0.283 0.293214 0.303671 0.314374 0.325326 0.33653 0.347989 0.359704 0.371681 0.38392 0.396426 0.4092 0.422246 0.435567 0.449165 0.463044 0.477206 0.491654 0.506391 0.52142 0.536743 0.552364 0.568286 0.584511 0.601041 0.617881 0.635033 0.652499 0.670283 0.688387 0.706815 0.725569 0.744651 0.764066 0.783815 0.803902 0.824329 0.8451 0.866217 0.887683 0.9095 0.931673 0.954203 0.977094 1.00035 
0.000521426 0.00052149 0.000524538 0.00053342 0.000550982 0.000580066 0.000623515 0.000684172 0.000764886 0.000868504 0.000997879 0.00115586 0.00134531 0.00156909 0.00183004 0.00213104 0.00247494 0.00286459 0.00330287 0.00379263 0.00433674 0.00493805 0.00559943 0.00632373 0.00711383 0.00797257 0.00890283 0.00990746 0.0109893 0.0121513 0.0133962 0.014727 0.0161464 0.0176574 0.0192627 0.0209654 0.0227681 0.0246739 0.0266855 0.0288058 0.0310377 0.033384 0.0358476 0.0384314 0.0411382 0.0439709 0.0469323 0.0500253 0.0532527 0.0566175 0.0601225 0.0637705 0.0675645 0.0715072 0.0756015 0.0798503 0.0842565 0.0888228 0.0935523 0.0984477 0.103512 0.108748 0.114158 0.119746 0.125514 0.131465 0.137602 0.143928 0.150445 0.157157 0.164067 0.171177 0.178489 0.186008 0.193736 0.201675 0.209829 0.218201 0.226793 0.235607 0.244648 0.253918 0.26342 0.273156 0.283129 0.293343 0.3038 0.314503 0.325455 0.336659 0.348117 0.359833 0.371809 0.384049 0.396554 0.409329 0.422375 0.435696 0.449294 0.463173 0.477335 0.491783 0.50652 0.521549 0.536872 0.552493 0.568415 0.584639 0.60117 0.61801 0.635162 0.652628 0.670412 0.688516 0.706944 0.725698 0.74478 0.764195 0.783944 0.804031 0.824458 0.845229 0.866346 0.887812 0.90963 0.931802 0.954332 0.977223 1.00048 
0.000679985 0.000680037 0.000683053 0.000691886 0.000709385 0.000738399 0.000781774 0.000842358 0.000923 0.00102655 0.00115586 0.00131379 0.00150319 0.00172692 0.00198783 0.00228879 0.00263265 0.00302228 0.00346053 0.00395027 0.00449436 0.00509565 0.00575701 0.0064813 0.00727138 0.00813011 0.00906036 0.010065 0.0111468 0.0123088 0.0135537 0.0148845 0.0163039 0.0178148 0.0194202 0.0211228 0.0229256 0.0248314 0.026843 0.0289633 0.0311951 0.0335415 0.0360051 0.0385888 0.0412956 0.0441283 0.0470897 0.0501827 0.0534102 0.056775 0.0602799 0.063928 0.0677219 0.0716646 0.0757589 0.0800077 0.0844139 0.0889803 0.0937097 0.0986051 0.103669 0.108905 0.114315 0.119903 0.125671 0.131622 0.137759 0.144085 0.150603 0.157315 0.164224 0.171334 0.178647 0.186166 0.193893 0.201833 0.209987 0.218358 0.22695 0.235765 0.244806 0.254075 0.263577 0.273313 0.283287 0.2935 0.303958 0.314661 0.325613 0.336816 0.348275 0.359991 0.371967 0.384206 0.396712 0.409486 0.422532 0.435853 0.449452 0.46333 0.477492 0.49194 0.506677 0.521706 0.53703 0.552651 0.568572 0.584797 0.601328 0.618168 0.635319 0.652786 0.670569 0.688674 0.707101 0.725855 0.744938 0.764352 0.784102 0.804189 0.824616 0.845387 0.866504 0.88797 0.909787 0.93196 0.95449 0.977381 1.00063 
0.000869909 0.000869953 0.000872945 0.000881739 0.000899189 0.000928146 0.000971461 0.00103198 0.00111256 0.00121606 0.00134531 0.00150319 0.00169254 0.00191623 0.0021771 0.00247803 0.00282186 0.00321146 0.00364968 0.0041394 0.00468346 0.00528473 0.00594607 0.00667035 0.00746041 0.00831913 0.00924937 0.010254 0.0113358 0.0124978 0.0137427 0.0150734 0.0164928 0.0180038 0.0196092 0.0213118 0.0231145 0.0250203 0.0270319 0.0291522 0.0313841 0.0337304 0.036194 0.0387778 0.0414845 0.0443172 0.0472786 0.0503716 0.0535991 0.0569639 0.0604688 0.0641169 0.0679108 0.0718535 0.0759478 0.0801966 0.0846028 0.0891691 0.0938986 0.098794 0.103858 0.109094 0.114504 0.120092 0.12586 0.131811 0.137948 0.144274 0.150792 0.157504 0.164413 0.171523 0.178836 0.186355 0.194082 0.202022 0.210176 0.218547 0.227139 0.235954 0.244995 0.254264 0.263766 0.273502 0.283476 0.293689 0.304146 0.31485 0.325802 0.337005 0.348464 0.36018 0.372156 0.384395 0.396901 0.409675 0.422721 0.436042 0.449641 0.463519 0.477681 0.492129 0.506866 0.521895 0.537219 0.55284 0.568761 0.584986 0.601517 0.618357 0.635508 0.652975 0.670758 0.688863 0.70729 0.726044 0.745127 0.764542 0.784291 0.804378 0.824805 0.845576 0.866693 0.888159 0.909977 0.932149 0.954679 0.97757 1.00082 
0.00109408 0.00109412 0.00109709 0.00110585 0.00112326 0.00115217 0.00119544 0.00125591 0.00133644 0.00143988 0.00156909 0.00172692 0.00191623 0.00213987 0.00240071 0.0027016 0.0030454 0.00343497 0.00387317 0.00436286 0.0049069 0.00550816 0.00616948 0.00689374 0.00768379 0.0085425 0.00947272 0.0104773 0.0115592 0.0127211 0.013966 0.0152967 0.0167161 0.0182271 0.0198324 0.0215351 0.0233378 0.0252436 0.0272551 0.0293755 0.0316073 0.0339536 0.0364172 0.039001 0.0417078 0.0445405 0.0475019 0.0505949 0.0538223 0.0571871 0.0606921 0.0643401 0.068134 0.0720767 0.076171 0.0804198 0.084826 0.0893924 0.0941218 0.0990172 0.104081 0.109317 0.114728 0.120315 0.126083 0.132034 0.138171 0.144497 0.151015 0.157727 0.164636 0.171746 0.179059 0.186578 0.194306 0.202245 0.210399 0.21877 0.227362 0.236177 0.245218 0.254488 0.263989 0.273725 0.283699 0.293913 0.30437 0.315073 0.326025 0.337229 0.348687 0.360403 0.372379 0.384618 0.397124 0.409898 0.422945 0.436265 0.449864 0.463743 0.477905 0.492353 0.50709 0.522119 0.537442 0.553063 0.568985 0.585209 0.60174 0.61858 0.635732 0.653198 0.670982 0.689086 0.707514 0.726268 0.74535 0.764765 0.784514 0.804601 0.825029 0.845799 0.866916 0.888382 0.9102 0.932373 0.954903 0.977794 1.00105 
0.00135536 0.0013554 0.00135835 0.00136709 0.00138447 0.00141335 0.00145657 0.001517 0.00159748 0.00170088 0.00183004 0.00198783 0.0021771 0.00240071 0.00266151 0.00296237 0.00330614 0.00369569 0.00413386 0.00462353 0.00516755 0.00576879 0.00643009 0.00715434 0.00794437 0.00880307 0.00973328 0.0107379 0.0118197 0.0129816 0.0142265 0.0155572 0.0169766 0.0184876 0.0200929 0.0217955 0.0235983 0.025504 0.0275156 0.0296359 0.0318678 0.0342141 0.0366777 0.0392615 0.0419682 0.0448009 0.0477623 0.0508553 0.0540828 0.0574475 0.0609525 0.0646005 0.0683945 0.0723371 0.0764315 0.0806803 0.0850864 0.0896528 0.0943823 0.0992776 0.104342 0.109578 0.114988 0.120576 0.126344 0.132295 0.138432 0.144758 0.151275 0.157987 0.164897 0.172006 0.179319 0.186838 0.194566 0.202505 0.210659 0.219031 0.227623 0.236437 0.245478 0.254748 0.26425 0.273986 0.283959 0.294173 0.30463 0.315333 0.326285 0.337489 0.348947 0.360663 0.37264 0.384879 0.397384 0.410159 0.423205 0.436526 0.450124 0.464003 0.478165 0.492613 0.50735 0.522379 0.537703 0.553324 0.569245 0.58547 0.602001 0.61884 0.635992 0.653458 0.671242 0.689347 0.707774 0.726528 0.745611 0.765026 0.784775 0.804862 0.825289 0.84606 0.867177 0.888643 0.910461 0.932633 0.955164 0.978054 1.00131 
0.00165664 0.00165667 0.00165961 0.00166833 0.00168569 0.00171453 0.00175772 0.00181811 0.00189855 0.00200191 0.00213104 0.00228879 0.00247803 0.0027016 0.00296237 0.0032632 0.00360694 0.00399646 0.00443461 0.00492426 0.00546826 0.00606948 0.00673077 0.007455 0.00824502 0.0091037 0.0100339 0.0110385 0.0121203 0.0132822 0.0145271 0.0158578 0.0172772 0.0187881 0.0203935 0.0220961 0.0238988 0.0258046 0.0278161 0.0299364 0.0321683 0.0345146 0.0369782 0.039562 0.0422688 0.0451014 0.0480628 0.0511558 0.0543833 0.057748 0.061253 0.064901 0.0686949 0.0726376 0.076732 0.0809808 0.0853869 0.0899533 0.0946827 0.0995781 0.104642 0.109878 0.115288 0.120876 0.126644 0.132595 0.138732 0.145058 0.151576 0.158288 0.165197 0.172307 0.17962 0.187139 0.194866 0.202806 0.21096 0.219331 0.227923 0.236738 0.245779 0.255049 0.26455 0.274286 0.28426 0.294474 0.304931 0.315634 0.326586 0.33779 0.349248 0.360964 0.37294 0.385179 0.397685 0.410459 0.423506 0.436827 0.450425 0.464304 0.478466 0.492914 0.507651 0.52268 0.538003 0.553624 0.569546 0.58577 0.602301 0.619141 0.636293 0.653759 0.671543 0.689647 0.708075 0.726829 0.745912 0.765326 0.785076 0.805163 0.82559 0.846361 0.867478 0.888944 0.910762 0.932934 0.955464 0.978355 1.00161 
0.00200078 0.0020008 0.00200374 0.00201244 0.00202977 0.00205859 0.00210175 0.00216211 0.00224252 0.00234584 0.00247494 0.00263265 0.00282186 0.0030454 0.00330614 0.00360694 0.00395066 0.00434015 0.00477828 0.00526791 0.00581189 0.00641309 0.00707436 0.00779858 0.00858859 0.00944725 0.0103774 0.011382 0.0124638 0.0136257 0.0148706 0.0162013 0.0176207 0.0191316 0.020737 0.0224396 0.0242423 0.026148 0.0281596 0.0302799 0.0325118 0.0348581 0.0373217 0.0399054 0.0426122 0.0454448 0.0484062 0.0514992 0.0547267 0.0580915 0.0615964 0.0652444 0.0690384 0.072981 0.0770754 0.0813242 0.0857303 0.0902967 0.0950261 0.0999215 0.104986 0.110222 0.115632 0.12122 0.126988 0.132939 0.139076 0.145402 0.151919 0.158631 0.165541 0.17265 0.179963 0.187482 0.19521 0.203149 0.211303 0.219675 0.228266 0.237081 0.246122 0.255392 0.264893 0.27463 0.284603 0.294817 0.305274 0.315977 0.326929 0.338133 0.349591 0.361307 0.373283 0.385523 0.398028 0.410803 0.423849 0.43717 0.450768 0.464647 0.478809 0.493257 0.507994 0.523023 0.538347 0.553968 0.569889 0.586114 0.602645 0.619485 0.636636 0.654103 0.671887 0.689991 0.708419 0.727172 0.746255 0.76567 0.785419 0.805506 0.825934 0.846705 0.867821 0.889287 0.911105 0.933278 0.955808 0.978699 1.00195 
0.00239064 0.00239066 0.00239359 0.00240228 0.00241959 0.00244839 0.00249152 0.00255185 0.00263223 0.00273553 0.00286459 0.00302228 0.00321146 0.00343497 0.00369569 0.00399646 0.00434015 0.00472963 0.00516773 0.00565734 0.0062013 0.00680248 0.00746374 0.00818794 0.00897793 0.00983659 0.0107668 0.0117713 0.0128531 0.014015 0.0152599 0.0165906 0.01801 0.0195209 0.0211262 0.0228288 0.0246315 0.0265373 0.0285488 0.0306691 0.032901 0.0352473 0.0377109 0.0402946 0.0430014 0.045834 0.0487954 0.0518884 0.0551159 0.0584807 0.0619856 0.0656336 0.0694276 0.0733702 0.0774646 0.0817134 0.0861195 0.0906859 0.0954153 0.100311 0.105375 0.110611 0.116021 0.121609 0.127377 0.133328 0.139465 0.145791 0.152308 0.15902 0.16593 0.17304 0.180352 0.187871 0.195599 0.203538 0.211692 0.220064 0.228656 0.237471 0.246511 0.255781 0.265283 0.275019 0.284992 0.295206 0.305663 0.316366 0.327318 0.338522 0.349981 0.361696 0.373673 0.385912 0.398418 0.411192 0.424238 0.437559 0.451158 0.465036 0.479198 0.493646 0.508384 0.523412 0.538736 0.554357 0.570278 0.586503 0.603034 0.619874 0.637026 0.654492 0.672276 0.69038 0.708808 0.727562 0.746645 0.766059 0.785809 0.805896 0.826323 0.847094 0.868211 0.889677 0.911495 0.933668 0.956198 0.979089 1.00234 
0.00282909 0.00282911 0.00283203 0.00284071 0.00285801 0.00288679 0.0029299 0.00299021 0.00307057 0.00317383 0.00330287 0.00346053 0.00364968 0.00387317 0.00413386 0.00443461 0.00477828 0.00516773 0.00560582 0.00609541 0.00663936 0.00724052 0.00790176 0.00862594 0.00941593 0.0102746 0.0112047 0.0122093 0.0132911 0.014453 0.0156978 0.0170285 0.0184479 0.0199588 0.0215641 0.0232667 0.0250694 0.0269751 0.0289867 0.031107 0.0333389 0.0356851 0.0381487 0.0407325 0.0434392 0.0462719 0.0492333 0.0523263 0.0555537 0.0589185 0.0624235 0.0660715 0.0698654 0.0738081 0.0779024 0.0821512 0.0865574 0.0911237 0.0958532 0.100749 0.105813 0.111049 0.116459 0.122047 0.127815 0.133766 0.139903 0.146229 0.152746 0.159458 0.166368 0.173477 0.18079 0.188309 0.196037 0.203976 0.21213 0.220502 0.229093 0.237908 0.246949 0.256219 0.265721 0.275457 0.28543 0.295644 0.306101 0.316804 0.327756 0.33896 0.350418 0.362134 0.374111 0.38635 0.398856 0.41163 0.424676 0.437997 0.451595 0.465474 0.479636 0.494084 0.508821 0.52385 0.539174 0.554795 0.570716 0.586941 0.603472 0.620312 0.637464 0.65493 0.672714 0.690818 0.709246 0.728 0.747083 0.766497 0.786247 0.806334 0.826761 0.847532 0.868649 0.890115 0.911933 0.934106 0.956636 0.979527 1.00278 
0.00331901 0.00331903 0.00332194 0.00333061 0.0033479 0.00337666 0.00341975 0.00348004 0.00356037 0.00366362 0.00379263 0.00395027 0.0041394 0.00436286 0.00462353 0.00492426 0.00526791 0.00565734 0.00609541 0.00658498 0.00712891 0.00773006 0.00839128 0.00911545 0.00990542 0.0107641 0.0116942 0.0126987 0.0137805 0.0149424 0.0161872 0.0175179 0.0189373 0.0204482 0.0220535 0.0237561 0.0255588 0.0274645 0.0294761 0.0315964 0.0338282 0.0361745 0.0386381 0.0412218 0.0439286 0.0467613 0.0497226 0.0528156 0.0560431 0.0594079 0.0629128 0.0665608 0.0703547 0.0742974 0.0783917 0.0826405 0.0870467 0.0916131 0.0963425 0.101238 0.106302 0.111538 0.116948 0.122536 0.128304 0.134255 0.140392 0.146718 0.153235 0.159948 0.166857 0.173967 0.18128 0.188798 0.196526 0.204466 0.21262 0.220991 0.229583 0.238398 0.247439 0.256708 0.26621 0.275946 0.28592 0.296133 0.306591 0.317294 0.328246 0.339449 0.350908 0.362624 0.3746 0.386839 0.399345 0.412119 0.425166 0.438487 0.452085 0.465964 0.480126 0.494574 0.509311 0.52434 0.539663 0.555284 0.571206 0.587431 0.603961 0.620801 0.637953 0.655419 0.673203 0.691308 0.709735 0.728489 0.747572 0.766987 0.786736 0.806823 0.827251 0.848022 0.869139 0.890605 0.912423 0.934595 0.957126 0.980016 1.00327 
0.00386325 0.00386326 0.00386617 0.00387483 0.00389211 0.00392086 0.00396393 0.0040242 0.00410452 0.00420775 0.00433674 0.00449436 0.00468346 0.0049069 0.00516755 0.00546826 0.00581189 0.0062013 0.00663936 0.00712891 0.00767282 0.00827395 0.00893517 0.00965932 0.0104493 0.0113079 0.012238 0.0132426 0.0143243 0.0154862 0.016731 0.0180617 0.0194811 0.020992 0.0225973 0.0242999 0.0261026 0.0280083 0.0300198 0.0321401 0.034372 0.0367182 0.0391818 0.0417656 0.0444723 0.047305 0.0502664 0.0533593 0.0565868 0.0599516 0.0634565 0.0671045 0.0708984 0.0748411 0.0789354 0.0831842 0.0875904 0.0921568 0.0968862 0.101782 0.106846 0.112082 0.117492 0.12308 0.128848 0.134799 0.140936 0.147262 0.153779 0.160491 0.167401 0.17451 0.181823 0.189342 0.19707 0.205009 0.213163 0.221535 0.230127 0.238941 0.247982 0.257252 0.266754 0.27649 0.286463 0.296677 0.307134 0.317837 0.328789 0.339993 0.351452 0.363167 0.375144 0.387383 0.399889 0.412663 0.425709 0.43903 0.452629 0.466507 0.480669 0.495118 0.509855 0.524884 0.540207 0.555828 0.57175 0.587974 0.604505 0.621345 0.638497 0.655963 0.673747 0.691852 0.710279 0.729033 0.748116 0.767531 0.78728 0.807367 0.827795 0.848566 0.869683 0.891149 0.912967 0.935139 0.95767 0.980561 1.00381 
0.00446468 0.00446469 0.0044676 0.00447625 0.00449351 0.00452225 0.00456531 0.00462557 0.00470587 0.00480907 0.00493805 0.00509565 0.00528473 0.00550816 0.00576879 0.00606948 0.00641309 0.00680248 0.00724052 0.00773006 0.00827395 0.00887507 0.00953627 0.0102604 0.0110504 0.011909 0.0128391 0.0138436 0.0149254 0.0160872 0.0173321 0.0186627 0.0200821 0.021593 0.0231983 0.0249008 0.0267036 0.0286093 0.0306208 0.0327411 0.0349729 0.0373192 0.0397828 0.0423665 0.0450733 0.0479059 0.0508673 0.0539603 0.0571877 0.0605525 0.0640575 0.0677055 0.0714994 0.0754421 0.0795364 0.0837852 0.0881913 0.0927577 0.0974871 0.102383 0.107447 0.112683 0.118093 0.123681 0.129449 0.1354 0.141537 0.147863 0.15438 0.161092 0.168002 0.175111 0.182424 0.189943 0.197671 0.20561 0.213764 0.222136 0.230727 0.239542 0.248583 0.257853 0.267355 0.277091 0.287064 0.297278 0.307735 0.318438 0.32939 0.340594 0.352053 0.363768 0.375745 0.387984 0.40049 0.413264 0.42631 0.439631 0.45323 0.467108 0.48127 0.495719 0.510456 0.525485 0.540808 0.556429 0.572351 0.588575 0.605106 0.621946 0.639098 0.656564 0.674348 0.692453 0.71088 0.729634 0.748717 0.768132 0.787881 0.807968 0.828396 0.849167 0.870284 0.89175 0.913568 0.935741 0.958271 0.981162 1.00442 
0.00512616 0.00512617 0.00512907 0.00513772 0.00515498 0.0051837 0.00522675 0.00528699 0.00536728 0.00547047 0.00559943 0.00575701 0.00594607 0.00616948 0.00643009 0.00673077 0.00707436 0.00746374 0.00790176 0.00839128 0.00893517 0.00953627 0.0101975 0.0109216 0.0117115 0.0125701 0.0135002 0.0145047 0.0155865 0.0167483 0.0179932 0.0193238 0.0207432 0.022254 0.0238593 0.0255619 0.0273646 0.0292703 0.0312819 0.0334021 0.035634 0.0379802 0.0404438 0.0430276 0.0457343 0.0485669 0.0515283 0.0546213 0.0578487 0.0612135 0.0647185 0.0683665 0.0721604 0.0761031 0.0801974 0.0844462 0.0888523 0.0934187 0.0981481 0.103044 0.108108 0.113344 0.118754 0.124342 0.13011 0.136061 0.142198 0.148524 0.155041 0.161753 0.168663 0.175772 0.183085 0.190604 0.198332 0.206271 0.214425 0.222797 0.231388 0.240203 0.249244 0.258514 0.268016 0.277752 0.287725 0.297939 0.308396 0.319099 0.330051 0.341255 0.352714 0.364429 0.376406 0.388645 0.401151 0.413925 0.426971 0.440292 0.453891 0.46777 0.481932 0.49638 0.511117 0.526146 0.541469 0.55709 0.573012 0.589237 0.605767 0.622607 0.639759 0.657226 0.67501 0.693114 0.711542 0.730296 0.749378 0.768793 0.788543 0.80863 0.829057 0.849828 0.870945 0.892411 0.914229 0.936402 0.958932 0.981823 1.00508 
0.00585055 0.00585057 0.00585346 0.00586211 0.00587935 0.00590807 0.00595111 0.00601134 0.00609161 0.00619479 0.00632373 0.0064813 0.00667035 0.00689374 0.00715434 0.007455 0.00779858 0.00818794 0.00862594 0.00911545 0.00965932 0.0102604 0.0109216 0.0116457 0.0124356 0.0132942 0.0142243 0.0152288 0.0163106 0.0174724 0.0187172 0.0200479 0.0214672 0.0229781 0.0245834 0.0262859 0.0280886 0.0299943 0.0320059 0.0341261 0.036358 0.0387042 0.0411678 0.0437515 0.0464583 0.0492909 0.0522523 0.0553453 0.0585727 0.0619375 0.0654424 0.0690904 0.0728843 0.076827 0.0809213 0.0851701 0.0895763 0.0941427 0.0988721 0.103767 0.108832 0.114067 0.119478 0.125066 0.130834 0.136785 0.142922 0.149247 0.155765 0.162477 0.169387 0.176496 0.183809 0.191328 0.199056 0.206995 0.215149 0.223521 0.232112 0.240927 0.249968 0.259238 0.26874 0.278476 0.288449 0.298663 0.30912 0.319823 0.330775 0.341979 0.353438 0.365154 0.37713 0.389369 0.401875 0.414649 0.427695 0.441016 0.454615 0.468494 0.482656 0.497104 0.511841 0.52687 0.542193 0.557814 0.573736 0.589961 0.606492 0.623331 0.640483 0.65795 0.675734 0.693838 0.712266 0.73102 0.750103 0.769517 0.789267 0.809354 0.829781 0.850552 0.871669 0.893135 0.914953 0.937126 0.959657 0.982547 1.0058 
0.00664073 0.00664074 0.00664364 0.00665227 0.00666952 0.00669822 0.00674125 0.00680147 0.00688173 0.0069849 0.00711383 0.00727138 0.00746041 0.00768379 0.00794437 0.00824502 0.00858859 0.00897793 0.00941593 0.00990542 0.0104493 0.0110504 0.0117115 0.0124356 0.0132255 0.0140841 0.0150142 0.0160187 0.0171004 0.0182623 0.0195071 0.0208377 0.022257 0.0237679 0.0253732 0.0270758 0.0288784 0.0307841 0.0327957 0.0349159 0.0371478 0.039494 0.0419576 0.0445413 0.0472481 0.0500807 0.0530421 0.0561351 0.0593625 0.0627273 0.0662322 0.0698802 0.0736741 0.0776168 0.0817111 0.0859599 0.0903661 0.0949324 0.0996619 0.104557 0.109621 0.114857 0.120268 0.125855 0.131623 0.137574 0.143711 0.150037 0.156555 0.163267 0.170176 0.177286 0.184599 0.192118 0.199846 0.207785 0.215939 0.22431 0.232902 0.241717 0.250758 0.260028 0.269529 0.279265 0.289239 0.299453 0.30991 0.320613 0.331565 0.342769 0.354227 0.365943 0.37792 0.390159 0.402665 0.415439 0.428485 0.441806 0.455405 0.469283 0.483445 0.497894 0.512631 0.52766 0.542983 0.558604 0.574526 0.590751 0.607281 0.624121 0.641273 0.65874 0.676524 0.694628 0.713056 0.73181 0.750893 0.770307 0.790057 0.810144 0.830571 0.851342 0.872459 0.893926 0.915744 0.937916 0.960447 0.983338 1.00659 
0.00749955 0.00749956 0.00750245 0.00751108 0.00752832 0.00755702 0.00760004 0.00766025 0.0077405 0.00784365 0.00797257 0.00813011 0.00831913 0.0085425 0.00880307 0.0091037 0.00944725 0.00983659 0.0102746 0.0107641 0.0113079 0.011909 0.0125701 0.0132942 0.0140841 0.0149427 0.0158728 0.0168772 0.017959 0.0191208 0.0203656 0.0216962 0.0231155 0.0246264 0.0262317 0.0279342 0.0297369 0.0316426 0.0336541 0.0357744 0.0380062 0.0403525 0.0428161 0.0453998 0.0481065 0.0509392 0.0539005 0.0569935 0.0602209 0.0635857 0.0670907 0.0707386 0.0745326 0.0784752 0.0825695 0.0868183 0.0912245 0.0957909 0.10052 0.105416 0.11048 0.115716 0.121126 0.126714 0.132482 0.138433 0.14457 0.150896 0.157413 0.164125 0.171035 0.178145 0.185457 0.192976 0.200704 0.208643 0.216797 0.225169 0.233761 0.242576 0.251616 0.260886 0.270388 0.280124 0.290098 0.300311 0.310768 0.321472 0.332424 0.343627 0.355086 0.366802 0.378778 0.391018 0.403523 0.416298 0.429344 0.442665 0.456263 0.470142 0.484304 0.498752 0.513489 0.528518 0.543842 0.559463 0.575384 0.591609 0.60814 0.62498 0.642132 0.659598 0.677382 0.695487 0.713914 0.732668 0.751751 0.771166 0.790915 0.811003 0.83143 0.852201 0.873318 0.894784 0.916602 0.938775 0.961305 0.984196 1.00745 
0.00842987 0.00842988 0.00843277 0.0084414 0.00845863 0.00848733 0.00853034 0.00859054 0.00867078 0.00877392 0.00890283 0.00906036 0.00924937 0.00947272 0.00973328 0.0100339 0.0103774 0.0107668 0.0112047 0.0116942 0.012238 0.0128391 0.0135002 0.0142243 0.0150142 0.0158728 0.0168028 0.0178073 0.018889 0.0200509 0.0212956 0.0226263 0.0240456 0.0255564 0.0271617 0.0288643 0.0306669 0.0325726 0.0345842 0.0367044 0.0389362 0.0412825 0.043746 0.0463298 0.0490365 0.0518691 0.0548305 0.0579235 0.0611509 0.0645157 0.0680206 0.0716686 0.0754625 0.0794052 0.0834995 0.0877483 0.0921545 0.0967208 0.10145 0.106346 0.11141 0.116646 0.122056 0.127644 0.133412 0.139363 0.1455 0.151826 0.158343 0.165055 0.171965 0.179075 0.186387 0.193906 0.201634 0.209573 0.217727 0.226099 0.234691 0.243506 0.252546 0.261816 0.271318 0.281054 0.291027 0.301241 0.311698 0.322402 0.333354 0.344557 0.356016 0.367732 0.379708 0.391948 0.404453 0.417228 0.430274 0.443595 0.457193 0.471072 0.485234 0.499682 0.514419 0.529448 0.544772 0.560393 0.576314 0.592539 0.60907 0.62591 0.643062 0.660528 0.678312 0.696417 0.714845 0.733598 0.752681 0.772096 0.791846 0.811933 0.83236 0.853131 0.874248 0.895714 0.917533 0.939705 0.962236 0.985127 1.00838 
0.00943456 0.00943457 0.00943746 0.00944609 0.00946331 0.009492 0.00953501 0.0095952 0.00967543 0.00977857 0.00990746 0.010065 0.010254 0.0104773 0.0107379 0.0110385 0.011382 0.0117713 0.0122093 0.0126987 0.0132426 0.0138436 0.0145047 0.0152288 0.0160187 0.0168772 0.0178073 0.0188118 0.0198935 0.0210553 0.0223001 0.0236307 0.02505 0.0265609 0.0281661 0.0298687 0.0316713 0.033577 0.0355885 0.0377088 0.0399406 0.0422869 0.0447504 0.0473341 0.0500409 0.0528735 0.0558349 0.0589278 0.0621553 0.06552 0.069025 0.072673 0.0764669 0.0804096 0.0845039 0.0887527 0.0931588 0.0977252 0.102455 0.10735 0.112414 0.11765 0.12306 0.128648 0.134416 0.140367 0.146504 0.15283 0.159348 0.16606 0.172969 0.180079 0.187392 0.194911 0.202638 0.210578 0.218732 0.227103 0.235695 0.24451 0.253551 0.262821 0.272322 0.282058 0.292032 0.302246 0.312703 0.323406 0.334358 0.345562 0.35702 0.368736 0.380712 0.392952 0.405458 0.418232 0.431278 0.444599 0.458198 0.472076 0.486238 0.500687 0.515424 0.530453 0.545776 0.561397 0.577319 0.593544 0.610075 0.626915 0.644066 0.661533 0.679317 0.697421 0.715849 0.734603 0.753686 0.773101 0.79285 0.812937 0.833365 0.854136 0.875253 0.896719 0.918537 0.94071 0.96324 0.986131 1.00939 
0.0105165 0.0105165 0.0105194 0.010528 0.0105452 0.0105739 0.0106169 0.0106771 0.0107573 0.0108604 0.0109893 0.0111468 0.0113358 0.0115592 0.0118197 0.0121203 0.0124638 0.0128531 0.0132911 0.0137805 0.0143243 0.0149254 0.0155865 0.0163106 0.0171004 0.017959 0.018889 0.0198935 0.0209752 0.022137 0.0233818 0.0247124 0.0261317 0.0276425 0.0292478 0.0309503 0.032753 0.0346587 0.0366702 0.0387904 0.0410222 0.0433685 0.0458321 0.0484158 0.0511225 0.0539551 0.0569165 0.0600095 0.0632369 0.0666016 0.0701066 0.0737546 0.0775485 0.0814912 0.0855855 0.0898343 0.0942404 0.0988068 0.103536 0.108432 0.113496 0.118732 0.124142 0.12973 0.135498 0.141449 0.147586 0.153912 0.160429 0.167141 0.174051 0.18116 0.188473 0.195992 0.20372 0.211659 0.219813 0.228185 0.236777 0.245592 0.254632 0.263902 0.273404 0.28314 0.293114 0.303327 0.313785 0.324488 0.33544 0.346644 0.358102 0.369818 0.381794 0.394034 0.406539 0.419314 0.43236 0.445681 0.459279 0.473158 0.48732 0.501768 0.516505 0.531534 0.546858 0.562479 0.578401 0.594625 0.611156 0.627996 0.645148 0.662615 0.680399 0.698503 0.716931 0.735685 0.754768 0.774183 0.793932 0.814019 0.834447 0.855218 0.876335 0.897801 0.919619 0.941792 0.964322 0.987213 1.01047 
0.0116785 0.0116785 0.0116814 0.01169 0.0117072 0.0117359 0.0117789 0.0118391 0.0119193 0.0120224 0.0121513 0.0123088 0.0124978 0.0127211 0.0129816 0.0132822 0.0136257 0.014015 0.014453 0.0149424 0.0154862 0.0160872 0.0167483 0.0174724 0.0182623 0.0191208 0.0200509 0.0210553 0.022137 0.0232988 0.0245436 0.0258742 0.0272935 0.0288043 0.0304096 0.0321121 0.0339148 0.0358204 0.0378319 0.0399522 0.042184 0.0445302 0.0469938 0.0495775 0.0522842 0.0551169 0.0580782 0.0611712 0.0643986 0.0677634 0.0712683 0.0749163 0.0787102 0.0826529 0.0867472 0.090996 0.0954021 0.0999685 0.104698 0.109593 0.114657 0.119893 0.125304 0.130891 0.136659 0.14261 0.148747 0.155073 0.161591 0.168303 0.175212 0.182322 0.189635 0.197154 0.204882 0.212821 0.220975 0.229347 0.237938 0.246753 0.255794 0.265064 0.274566 0.284302 0.294275 0.304489 0.314946 0.325649 0.336601 0.347805 0.359264 0.37098 0.382956 0.395195 0.407701 0.420475 0.433522 0.446843 0.460441 0.47432 0.488482 0.50293 0.517667 0.532696 0.54802 0.563641 0.579563 0.595787 0.612318 0.629158 0.64631 0.663776 0.681561 0.699665 0.718093 0.736847 0.75593 0.775344 0.795094 0.815181 0.835609 0.85638 0.877497 0.898963 0.920781 0.942954 0.965484 0.988375 1.01163 
0.0129235 0.0129235 0.0129264 0.012935 0.0129522 0.0129809 0.0130239 0.013084 0.0131642 0.0132674 0.0133962 0.0135537 0.0137427 0.013966 0.0142265 0.0145271 0.0148706 0.0152599 0.0156978 0.0161872 0.016731 0.0173321 0.0179932 0.0187172 0.0195071 0.0203656 0.0212956 0.0223001 0.0233818 0.0245436 0.0257883 0.0271189 0.0285382 0.0300491 0.0316543 0.0333568 0.0351595 0.0370652 0.0390767 0.0411969 0.0434287 0.045775 0.0482385 0.0508222 0.0535289 0.0563616 0.0593229 0.0624159 0.0656433 0.0690081 0.072513 0.076161 0.0799549 0.0838976 0.0879919 0.0922407 0.0966468 0.101213 0.105943 0.110838 0.115902 0.121138 0.126548 0.132136 0.137904 0.143855 0.149992 0.156318 0.162836 0.169548 0.176457 0.183567 0.19088 0.198399 0.206126 0.214066 0.22222 0.230591 0.239183 0.247998 0.257039 0.266309 0.27581 0.285546 0.29552 0.305734 0.316191 0.326894 0.337846 0.34905 0.360508 0.372224 0.384201 0.39644 0.408946 0.42172 0.434766 0.448087 0.461686 0.475565 0.489727 0.504175 0.518912 0.533941 0.549265 0.564886 0.580807 0.597032 0.613563 0.630403 0.647555 0.665021 0.682805 0.70091 0.719338 0.738092 0.757175 0.776589 0.796339 0.816426 0.836854 0.857625 0.878742 0.900208 0.922026 0.944199 0.966729 0.98962 1.01287 
0.0142542 0.0142543 0.0142571 0.0142658 0.014283 0.0143116 0.0143546 0.0144148 0.014495 0.0145981 0.014727 0.0148845 0.0150734 0.0152967 0.0155572 0.0158578 0.0162013 0.0165906 0.0170285 0.0175179 0.0180617 0.0186627 0.0193238 0.0200479 0.0208377 0.0216962 0.0226263 0.0236307 0.0247124 0.0258742 0.0271189 0.0284495 0.0298688 0.0313796 0.0329849 0.0346874 0.0364901 0.0383957 0.0404072 0.0425275 0.0447593 0.0471055 0.0495691 0.0521528 0.0548595 0.0576921 0.0606535 0.0637464 0.0669738 0.0703386 0.0738435 0.0774915 0.0812854 0.0852281 0.0893224 0.0935712 0.0979773 0.102544 0.107273 0.112169 0.117233 0.122469 0.127879 0.133467 0.139235 0.145186 0.151323 0.157649 0.164166 0.170878 0.177788 0.184897 0.19221 0.199729 0.207457 0.215396 0.22355 0.231922 0.240514 0.249329 0.258369 0.267639 0.277141 0.286877 0.296851 0.307064 0.317522 0.328225 0.339177 0.350381 0.361839 0.373555 0.385531 0.397771 0.410276 0.423051 0.436097 0.449418 0.463016 0.476895 0.491057 0.505506 0.520243 0.535272 0.550595 0.566216 0.582138 0.598363 0.614894 0.631734 0.648886 0.666352 0.684136 0.702241 0.720668 0.739422 0.758505 0.77792 0.79767 0.817757 0.838185 0.858955 0.880073 0.901539 0.923357 0.94553 0.96806 0.990951 1.01421 
