0 0.000401544 0.000766756 0.00142352 0.00259714 0.0044858 0.00727917 0.0111637 0.0163246 0.0229461 0.0312121 0.0413063 0.0534123 0.0677134 0.0843929 0.103634 0.12562 0.150534 0.178559 0.209879 0.244675 0.283132 0.325433 0.371759 0.422295 0.477223 0.536725 0.600985 0.670185 0.744507 0.824132 0.909239 1 
0.000401544 0.000511263 0.000804088 0.00143974 0.00260584 0.00449121 0.00728288 0.0111665 0.0163267 0.0229478 0.0312135 0.0413076 0.0534134 0.0677144 0.0843938 0.103635 0.125621 0.150535 0.17856 0.20988 0.244676 0.283133 0.325434 0.371761 0.422296 0.477224 0.536727 0.600987 0.670188 0.744511 0.824137 0.90925 1.00003 
0.000766756 0.000804088 0.00104791 0.00165794 0.00281079 0.00468894 0.00747641 0.0113574 0.0165159 0.0231358 0.0314008 0.0414943 0.0535997 0.0679004 0.0845796 0.103821 0.125807 0.150721 0.178746 0.210065 0.244862 0.283319 0.32562 0.371947 0.422483 0.477412 0.536915 0.601176 0.670378 0.744703 0.824333 0.909453 1.00024 
0.00142352 0.00143974 0.00165794 0.00224885 0.00338907 0.0052591 0.00804127 0.0119187 0.0170748 0.0236931 0.0319568 0.0420494 0.0541542 0.0684544 0.0851334 0.104374 0.12636 0.151274 0.179299 0.210619 0.245416 0.283873 0.326174 0.372502 0.423039 0.477968 0.537472 0.601735 0.670938 0.745266 0.8249 0.910025 1.00082 
0.00259714 0.00260584 0.00281079 0.00338907 0.0045193 0.00638194 0.00915881 0.0130324 0.0181858 0.024802 0.0330643 0.0431558 0.0552598 0.0695595 0.086238 0.105479 0.127464 0.152378 0.180404 0.211723 0.246521 0.284978 0.32728 0.373608 0.424145 0.479076 0.538581 0.602846 0.672051 0.746381 0.826019 0.911149 1.00195 
0.0044858 0.00449121 0.00468894 0.0052591 0.00638194 0.00823852 0.0110106 0.0148806 0.0200312 0.0266453 0.034906 0.0449963 0.0570994 0.0713985 0.0880765 0.107317 0.129302 0.154216 0.182242 0.213562 0.248359 0.286818 0.32912 0.375448 0.425987 0.480918 0.540425 0.604691 0.673899 0.748232 0.827873 0.913006 1.00381 
0.00727917 0.00728288 0.00747641 0.00804127 0.00915881 0.0110106 0.0137787 0.0176454 0.0227934 0.0294055 0.0376646 0.0477537 0.0598559 0.0741543 0.0908319 0.110072 0.132057 0.156971 0.184997 0.216317 0.251115 0.289574 0.331876 0.378206 0.428745 0.483678 0.543186 0.607454 0.676664 0.750999 0.830643 0.91578 1.00659 
0.0111637 0.0111665 0.0113574 0.0119187 0.0130324 0.0148806 0.0176454 0.0215094 0.0266551 0.0332653 0.0415229 0.0516108 0.0637121 0.0780098 0.094687 0.113927 0.135912 0.160826 0.188852 0.220172 0.254971 0.29343 0.335733 0.382063 0.432604 0.487538 0.547048 0.611317 0.680529 0.754866 0.834513 0.919652 1.01047 
0.0163246 0.0163267 0.0165159 0.0170748 0.0181858 0.0200312 0.0227934 0.0266551 0.0317988 0.0384073 0.0466636 0.0567505 0.068851 0.0831481 0.0998248 0.119064 0.14105 0.165964 0.193989 0.22531 0.260109 0.298569 0.340873 0.387204 0.437746 0.492681 0.552192 0.616463 0.685677 0.760017 0.839666 0.924807 1.01562 
0.0229461 0.0229478 0.0231358 0.0236931 0.024802 0.0266453 0.0294055 0.0332653 0.0384073 0.0450145 0.0532695 0.0633555 0.0754553 0.0897519 0.106428 0.125668 0.147653 0.172567 0.200593 0.231914 0.266713 0.305174 0.347479 0.393811 0.444353 0.49929 0.558802 0.623075 0.69229 0.766632 0.846283 0.931427 1.02225 
0.0312121 0.0312135 0.0314008 0.0319568 0.0330643 0.034906 0.0376646 0.0415229 0.0466636 0.0532695 0.0615236 0.0716088 0.083708 0.0980041 0.11468 0.133919 0.155905 0.180819 0.208845 0.240167 0.274967 0.313428 0.355733 0.402067 0.45261 0.507547 0.567062 0.631336 0.700553 0.774896 0.85455 0.939696 1.03052 
0.0413063 0.0413076 0.0414943 0.0420494 0.0431558 0.0449963 0.0477537 0.0516108 0.0567505 0.0633555 0.0716088 0.0816933 0.093792 0.108088 0.124764 0.144003 0.165988 0.190903 0.218929 0.250251 0.285052 0.323514 0.36582 0.412154 0.462699 0.517637 0.577153 0.641428 0.710647 0.784992 0.864647 0.949795 1.04062 
0.0534123 0.0534134 0.0535997 0.0541542 0.0552598 0.0570994 0.0598559 0.0637121 0.068851 0.0754553 0.083708 0.093792 0.10589 0.120186 0.136862 0.156101 0.178086 0.203001 0.231028 0.262351 0.297152 0.335614 0.377922 0.424256 0.474802 0.529742 0.589259 0.653536 0.722756 0.797103 0.876759 0.961909 1.05273 
0.0677134 0.0677144 0.0679004 0.0684544 0.0695595 0.0713985 0.0741543 0.0780098 0.0831481 0.0897519 0.0980041 0.108088 0.120186 0.134481 0.151157 0.170397 0.192382 0.217297 0.245325 0.276648 0.31145 0.349913 0.392221 0.438557 0.489104 0.544044 0.603562 0.667841 0.737062 0.811411 0.891069 0.97622 1.06705 
0.0843929 0.0843938 0.0845796 0.0851334 0.086238 0.0880765 0.0908319 0.094687 0.0998248 0.106428 0.11468 0.124764 0.136862 0.151157 0.167833 0.187073 0.209059 0.233974 0.262002 0.293326 0.328128 0.366592 0.408901 0.455238 0.505786 0.560728 0.620247 0.684526 0.75375 0.828099 0.907759 0.992911 1.08374 
0.103634 0.103635 0.103821 0.104374 0.105479 0.107317 0.110072 0.113927 0.119064 0.125668 0.133919 0.144003 0.156101 0.170397 0.187073 0.206312 0.228299 0.253215 0.281243 0.312568 0.347371 0.385835 0.428145 0.474483 0.525032 0.579975 0.639495 0.703776 0.773 0.847352 0.927013 1.01217 1.103 
0.12562 0.125621 0.125807 0.12636 0.127464 0.129302 0.132057 0.135912 0.14105 0.147653 0.155905 0.165988 0.178086 0.192382 0.209059 0.228299 0.250286 0.275202 0.303231 0.334556 0.36936 0.407826 0.450136 0.496475 0.547025 0.601969 0.661491 0.725773 0.794998 0.869351 0.949013 1.03417 1.125 
0.150534 0.150535 0.150721 0.151274 0.152378 0.154216 0.156971 0.160826 0.165964 0.172567 0.180819 0.190903 0.203001 0.217297 0.233974 0.253215 0.275202 0.300119 0.328149 0.359474 0.394279 0.432746 0.475057 0.521397 0.571948 0.626893 0.686416 0.750699 0.819926 0.89428 0.973943 1.0591 1.14993 
0.178559 0.17856 0.178746 0.179299 0.180404 0.182242 0.184997 0.188852 0.193989 0.200593 0.208845 0.218929 0.231028 0.245325 0.262002 0.281243 0.303231 0.328149 0.356179 0.387506 0.422311 0.460779 0.503091 0.549432 0.599984 0.65493 0.714454 0.778738 0.847966 0.922321 1.00199 1.08714 1.17798 
0.209879 0.20988 0.210065 0.210619 0.211723 0.213562 0.216317 0.220172 0.22531 0.231914 0.240167 0.250251 0.262351 0.276648 0.293326 0.312568 0.334556 0.359474 0.387506 0.418833 0.453639 0.492108 0.534421 0.580763 0.631316 0.686263 0.745788 0.810074 0.879303 0.953659 1.03333 1.11848 1.20932 
0.244675 0.244676 0.244862 0.245416 0.246521 0.248359 0.251115 0.254971 0.260109 0.266713 0.274967 0.285052 0.297152 0.31145 0.328128 0.347371 0.36936 0.394279 0.422311 0.453639 0.488446 0.526916 0.56923 0.615573 0.666127 0.721075 0.780601 0.844888 0.914119 0.988476 1.06814 1.1533 1.24414 
0.283132 0.283133 0.283319 0.283873 0.284978 0.286818 0.289574 0.29343 0.298569 0.305174 0.313428 0.323514 0.335614 0.349913 0.366592 0.385835 0.407826 0.432746 0.460779 0.492108 0.526916 0.565386 0.607701 0.654045 0.7046 0.75955 0.819077 0.883365 0.952597 1.02696 1.10662 1.19179 1.28262 
0.325433 0.325434 0.32562 0.326174 0.32728 0.32912 0.331876 0.335733 0.340873 0.347479 0.355733 0.36582 0.377922 0.392221 0.408901 0.428145 0.450136 0.475057 0.503091 0.534421 0.56923 0.607701 0.650018 0.696363 0.746919 0.80187 0.861398 0.925687 0.99492 1.06928 1.14895 1.23411 1.32495 
0.371759 0.371761 0.371947 0.372502 0.373608 0.375448 0.378206 0.382063 0.387204 0.393811 0.402067 0.412154 0.424256 0.438557 0.455238 0.474483 0.496475 0.521397 0.549432 0.580763 0.615573 0.654045 0.696363 0.742709 0.793266 0.848218 0.907747 0.972037 1.04127 1.11563 1.1953 1.28047 1.37131 
0.422295 0.422296 0.422483 0.423039 0.424145 0.425987 0.428745 0.432604 0.437746 0.444353 0.45261 0.462699 0.474802 0.489104 0.505786 0.525032 0.547025 0.571948 0.599984 0.631316 0.666127 0.7046 0.746919 0.793266 0.843824 0.898777 0.958308 1.0226 1.09183 1.1662 1.24587 1.33103 1.42188 
0.477223 0.477224 0.477412 0.477968 0.479076 0.480918 0.483678 0.487538 0.492681 0.49929 0.507547 0.517637 0.529742 0.544044 0.560728 0.579975 0.601969 0.626893 0.65493 0.686263 0.721075 0.75955 0.80187 0.848218 0.898777 0.953731 1.01326 1.07756 1.14679 1.22115 1.30083 1.38599 1.47684 
0.536725 0.536727 0.536915 0.537472 0.538581 0.540425 0.543186 0.547048 0.552192 0.558802 0.567062 0.577153 0.589259 0.603562 0.620247 0.639495 0.661491 0.686416 0.714454 0.745788 0.780601 0.819077 0.861398 0.907747 0.958308 1.01326 1.0728 1.13709 1.20633 1.28069 1.36037 1.44553 1.53638 
0.600985 0.600987 0.601176 0.601735 0.602846 0.604691 0.607454 0.611317 0.616463 0.623075 0.631336 0.641428 0.653536 0.667841 0.684526 0.703776 0.725773 0.750699 0.778738 0.810074 0.844888 0.883365 0.925687 0.972037 1.0226 1.07756 1.13709 1.20138 1.27062 1.34499 1.42466 1.50983 1.60068 
0.670185 0.670188 0.670378 0.670938 0.672051 0.673899 0.676664 0.680529 0.685677 0.69229 0.700553 0.710647 0.722756 0.737062 0.75375 0.773 0.794998 0.819926 0.847966 0.879303 0.914119 0.952597 0.99492 1.04127 1.09183 1.14679 1.20633 1.27062 1.33986 1.41423 1.49391 1.57908 1.66992 
0.744507 0.744511 0.744703 0.745266 0.746381 0.748232 0.750999 0.754866 0.760017 0.766632 0.774896 0.784992 0.797103 0.811411 0.828099 0.847352 0.869351 0.89428 0.922321 0.953659 0.988476 1.02696 1.06928 1.11563 1.1662 1.22115 1.28069 1.34499 1.41423 1.4886 1.56827 1.65345 1.74429 
0.824132 0.824137 0.824333 0.8249 0.826019 0.827873 0.830643 0.834513 0.839666 0.846283 0.85455 0.864647 0.876759 0.891069 0.907759 0.927013 0.949013 0.973943 1.00199 1.03333 1.06814 1.10662 1.14895 1.1953 1.24587 1.30083 1.36037 1.42466 1.49391 1.56827 1.64795 1.73313 1.82397 
0.909239 0.90925 0.909453 0.910025 0.911149 0.913006 0.91578 0.919652 0.924807 0.931427 0.939696 0.949795 0.961909 0.97622 0.992911 1.01217 1.03417 1.0591 1.08714 1.11848 1.1533 1.19179 1.23411 1.28047 1.33103 1.38599 1.44553 1.50983 1.57908 1.65345 1.73313 1.8183 1.90915 
1 1.00003 1.00024 1.00082 1.00195 1.00381 1.00659 1.01047 1.01562 1.02225 1.03052 1.04062 1.05273 1.06705 1.08374 1.103 1.125 1.14993 1.17798 1.20932 1.24414 1.28262 1.32495 1.37131 1.42188 1.47684 1.53638 1.60068 1.66992 1.74429 1.82397 1.90915 2 
