0 1.93082e-05 2.78043e-05 3.26221e-05 3.5842e-05 3.8207e-05 4.00421e-05 4.15156e-05 4.27261e-05 4.37363e-05 4.4589e-05 4.53143e-05 4.59345e-05 4.64666e-05 4.69236e-05 4.73158e-05 4.76517e-05 4.7938e-05 4.81804e-05 4.83837e-05 4.85517e-05 4.86879e-05 4.87952e-05 4.88761e-05 4.89328e-05 4.89673e-05 4.89812e-05 4.89761e-05 4.89532e-05 4.89137e-05 4.88587e-05 4.87892e-05 4.8706e-05 4.86098e-05 4.85013e-05 4.83813e-05 4.82502e-05 4.81086e-05 4.79569e-05 4.77956e-05 4.76251e-05 4.74458e-05 4.72579e-05 4.70617e-05 4.68576e-05 4.66458e-05 4.64265e-05 4.62e-05 4.59664e-05 4.57258e-05 4.54786e-05 4.52247e-05 4.49643e-05 4.46976e-05 4.44247e-05 4.41456e-05 4.38604e-05 4.35692e-05 4.3272e-05 4.2969e-05 4.26602e-05 4.23455e-05 4.20251e-05 4.16989e-05 4.1367e-05 4.10293e-05 4.06859e-05 4.03368e-05 3.99819e-05 3.96212e-05 3.92547e-05 3.88824e-05 3.85042e-05 3.812e-05 3.77299e-05 3.73338e-05 3.69315e-05 3.6523e-05 3.61083e-05 3.56873e-05 3.52598e-05 3.48258e-05 3.43851e-05 3.39376e-05 3.34833e-05 3.30219e-05 3.25534e-05 3.20776e-05 3.15943e-05 3.11034e-05 3.06046e-05 3.00979e-05 2.95829e-05 2.90595e-05 2.85274e-05 2.79864e-05 2.74363e-05 2.68767e-05 2.63073e-05 2.57279e-05 2.5138e-05 2.45374e-05 2.39255e-05 2.33021e-05 2.26665e-05 2.20184e-05 2.13571e-05 2.06821e-05 1.99927e-05 1.92881e-05 1.85677e-05 1.78304e-05 1.70752e-05 1.63012e-05 1.55069e-05 1.46909e-05 1.38515e-05 1.29869e-05 1.20945e-05 1.11717e-05 1.0215e-05 9.22007e-06 8.18133e-06 7.09126e-06 5.93911e-06 4.70818e-06 3.36891e-06 1.85773e-06 0 
1.93082e-05 2.42375e-05 2.91667e-05 3.29441e-05 3.57927e-05 3.79951e-05 3.9746e-05 4.11703e-05 4.23493e-05 4.33383e-05 4.41758e-05 4.489e-05 4.55018e-05 4.60273e-05 4.64791e-05 4.68672e-05 4.71996e-05 4.74831e-05 4.77232e-05 4.79244e-05 4.80907e-05 4.82255e-05 4.83315e-05 4.84113e-05 4.84671e-05 4.85008e-05 4.85139e-05 4.85081e-05 4.84846e-05 4.84446e-05 4.83892e-05 4.83192e-05 4.82356e-05 4.8139e-05 4.80303e-05 4.791e-05 4.77786e-05 4.76368e-05 4.74849e-05 4.73234e-05 4.71527e-05 4.69732e-05 4.67851e-05 4.65889e-05 4.63846e-05 4.61727e-05 4.59533e-05 4.57267e-05 4.5493e-05 4.52524e-05 4.5005e-05 4.47511e-05 4.44907e-05 4.42239e-05 4.39509e-05 4.36718e-05 4.33865e-05 4.30953e-05 4.27982e-05 4.24951e-05 4.21862e-05 4.18716e-05 4.15511e-05 4.12249e-05 4.0893e-05 4.05553e-05 4.0212e-05 3.98628e-05 3.95079e-05 3.91473e-05 3.87808e-05 3.84085e-05 3.80303e-05 3.76462e-05 3.72561e-05 3.686e-05 3.64577e-05 3.60493e-05 3.56347e-05 3.52137e-05 3.47862e-05 3.43522e-05 3.39116e-05 3.34642e-05 3.301e-05 3.25487e-05 3.20802e-05 3.16045e-05 3.11213e-05 3.06304e-05 3.01318e-05 2.96251e-05 2.91103e-05 2.8587e-05 2.8055e-05 2.75142e-05 2.69642e-05 2.64047e-05 2.58355e-05 2.52562e-05 2.46666e-05 2.40661e-05 2.34545e-05 2.28313e-05 2.2196e-05 2.15481e-05 2.08872e-05 2.02125e-05 1.95234e-05 1.88193e-05 1.80992e-05 1.73624e-05 1.66079e-05 1.58344e-05 1.50409e-05 1.42257e-05 1.33874e-05 1.25239e-05 1.16329e-05 1.07118e-05 9.75728e-06 8.76514e-06 7.73016e-06 6.64546e-06 5.50166e-06 4.28551e-06 2.97803e-06 1.55416e-06 0 
2.78043e-05 2.91667e-05 3.16808e-05 3.4195e-05 3.63896e-05 3.82348e-05 3.97766e-05 4.10701e-05 4.21627e-05 4.30917e-05 4.3886e-05 4.45681e-05 4.51553e-05 4.56617e-05 4.60983e-05 4.64741e-05 4.67965e-05 4.70717e-05 4.73048e-05 4.75001e-05 4.76614e-05 4.77918e-05 4.78941e-05 4.79706e-05 4.80236e-05 4.80547e-05 4.80656e-05 4.80578e-05 4.80326e-05 4.7991e-05 4.79341e-05 4.78629e-05 4.77781e-05 4.76805e-05 4.75709e-05 4.74497e-05 4.73175e-05 4.7175e-05 4.70225e-05 4.68604e-05 4.66892e-05 4.65091e-05 4.63206e-05 4.61239e-05 4.59194e-05 4.57071e-05 4.54874e-05 4.52605e-05 4.50265e-05 4.47856e-05 4.45381e-05 4.42839e-05 4.40234e-05 4.37564e-05 4.34833e-05 4.3204e-05 4.29187e-05 4.26274e-05 4.23301e-05 4.2027e-05 4.17181e-05 4.14034e-05 4.10829e-05 4.07567e-05 4.04248e-05 4.00871e-05 3.97437e-05 3.93946e-05 3.90398e-05 3.86791e-05 3.83127e-05 3.79405e-05 3.75624e-05 3.71783e-05 3.67883e-05 3.63923e-05 3.59902e-05 3.55819e-05 3.51674e-05 3.47465e-05 3.43192e-05 3.38854e-05 3.34449e-05 3.29977e-05 3.25437e-05 3.20826e-05 3.16144e-05 3.11389e-05 3.06559e-05 3.01653e-05 2.9667e-05 2.91606e-05 2.86461e-05 2.81231e-05 2.75915e-05 2.70511e-05 2.65015e-05 2.59425e-05 2.53738e-05 2.4795e-05 2.42059e-05 2.3606e-05 2.29951e-05 2.23725e-05 2.1738e-05 2.1091e-05 2.04309e-05 1.97572e-05 1.90692e-05 1.83663e-05 1.76476e-05 1.69123e-05 1.61594e-05 1.53878e-05 1.45964e-05 1.37838e-05 1.29484e-05 1.20883e-05 1.12015e-05 1.02854e-05 9.33713e-06 8.35303e-06 7.32872e-06 6.25877e-06 5.13655e-06 3.95416e-06 2.70356e-06 1.38088e-06 0 
3.26221e-05 3.29441e-05 3.4195e-05 3.57654e-05 3.73358e-05 3.87778e-05 4.00555e-05 4.1171e-05 4.21397e-05 4.29797e-05 4.37085e-05 4.43409e-05 4.48898e-05 4.5366e-05 4.57783e-05 4.61345e-05 4.64407e-05 4.67024e-05 4.69241e-05 4.71098e-05 4.72629e-05 4.73862e-05 4.74824e-05 4.75536e-05 4.76018e-05 4.76288e-05 4.76361e-05 4.7625e-05 4.75968e-05 4.75527e-05 4.74935e-05 4.74201e-05 4.73335e-05 4.72342e-05 4.71229e-05 4.70003e-05 4.68669e-05 4.67232e-05 4.65696e-05 4.64065e-05 4.62344e-05 4.60536e-05 4.58643e-05 4.5667e-05 4.54617e-05 4.52489e-05 4.50287e-05 4.48013e-05 4.45669e-05 4.43256e-05 4.40777e-05 4.38232e-05 4.35624e-05 4.32952e-05 4.30218e-05 4.27423e-05 4.24568e-05 4.21654e-05 4.1868e-05 4.15648e-05 4.12558e-05 4.0941e-05 4.06205e-05 4.02942e-05 3.99623e-05 3.96246e-05 3.92812e-05 3.89322e-05 3.85773e-05 3.82168e-05 3.78505e-05 3.74783e-05 3.71003e-05 3.67164e-05 3.63266e-05 3.59307e-05 3.55288e-05 3.51207e-05 3.47064e-05 3.42857e-05 3.38587e-05 3.34251e-05 3.2985e-05 3.25381e-05 3.20843e-05 3.16236e-05 3.11558e-05 3.06807e-05 3.01981e-05 2.9708e-05 2.92101e-05 2.87043e-05 2.81903e-05 2.76679e-05 2.71369e-05 2.65971e-05 2.60482e-05 2.549e-05 2.4922e-05 2.43442e-05 2.3756e-05 2.31571e-05 2.25472e-05 2.19258e-05 2.12925e-05 2.06469e-05 1.99883e-05 1.93162e-05 1.863e-05 1.7929e-05 1.72125e-05 1.64797e-05 1.57295e-05 1.49611e-05 1.41732e-05 1.33647e-05 1.2534e-05 1.16795e-05 1.07993e-05 9.89121e-06 8.95281e-06 7.98114e-06 6.97291e-06 5.92437e-06 4.83159e-06 3.69104e-06 2.50116e-06 1.2658e-06 0 
3.5842e-05 3.57927e-05 3.63896e-05 3.73358e-05 3.84105e-05 3.94852e-05 4.04965e-05 4.14186e-05 4.22452e-05 4.29792e-05 4.36272e-05 4.41972e-05 4.4697e-05 4.5134e-05 4.55146e-05 4.58447e-05 4.61294e-05 4.6373e-05 4.65795e-05 4.67522e-05 4.68941e-05 4.70078e-05 4.70956e-05 4.71595e-05 4.72013e-05 4.72226e-05 4.72248e-05 4.72093e-05 4.71771e-05 4.71294e-05 4.70669e-05 4.69907e-05 4.69014e-05 4.67997e-05 4.66863e-05 4.65618e-05 4.64266e-05 4.62812e-05 4.61261e-05 4.59617e-05 4.57884e-05 4.56064e-05 4.54161e-05 4.52178e-05 4.50117e-05 4.47981e-05 4.45772e-05 4.43491e-05 4.41141e-05 4.38723e-05 4.36239e-05 4.3369e-05 4.31077e-05 4.28402e-05 4.25665e-05 4.22867e-05 4.20009e-05 4.17093e-05 4.14117e-05 4.11083e-05 4.07992e-05 4.04843e-05 4.01637e-05 3.98374e-05 3.95054e-05 3.91678e-05 3.88244e-05 3.84754e-05 3.81207e-05 3.77602e-05 3.7394e-05 3.7022e-05 3.66442e-05 3.62605e-05 3.58708e-05 3.54752e-05 3.50735e-05 3.46657e-05 3.42517e-05 3.38314e-05 3.34047e-05 3.29715e-05 3.25318e-05 3.20853e-05 3.1632e-05 3.11718e-05 3.07045e-05 3.02299e-05 2.9748e-05 2.92585e-05 2.87612e-05 2.82561e-05 2.77429e-05 2.72213e-05 2.66912e-05 2.61523e-05 2.56043e-05 2.50471e-05 2.44803e-05 2.39036e-05 2.33167e-05 2.27192e-05 2.21108e-05 2.1491e-05 2.08595e-05 2.02157e-05 1.95591e-05 1.88893e-05 1.82056e-05 1.75074e-05 1.67939e-05 1.60644e-05 1.5318e-05 1.45538e-05 1.37708e-05 1.29677e-05 1.21434e-05 1.12963e-05 1.04249e-05 9.52737e-06 8.60173e-06 7.64583e-06 6.6574e-06 5.63421e-06 4.57441e-06 3.47724e-06 2.34424e-06 1.18116e-06 0 
3.8207e-05 3.79951e-05 3.82348e-05 3.87778e-05 3.94852e-05 4.02559e-05 4.10266e-05 4.17617e-05 4.24434e-05 4.30646e-05 4.3624e-05 4.41237e-05 4.45671e-05 4.49583e-05 4.53014e-05 4.56004e-05 4.58591e-05 4.60808e-05 4.62687e-05 4.64254e-05 4.65536e-05 4.66553e-05 4.67327e-05 4.67875e-05 4.68212e-05 4.68354e-05 4.68314e-05 4.68102e-05 4.6773e-05 4.67207e-05 4.66542e-05 4.65743e-05 4.64817e-05 4.6377e-05 4.62609e-05 4.61338e-05 4.59964e-05 4.5849e-05 4.5692e-05 4.55259e-05 4.5351e-05 4.51676e-05 4.4976e-05 4.47764e-05 4.45692e-05 4.43546e-05 4.41328e-05 4.39038e-05 4.36681e-05 4.34256e-05 4.31765e-05 4.29211e-05 4.26593e-05 4.23913e-05 4.21172e-05 4.1837e-05 4.1551e-05 4.1259e-05 4.09612e-05 4.06576e-05 4.03483e-05 4.00333e-05 3.97127e-05 3.93863e-05 3.90543e-05 3.87167e-05 3.83734e-05 3.80244e-05 3.76698e-05 3.73094e-05 3.69434e-05 3.65716e-05 3.61939e-05 3.58105e-05 3.54211e-05 3.50258e-05 3.46244e-05 3.42169e-05 3.38033e-05 3.33834e-05 3.29572e-05 3.25245e-05 3.20852e-05 3.16393e-05 3.11866e-05 3.0727e-05 3.02604e-05 2.97865e-05 2.93053e-05 2.88166e-05 2.83203e-05 2.7816e-05 2.73037e-05 2.67832e-05 2.62542e-05 2.57164e-05 2.51698e-05 2.46139e-05 2.40485e-05 2.34733e-05 2.2888e-05 2.22923e-05 2.16857e-05 2.1068e-05 2.04386e-05 1.97972e-05 1.91433e-05 1.84763e-05 1.77957e-05 1.71009e-05 1.63912e-05 1.56659e-05 1.49242e-05 1.41653e-05 1.33883e-05 1.2592e-05 1.17755e-05 1.09375e-05 1.00767e-05 9.19164e-06 8.28092e-06 7.34305e-06 6.37665e-06 5.38065e-06 4.3546e-06 3.29927e-06 2.2174e-06 1.11461e-06 2.22045e-16 
4.00421e-05 3.9746e-05 3.97766e-05 4.00555e-05 4.04965e-05 4.10266e-05 4.15925e-05 4.21583e-05 4.27022e-05 4.32117e-05 4.36806e-05 4.41065e-05 4.44894e-05 4.48307e-05 4.51322e-05 4.53965e-05 4.56257e-05 4.58225e-05 4.59889e-05 4.61272e-05 4.62394e-05 4.63272e-05 4.63924e-05 4.64365e-05 4.64608e-05 4.64666e-05 4.6455e-05 4.64272e-05 4.6384e-05 4.63263e-05 4.6255e-05 4.61707e-05 4.60741e-05 4.59658e-05 4.58464e-05 4.57163e-05 4.55762e-05 4.54263e-05 4.5267e-05 4.50989e-05 4.4922e-05 4.47369e-05 4.45437e-05 4.43427e-05 4.41342e-05 4.39184e-05 4.36954e-05 4.34655e-05 4.32288e-05 4.29855e-05 4.27356e-05 4.24795e-05 4.22171e-05 4.19485e-05 4.16739e-05 4.13933e-05 4.11069e-05 4.08146e-05 4.05165e-05 4.02127e-05 3.99032e-05 3.95881e-05 3.92673e-05 3.89408e-05 3.86088e-05 3.82712e-05 3.79279e-05 3.75791e-05 3.72245e-05 3.68644e-05 3.64985e-05 3.61269e-05 3.57495e-05 3.53663e-05 3.49773e-05 3.45823e-05 3.41814e-05 3.37743e-05 3.33612e-05 3.29418e-05 3.25161e-05 3.2084e-05 3.16454e-05 3.12001e-05 3.07482e-05 3.02893e-05 2.98235e-05 2.93505e-05 2.88702e-05 2.83825e-05 2.78872e-05 2.7384e-05 2.68729e-05 2.63536e-05 2.58259e-05 2.52896e-05 2.47444e-05 2.41901e-05 2.36264e-05 2.30531e-05 2.24697e-05 2.18761e-05 2.12718e-05 2.06565e-05 2.00298e-05 1.93913e-05 1.87405e-05 1.80769e-05 1.74e-05 1.67093e-05 1.60041e-05 1.52838e-05 1.45477e-05 1.3795e-05 1.3025e-05 1.22367e-05 1.14292e-05 1.06015e-05 9.75265e-06 8.88158e-06 7.98726e-06 7.0688e-06 6.12552e-06 5.15713e-06 4.16408e-06 3.14785e-06 2.11147e-06 1.05988e-06 0 
4.15156e-05 4.11703e-05 4.10701e-05 4.1171e-05 4.14186e-05 4.17617e-05 4.21583e-05 4.25768e-05 4.29953e-05 4.33994e-05 4.37801e-05 4.41322e-05 4.44534e-05 4.47428e-05 4.50005e-05 4.52274e-05 4.54249e-05 4.55944e-05 4.57373e-05 4.58552e-05 4.59496e-05 4.60218e-05 4.60733e-05 4.61052e-05 4.61188e-05 4.6115e-05 4.60949e-05 4.60595e-05 4.60094e-05 4.59456e-05 4.58686e-05 4.57793e-05 4.56781e-05 4.55657e-05 4.54425e-05 4.5309e-05 4.51657e-05 4.50129e-05 4.48511e-05 4.46805e-05 4.45014e-05 4.43143e-05 4.41192e-05 4.39166e-05 4.37065e-05 4.34892e-05 4.3265e-05 4.30339e-05 4.27961e-05 4.25518e-05 4.23011e-05 4.20441e-05 4.1781e-05 4.15118e-05 4.12366e-05 4.09555e-05 4.06686e-05 4.03759e-05 4.00775e-05 3.97735e-05 3.94637e-05 3.91484e-05 3.88275e-05 3.8501e-05 3.81689e-05 3.78313e-05 3.74881e-05 3.71393e-05 3.6785e-05 3.6425e-05 3.60593e-05 3.5688e-05 3.53109e-05 3.49281e-05 3.45394e-05 3.41449e-05 3.37444e-05 3.33379e-05 3.29253e-05 3.25065e-05 3.20814e-05 3.165e-05 3.12122e-05 3.07677e-05 3.03166e-05 2.98586e-05 2.93937e-05 2.89218e-05 2.84426e-05 2.7956e-05 2.74618e-05 2.696e-05 2.64502e-05 2.59324e-05 2.54062e-05 2.48716e-05 2.43281e-05 2.37757e-05 2.3214e-05 2.26428e-05 2.20618e-05 2.14706e-05 2.0869e-05 2.02565e-05 1.96329e-05 1.89977e-05 1.83505e-05 1.76908e-05 1.70182e-05 1.63322e-05 1.56322e-05 1.49176e-05 1.41878e-05 1.34421e-05 1.26799e-05 1.19005e-05 1.1103e-05 1.02867e-05 9.45086e-06 8.59475e-06 7.71775e-06 6.81938e-06 5.89947e-06 4.95829e-06 3.99672e-06 3.01657e-06 2.02075e-06 1.01343e-06 0 
4.27261e-05 4.23493e-05 4.21627e-05 4.21397e-05 4.22452e-05 4.24434e-05 4.27022e-05 4.29953e-05 4.33029e-05 4.36105e-05 4.3908e-05 4.4189e-05 4.44493e-05 4.46865e-05 4.48994e-05 4.50879e-05 4.52522e-05 4.53928e-05 4.55107e-05 4.56067e-05 4.56818e-05 4.57372e-05 4.57737e-05 4.57924e-05 4.57941e-05 4.57798e-05 4.57503e-05 4.57063e-05 4.56486e-05 4.55779e-05 4.54947e-05 4.53997e-05 4.52934e-05 4.51763e-05 4.50489e-05 4.49115e-05 4.47646e-05 4.46086e-05 4.44438e-05 4.42705e-05 4.4089e-05 4.38995e-05 4.37024e-05 4.34978e-05 4.3286e-05 4.30671e-05 4.28414e-05 4.26089e-05 4.23699e-05 4.21245e-05 4.18728e-05 4.16149e-05 4.1351e-05 4.10811e-05 4.08052e-05 4.05236e-05 4.02361e-05 3.9943e-05 3.96442e-05 3.93398e-05 3.90299e-05 3.87143e-05 3.83933e-05 3.80667e-05 3.77346e-05 3.7397e-05 3.70539e-05 3.67052e-05 3.6351e-05 3.59912e-05 3.56258e-05 3.52548e-05 3.48781e-05 3.44957e-05 3.41075e-05 3.37134e-05 3.33135e-05 3.29075e-05 3.24956e-05 3.20775e-05 3.16532e-05 3.12225e-05 3.07855e-05 3.0342e-05 2.98918e-05 2.94349e-05 2.8971e-05 2.85002e-05 2.80223e-05 2.7537e-05 2.70443e-05 2.65439e-05 2.60357e-05 2.55195e-05 2.49951e-05 2.44623e-05 2.39209e-05 2.33706e-05 2.28112e-05 2.22424e-05 2.16639e-05 2.10756e-05 2.04769e-05 1.98677e-05 1.92475e-05 1.86161e-05 1.79729e-05 1.73177e-05 1.66499e-05 1.59691e-05 1.52748e-05 1.45665e-05 1.38437e-05 1.31057e-05 1.23521e-05 1.15823e-05 1.07956e-05 9.99143e-06 9.16933e-06 8.32883e-06 7.46959e-06 6.5915e-06 5.69471e-06 4.77982e-06 3.84796e-06 2.90097e-06 1.94152e-06 9.73106e-07 0 
4.37363e-05 4.33383e-05 4.30917e-05 4.29797e-05 4.29792e-05 4.30646e-05 4.32117e-05 4.33994e-05 4.36105e-05 4.38315e-05 4.40526e-05 4.42665e-05 4.44682e-05 4.46543e-05 4.48229e-05 4.49726e-05 4.5103e-05 4.52141e-05 4.53059e-05 4.5379e-05 4.54339e-05 4.54714e-05 4.5492e-05 4.54964e-05 4.54855e-05 4.54598e-05 4.54201e-05 4.53669e-05 4.53009e-05 4.52226e-05 4.51327e-05 4.50315e-05 4.49195e-05 4.47973e-05 4.46652e-05 4.45235e-05 4.43727e-05 4.42131e-05 4.4045e-05 4.38687e-05 4.36844e-05 4.34925e-05 4.3293e-05 4.30863e-05 4.28725e-05 4.26519e-05 4.24245e-05 4.21906e-05 4.19502e-05 4.17036e-05 4.14507e-05 4.11918e-05 4.0927e-05 4.06562e-05 4.03796e-05 4.00973e-05 3.98093e-05 3.95157e-05 3.92165e-05 3.89118e-05 3.86016e-05 3.82858e-05 3.79646e-05 3.76379e-05 3.73058e-05 3.69682e-05 3.66252e-05 3.62767e-05 3.59227e-05 3.55631e-05 3.5198e-05 3.48273e-05 3.4451e-05 3.4069e-05 3.36813e-05 3.32878e-05 3.28885e-05 3.24832e-05 3.2072e-05 3.16546e-05 3.12312e-05 3.08014e-05 3.03654e-05 2.99228e-05 2.94737e-05 2.9018e-05 2.85554e-05 2.80859e-05 2.76093e-05 2.71255e-05 2.66343e-05 2.61356e-05 2.56291e-05 2.51148e-05 2.45924e-05 2.40617e-05 2.35225e-05 2.29746e-05 2.24177e-05 2.18516e-05 2.12761e-05 2.06908e-05 2.00954e-05 1.94898e-05 1.88735e-05 1.82461e-05 1.76075e-05 1.6957e-05 1.62945e-05 1.56194e-05 1.49314e-05 1.423e-05 1.35147e-05 1.27851e-05 1.20406e-05 1.1281e-05 1.05056e-05 9.71412e-06 8.90622e-06 8.08164e-06 7.2403e-06 6.3823e-06 5.50806e-06 4.61832e-06 3.71432e-06 2.79784e-06 1.87124e-06 9.37477e-07 0 
4.4589e-05 4.41758e-05 4.3886e-05 4.37085e-05 4.36272e-05 4.3624e-05 4.36806e-05 4.37801e-05 4.3908e-05 4.40526e-05 4.42044e-05 4.43562e-05 4.45026e-05 4.46399e-05 4.47651e-05 4.48767e-05 4.49733e-05 4.50545e-05 4.51199e-05 4.51695e-05 4.52036e-05 4.52224e-05 4.52263e-05 4.52159e-05 4.51916e-05 4.51539e-05 4.51033e-05 4.50403e-05 4.49654e-05 4.48791e-05 4.47818e-05 4.4674e-05 4.4556e-05 4.44282e-05 4.4291e-05 4.41447e-05 4.39897e-05 4.38262e-05 4.36545e-05 4.34749e-05 4.32876e-05 4.30929e-05 4.28909e-05 4.26819e-05 4.2466e-05 4.22434e-05 4.20142e-05 4.17786e-05 4.15368e-05 4.12888e-05 4.10347e-05 4.07747e-05 4.05088e-05 4.02372e-05 3.99598e-05 3.96768e-05 3.93882e-05 3.9094e-05 3.87944e-05 3.84893e-05 3.81787e-05 3.78628e-05 3.75414e-05 3.72146e-05 3.68825e-05 3.65449e-05 3.6202e-05 3.58536e-05 3.54998e-05 3.51405e-05 3.47758e-05 3.44055e-05 3.40296e-05 3.36481e-05 3.3261e-05 3.28681e-05 3.24694e-05 3.20649e-05 3.16544e-05 3.1238e-05 3.08154e-05 3.03867e-05 2.99517e-05 2.95103e-05 2.90624e-05 2.86079e-05 2.81467e-05 2.76786e-05 2.72035e-05 2.67213e-05 2.62319e-05 2.5735e-05 2.52305e-05 2.47182e-05 2.41979e-05 2.36696e-05 2.31328e-05 2.25875e-05 2.20334e-05 2.14703e-05 2.08979e-05 2.0316e-05 1.97243e-05 1.91225e-05 1.85104e-05 1.78876e-05 1.72537e-05 1.66085e-05 1.59517e-05 1.52828e-05 1.46014e-05 1.39073e-05 1.32e-05 1.24791e-05 1.17444e-05 1.09953e-05 1.02317e-05 9.45326e-06 8.65978e-06 7.85122e-06 7.02765e-06 6.18936e-06 5.33689e-06 4.47108e-06 3.59317e-06 2.70482e-06 1.80812e-06 9.05565e-07 0 
4.53143e-05 4.489e-05 4.45681e-05 4.43409e-05 4.41972e-05 4.41237e-05 4.41065e-05 4.41322e-05 4.4189e-05 4.42665e-05 4.43562e-05 4.44513e-05 4.45463e-05 4.46373e-05 4.47211e-05 4.47956e-05 4.48591e-05 4.49107e-05 4.49496e-05 4.49756e-05 4.49884e-05 4.49882e-05 4.49751e-05 4.49493e-05 4.49111e-05 4.48608e-05 4.47989e-05 4.47256e-05 4.46414e-05 4.45466e-05 4.44415e-05 4.43266e-05 4.42021e-05 4.40684e-05 4.39258e-05 4.37746e-05 4.3615e-05 4.34474e-05 4.32719e-05 4.30887e-05 4.28982e-05 4.27005e-05 4.24958e-05 4.22843e-05 4.20661e-05 4.18414e-05 4.16103e-05 4.1373e-05 4.11295e-05 4.088e-05 4.06246e-05 4.03634e-05 4.00965e-05 3.98238e-05 3.95456e-05 3.92618e-05 3.89726e-05 3.86779e-05 3.83777e-05 3.80722e-05 3.77613e-05 3.74451e-05 3.71236e-05 3.67967e-05 3.64645e-05 3.6127e-05 3.57842e-05 3.5436e-05 3.50824e-05 3.47234e-05 3.4359e-05 3.39892e-05 3.36138e-05 3.32329e-05 3.28463e-05 3.24541e-05 3.20562e-05 3.16525e-05 3.12429e-05 3.08274e-05 3.04059e-05 2.99782e-05 2.95444e-05 2.91042e-05 2.86576e-05 2.82045e-05 2.77448e-05 2.72783e-05 2.68049e-05 2.63245e-05 2.58369e-05 2.5342e-05 2.48396e-05 2.43295e-05 2.38117e-05 2.32858e-05 2.27517e-05 2.22092e-05 2.16582e-05 2.10983e-05 2.05293e-05 1.99511e-05 1.93633e-05 1.87657e-05 1.8158e-05 1.754e-05 1.69113e-05 1.62717e-05 1.56209e-05 1.49585e-05 1.42843e-05 1.35978e-05 1.28989e-05 1.21872e-05 1.14624e-05 1.07243e-05 9.97267e-06 9.2074e-06 8.42843e-06 7.6358e-06 6.82973e-06 6.01061e-06 5.17905e-06 4.33594e-06 3.48247e-06 2.62016e-06 1.75084e-06 8.76667e-07 0 
4.59345e-05 4.55018e-05 4.51553e-05 4.48898e-05 4.4697e-05 4.45671e-05 4.44894e-05 4.44534e-05 4.44493e-05 4.44682e-05 4.45026e-05 4.45463e-05 4.45941e-05 4.46419e-05 4.46865e-05 4.47254e-05 4.47568e-05 4.47795e-05 4.47923e-05 4.47947e-05 4.47864e-05 4.4767e-05 4.47365e-05 4.4695e-05 4.46426e-05 4.45795e-05 4.45058e-05 4.44219e-05 4.4328e-05 4.42243e-05 4.41111e-05 4.39888e-05 4.38576e-05 4.37176e-05 4.35693e-05 4.34129e-05 4.32485e-05 4.30764e-05 4.28968e-05 4.271e-05 4.25161e-05 4.23152e-05 4.21076e-05 4.18934e-05 4.16727e-05 4.14458e-05 4.12126e-05 4.09734e-05 4.07282e-05 4.04772e-05 4.02204e-05 3.99579e-05 3.96898e-05 3.94161e-05 3.9137e-05 3.88524e-05 3.85624e-05 3.82671e-05 3.79664e-05 3.76605e-05 3.73493e-05 3.70328e-05 3.67111e-05 3.63841e-05 3.60519e-05 3.57145e-05 3.53717e-05 3.50237e-05 3.46704e-05 3.43118e-05 3.39478e-05 3.35784e-05 3.32036e-05 3.28232e-05 3.24374e-05 3.20459e-05 3.16488e-05 3.1246e-05 3.08374e-05 3.04229e-05 3.00024e-05 2.9576e-05 2.91434e-05 2.87045e-05 2.82594e-05 2.78078e-05 2.73497e-05 2.68849e-05 2.64133e-05 2.59348e-05 2.54492e-05 2.49565e-05 2.44563e-05 2.39487e-05 2.34334e-05 2.29102e-05 2.2379e-05 2.18396e-05 2.12917e-05 2.07353e-05 2.017e-05 1.95956e-05 1.9012e-05 1.84189e-05 1.7816e-05 1.72031e-05 1.65799e-05 1.59462e-05 1.53017e-05 1.46461e-05 1.39793e-05 1.33008e-05 1.26106e-05 1.19082e-05 1.11937e-05 1.04668e-05 9.72728e-06 8.97526e-06 8.21072e-06 7.43383e-06 6.64486e-06 5.84429e-06 5.03277e-06 4.21117e-06 3.38062e-06 2.54249e-06 1.69843e-06 8.50261e-07 0 
4.64666e-05 4.60273e-05 4.56617e-05 4.5366e-05 4.5134e-05 4.49583e-05 4.48307e-05 4.47428e-05 4.46865e-05 4.46543e-05 4.46399e-05 4.46373e-05 4.46419e-05 4.46497e-05 4.46575e-05 4.46627e-05 4.46634e-05 4.4658e-05 4.46454e-05 4.46247e-05 4.45953e-05 4.45568e-05 4.4509e-05 4.44517e-05 4.43849e-05 4.43087e-05 4.42231e-05 4.41282e-05 4.40243e-05 4.39114e-05 4.37899e-05 4.36599e-05 4.35216e-05 4.33752e-05 4.3221e-05 4.30591e-05 4.28896e-05 4.27129e-05 4.25291e-05 4.23383e-05 4.21408e-05 4.19366e-05 4.17259e-05 4.15089e-05 4.12857e-05 4.10564e-05 4.0821e-05 4.05798e-05 4.03328e-05 4.00802e-05 3.98218e-05 3.9558e-05 3.92887e-05 3.90139e-05 3.87338e-05 3.84483e-05 3.81576e-05 3.78616e-05 3.75604e-05 3.7254e-05 3.69425e-05 3.66257e-05 3.63038e-05 3.59768e-05 3.56445e-05 3.53071e-05 3.49646e-05 3.46168e-05 3.42638e-05 3.39055e-05 3.35419e-05 3.31731e-05 3.27988e-05 3.24191e-05 3.2034e-05 3.16434e-05 3.12471e-05 3.08452e-05 3.04377e-05 3.00243e-05 2.9605e-05 2.91798e-05 2.87486e-05 2.83112e-05 2.78676e-05 2.74176e-05 2.69612e-05 2.64983e-05 2.60286e-05 2.55522e-05 2.50688e-05 2.45783e-05 2.40806e-05 2.35755e-05 2.30629e-05 2.25427e-05 2.20145e-05 2.14783e-05 2.09339e-05 2.03811e-05 1.98197e-05 1.92495e-05 1.86703e-05 1.80818e-05 1.74839e-05 1.68764e-05 1.62589e-05 1.56314e-05 1.49935e-05 1.43451e-05 1.36858e-05 1.30156e-05 1.23343e-05 1.16416e-05 1.09374e-05 1.02217e-05 9.49446e-06 8.75563e-06 8.00538e-06 7.24392e-06 6.4716e-06 5.68893e-06 4.89655e-06 4.09534e-06 3.28633e-06 2.47078e-06 1.65012e-06 8.2595e-07 0 
4.69236e-05 4.64791e-05 4.60983e-05 4.57783e-05 4.55146e-05 4.53014e-05 4.51322e-05 4.50005e-05 4.48994e-05 4.48229e-05 4.47651e-05 4.47211e-05 4.46865e-05 4.46575e-05 4.4631e-05 4.46046e-05 4.45761e-05 4.45438e-05 4.45066e-05 4.44634e-05 4.44133e-05 4.4356e-05 4.42909e-05 4.42179e-05 4.41367e-05 4.40472e-05 4.39495e-05 4.38436e-05 4.37295e-05 4.36073e-05 4.34772e-05 4.33393e-05 4.31938e-05 4.30407e-05 4.28803e-05 4.27127e-05 4.25381e-05 4.23566e-05 4.21683e-05 4.19735e-05 4.17721e-05 4.15645e-05 4.13506e-05 4.11307e-05 4.09047e-05 4.06729e-05 4.04353e-05 4.0192e-05 3.99431e-05 3.96887e-05 3.94288e-05 3.91636e-05 3.88929e-05 3.8617e-05 3.83359e-05 3.80495e-05 3.7758e-05 3.74614e-05 3.71596e-05 3.68528e-05 3.65408e-05 3.62238e-05 3.59017e-05 3.55746e-05 3.52423e-05 3.4905e-05 3.45626e-05 3.42151e-05 3.38624e-05 3.35045e-05 3.31414e-05 3.27731e-05 3.23995e-05 3.20205e-05 3.16362e-05 3.12464e-05 3.08511e-05 3.04502e-05 3.00437e-05 2.96315e-05 2.92136e-05 2.87897e-05 2.83599e-05 2.79241e-05 2.74821e-05 2.70339e-05 2.65793e-05 2.61183e-05 2.56507e-05 2.51765e-05 2.46954e-05 2.42074e-05 2.37122e-05 2.32099e-05 2.27002e-05 2.2183e-05 2.16581e-05 2.11253e-05 2.05845e-05 2.00356e-05 1.94782e-05 1.89124e-05 1.83378e-05 1.77542e-05 1.71616e-05 1.65596e-05 1.59481e-05 1.5327e-05 1.46959e-05 1.40548e-05 1.34034e-05 1.27416e-05 1.20693e-05 1.13864e-05 1.06927e-05 9.9883e-06 9.27318e-06 8.54743e-06 7.81124e-06 7.06487e-06 6.3087e-06 5.54326e-06 4.76919e-06 3.98731e-06 3.19859e-06 2.40416e-06 1.60531e-06 8.03423e-07 0 
4.73158e-05 4.68672e-05 4.64741e-05 4.61345e-05 4.58447e-05 4.56004e-05 4.53965e-05 4.52274e-05 4.50879e-05 4.49726e-05 4.48767e-05 4.47956e-05 4.47254e-05 4.46627e-05 4.46046e-05 4.45485e-05 4.44924e-05 4.44346e-05 4.43738e-05 4.43088e-05 4.42387e-05 4.41629e-05 4.40809e-05 4.39922e-05 4.38967e-05 4.3794e-05 4.36842e-05 4.35671e-05 4.34427e-05 4.33111e-05 4.31723e-05 4.30264e-05 4.28734e-05 4.27135e-05 4.25469e-05 4.23734e-05 4.21934e-05 4.2007e-05 4.18141e-05 4.16151e-05 4.14098e-05 4.11986e-05 4.09814e-05 4.07584e-05 4.05297e-05 4.02953e-05 4.00553e-05 3.98099e-05 3.9559e-05 3.93027e-05 3.90412e-05 3.87745e-05 3.85025e-05 3.82254e-05 3.79432e-05 3.76559e-05 3.73636e-05 3.70663e-05 3.67639e-05 3.64566e-05 3.61443e-05 3.5827e-05 3.55047e-05 3.51775e-05 3.48452e-05 3.4508e-05 3.41658e-05 3.38185e-05 3.34661e-05 3.31087e-05 3.27461e-05 3.23784e-05 3.20055e-05 3.16273e-05 3.12437e-05 3.08549e-05 3.04606e-05 3.00608e-05 2.96555e-05 2.92446e-05 2.8828e-05 2.84056e-05 2.79773e-05 2.75431e-05 2.71029e-05 2.66565e-05 2.62039e-05 2.5745e-05 2.52796e-05 2.48076e-05 2.4329e-05 2.38435e-05 2.33511e-05 2.28517e-05 2.2345e-05 2.1831e-05 2.13095e-05 2.07803e-05 2.02433e-05 1.96984e-05 1.91453e-05 1.8584e-05 1.80142e-05 1.74358e-05 1.68485e-05 1.62523e-05 1.5647e-05 1.50324e-05 1.44083e-05 1.37747e-05 1.31313e-05 1.24781e-05 1.1815e-05 1.11418e-05 1.04587e-05 9.76558e-06 9.06252e-06 8.34968e-06 7.62728e-06 6.89561e-06 6.15508e-06 5.40621e-06 4.64963e-06 3.88611e-06 3.11655e-06 2.34198e-06 1.56353e-06 7.82434e-07 0 
4.76517e-05 4.71996e-05 4.67965e-05 4.64407e-05 4.61294e-05 4.58591e-05 4.56257e-05 4.54249e-05 4.52522e-05 4.5103e-05 4.49733e-05 4.48591e-05 4.47568e-05 4.46634e-05 4.45761e-05 4.44924e-05 4.44105e-05 4.43285e-05 4.42452e-05 4.41592e-05 4.40698e-05 4.39761e-05 4.38774e-05 4.37734e-05 4.36637e-05 4.3548e-05 4.34261e-05 4.32979e-05 4.31632e-05 4.30221e-05 4.28745e-05 4.27205e-05 4.256e-05 4.23932e-05 4.22201e-05 4.20407e-05 4.18553e-05 4.16637e-05 4.14662e-05 4.12628e-05 4.10536e-05 4.08386e-05 4.0618e-05 4.03919e-05 4.01602e-05 3.99232e-05 3.96808e-05 3.94331e-05 3.91802e-05 3.89221e-05 3.86589e-05 3.83906e-05 3.81172e-05 3.78389e-05 3.75556e-05 3.72674e-05 3.69742e-05 3.66761e-05 3.63732e-05 3.60654e-05 3.57527e-05 3.54351e-05 3.51127e-05 3.47853e-05 3.44531e-05 3.4116e-05 3.3774e-05 3.3427e-05 3.3075e-05 3.2718e-05 3.2356e-05 3.19889e-05 3.16167e-05 3.12393e-05 3.08567e-05 3.04688e-05 3.00756e-05 2.9677e-05 2.92729e-05 2.88633e-05 2.84482e-05 2.80273e-05 2.76007e-05 2.71682e-05 2.67298e-05 2.62854e-05 2.58348e-05 2.5378e-05 2.4915e-05 2.44454e-05 2.39693e-05 2.34866e-05 2.29971e-05 2.25006e-05 2.19971e-05 2.14865e-05 2.09685e-05 2.04431e-05 1.99101e-05 1.93693e-05 1.88207e-05 1.82641e-05 1.76992e-05 1.71261e-05 1.65444e-05 1.59542e-05 1.53552e-05 1.47473e-05 1.41304e-05 1.35044e-05 1.28691e-05 1.22245e-05 1.15706e-05 1.09074e-05 1.02347e-05 9.55278e-06 8.86165e-06 8.1615e-06 7.45259e-06 6.73522e-06 6.00981e-06 5.27687e-06 4.53701e-06 3.79096e-06 3.03954e-06 2.28367e-06 1.52439e-06 7.62784e-07 2.22045e-16 
4.7938e-05 4.74831e-05 4.70717e-05 4.67024e-05 4.6373e-05 4.60808e-05 4.58225e-05 4.55944e-05 4.53928e-05 4.52141e-05 4.50545e-05 4.49107e-05 4.47795e-05 4.4658e-05 4.45438e-05 4.44346e-05 4.43285e-05 4.42238e-05 4.41191e-05 4.40132e-05 4.39052e-05 4.37941e-05 4.36794e-05 4.35604e-05 4.34368e-05 4.33082e-05 4.31744e-05 4.3035e-05 4.28901e-05 4.27395e-05 4.25831e-05 4.2421e-05 4.22529e-05 4.20791e-05 4.18995e-05 4.17142e-05 4.15232e-05 4.13265e-05 4.11242e-05 4.09163e-05 4.0703e-05 4.04843e-05 4.02602e-05 4.00308e-05 3.97962e-05 3.95565e-05 3.93115e-05 3.90615e-05 3.88065e-05 3.85465e-05 3.82816e-05 3.80117e-05 3.77369e-05 3.74573e-05 3.71729e-05 3.68837e-05 3.65897e-05 3.62909e-05 3.59873e-05 3.5679e-05 3.53659e-05 3.50481e-05 3.47255e-05 3.43981e-05 3.40659e-05 3.37289e-05 3.33871e-05 3.30404e-05 3.26889e-05 3.23324e-05 3.1971e-05 3.16046e-05 3.12331e-05 3.08566e-05 3.04749e-05 3.00881e-05 2.9696e-05 2.92986e-05 2.88959e-05 2.84877e-05 2.8074e-05 2.76548e-05 2.72298e-05 2.67992e-05 2.63627e-05 2.59203e-05 2.5472e-05 2.50175e-05 2.45568e-05 2.40898e-05 2.36164e-05 2.31365e-05 2.26499e-05 2.21566e-05 2.16564e-05 2.11493e-05 2.0635e-05 2.01135e-05 1.95846e-05 1.90481e-05 1.85041e-05 1.79523e-05 1.73926e-05 1.68249e-05 1.6249e-05 1.56648e-05 1.50723e-05 1.44712e-05 1.38616e-05 1.32433e-05 1.26162e-05 1.19803e-05 1.13357e-05 1.06822e-05 1.002e-05 9.34917e-06 8.66979e-06 7.9821e-06 7.28634e-06 6.58286e-06 5.87206e-06 5.15444e-06 4.43059e-06 3.70118e-06 2.96696e-06 2.22879e-06 1.48758e-06 7.44311e-07 0 
4.81804e-05 4.77232e-05 4.73048e-05 4.69241e-05 4.65795e-05 4.62687e-05 4.59889e-05 4.57373e-05 4.55107e-05 4.53059e-05 4.51199e-05 4.49496e-05 4.47923e-05 4.46454e-05 4.45066e-05 4.43738e-05 4.42452e-05 4.41191e-05 4.39943e-05 4.38694e-05 4.37435e-05 4.36158e-05 4.34855e-05 4.3352e-05 4.32149e-05 4.30737e-05 4.29281e-05 4.27778e-05 4.26228e-05 4.24627e-05 4.22976e-05 4.21273e-05 4.19517e-05 4.17709e-05 4.15847e-05 4.13933e-05 4.11967e-05 4.09948e-05 4.07876e-05 4.05753e-05 4.03579e-05 4.01353e-05 3.99077e-05 3.9675e-05 3.94374e-05 3.91948e-05 3.89474e-05 3.8695e-05 3.84379e-05 3.81759e-05 3.79092e-05 3.76377e-05 3.73615e-05 3.70806e-05 3.67951e-05 3.65048e-05 3.62099e-05 3.59104e-05 3.56062e-05 3.52974e-05 3.4984e-05 3.46659e-05 3.43431e-05 3.40157e-05 3.36835e-05 3.33467e-05 3.30051e-05 3.26588e-05 3.23077e-05 3.19517e-05 3.15909e-05 3.12252e-05 3.08546e-05 3.0479e-05 3.00983e-05 2.97126e-05 2.93217e-05 2.89256e-05 2.85242e-05 2.81175e-05 2.77055e-05 2.72879e-05 2.68648e-05 2.6436e-05 2.60016e-05 2.55613e-05 2.51152e-05 2.46631e-05 2.42049e-05 2.37406e-05 2.32699e-05 2.2793e-05 2.23095e-05 2.18195e-05 2.13227e-05 2.08192e-05 2.03087e-05 1.97912e-05 1.92665e-05 1.87346e-05 1.81953e-05 1.76484e-05 1.7094e-05 1.65318e-05 1.59618e-05 1.53838e-05 1.47978e-05 1.42037e-05 1.36014e-05 1.29909e-05 1.23721e-05 1.17449e-05 1.11095e-05 1.04658e-05 9.81399e-06 9.15407e-06 8.48626e-06 7.81075e-06 7.12782e-06 6.43782e-06 5.74113e-06 5.03826e-06 4.32973e-06 3.61619e-06 2.89834e-06 2.17694e-06 1.45283e-06 7.26878e-07 0 
4.83837e-05 4.79244e-05 4.75001e-05 4.71098e-05 4.67522e-05 4.64254e-05 4.61272e-05 4.58552e-05 4.56067e-05 4.5379e-05 4.51695e-05 4.49756e-05 4.47947e-05 4.46247e-05 4.44634e-05 4.43088e-05 4.41592e-05 4.40132e-05 4.38694e-05 4.37266e-05 4.35838e-05 4.34401e-05 4.32948e-05 4.31473e-05 4.2997e-05 4.28435e-05 4.26864e-05 4.25255e-05 4.23604e-05 4.21911e-05 4.20172e-05 4.18388e-05 4.16557e-05 4.14679e-05 4.12752e-05 4.10778e-05 4.08755e-05 4.06683e-05 4.04563e-05 4.02395e-05 4.00179e-05 3.97914e-05 3.95602e-05 3.93242e-05 3.90835e-05 3.88381e-05 3.85881e-05 3.83334e-05 3.8074e-05 3.78101e-05 3.75415e-05 3.72684e-05 3.69908e-05 3.67086e-05 3.64219e-05 3.61306e-05 3.58349e-05 3.55346e-05 3.52298e-05 3.49205e-05 3.46067e-05 3.42883e-05 3.39654e-05 3.36379e-05 3.33059e-05 3.29692e-05 3.26279e-05 3.22819e-05 3.19313e-05 3.15759e-05 3.12158e-05 3.08509e-05 3.04811e-05 3.01064e-05 2.97268e-05 2.93422e-05 2.89526e-05 2.85579e-05 2.81579e-05 2.77528e-05 2.73424e-05 2.69266e-05 2.65053e-05 2.60786e-05 2.56462e-05 2.52082e-05 2.47644e-05 2.43148e-05 2.38592e-05 2.33976e-05 2.29299e-05 2.24559e-05 2.19757e-05 2.1489e-05 2.09958e-05 2.0496e-05 1.99895e-05 1.94761e-05 1.89558e-05 1.84285e-05 1.7894e-05 1.73522e-05 1.68031e-05 1.62466e-05 1.56825e-05 1.51109e-05 1.45315e-05 1.39444e-05 1.33495e-05 1.27468e-05 1.21362e-05 1.15178e-05 1.08916e-05 1.02576e-05 9.61602e-06 8.96689e-06 8.31041e-06 7.64682e-06 6.97639e-06 6.29945e-06 5.61641e-06 4.92771e-06 4.23389e-06 3.53552e-06 2.83326e-06 2.12781e-06 1.41992e-06 7.10374e-07 2.22045e-16 
4.85517e-05 4.80907e-05 4.76614e-05 4.72629e-05 4.68941e-05 4.65536e-05 4.62394e-05 4.59496e-05 4.56818e-05 4.54339e-05 4.52036e-05 4.49884e-05 4.47864e-05 4.45953e-05 4.44133e-05 4.42387e-05 4.40698e-05 4.39052e-05 4.37435e-05 4.35838e-05 4.34249e-05 4.3266e-05 4.31064e-05 4.29453e-05 4.27823e-05 4.26169e-05 4.24486e-05 4.22772e-05 4.21024e-05 4.19238e-05 4.17415e-05 4.1555e-05 4.13645e-05 4.11697e-05 4.09705e-05 4.0767e-05 4.05591e-05 4.03467e-05 4.01298e-05 3.99085e-05 3.96826e-05 3.94523e-05 3.92174e-05 3.89781e-05 3.87344e-05 3.84861e-05 3.82334e-05 3.79763e-05 3.77148e-05 3.74488e-05 3.71785e-05 3.69037e-05 3.66246e-05 3.63411e-05 3.60532e-05 3.57609e-05 3.54643e-05 3.51633e-05 3.48579e-05 3.45481e-05 3.42339e-05 3.39153e-05 3.35922e-05 3.32647e-05 3.29328e-05 3.25963e-05 3.22553e-05 3.19098e-05 3.15596e-05 3.12049e-05 3.08455e-05 3.04813e-05 3.01125e-05 2.97388e-05 2.93603e-05 2.89769e-05 2.85886e-05 2.81953e-05 2.77969e-05 2.73934e-05 2.69846e-05 2.65707e-05 2.61514e-05 2.57267e-05 2.52965e-05 2.48608e-05 2.44194e-05 2.39724e-05 2.35195e-05 2.30608e-05 2.2596e-05 2.21252e-05 2.16483e-05 2.11651e-05 2.06756e-05 2.01796e-05 1.96771e-05 1.9168e-05 1.86521e-05 1.81294e-05 1.75999e-05 1.70633e-05 1.65197e-05 1.59689e-05 1.54109e-05 1.48456e-05 1.42729e-05 1.36929e-05 1.31055e-05 1.25106e-05 1.19082e-05 1.12985e-05 1.06814e-05 1.00571e-05 9.42557e-06 8.78704e-06 8.14168e-06 7.48973e-06 6.83145e-06 6.16719e-06 5.49733e-06 4.8223e-06 4.14259e-06 3.45875e-06 2.77138e-06 2.08112e-06 1.38865e-06 6.94701e-07 0 
4.86879e-05 4.82255e-05 4.77918e-05 4.73862e-05 4.70078e-05 4.66553e-05 4.63272e-05 4.60218e-05 4.57372e-05 4.54714e-05 4.52224e-05 4.49882e-05 4.4767e-05 4.45568e-05 4.4356e-05 4.41629e-05 4.39761e-05 4.37941e-05 4.36158e-05 4.34401e-05 4.3266e-05 4.30927e-05 4.29193e-05 4.27453e-05 4.25701e-05 4.23931e-05 4.2214e-05 4.20324e-05 4.1848e-05 4.16605e-05 4.14697e-05 4.12754e-05 4.10775e-05 4.08758e-05 4.06702e-05 4.04607e-05 4.02472e-05 4.00296e-05 3.98078e-05 3.95819e-05 3.93519e-05 3.91176e-05 3.88792e-05 3.86365e-05 3.83896e-05 3.81385e-05 3.78832e-05 3.76237e-05 3.73599e-05 3.7092e-05 3.68198e-05 3.65434e-05 3.62628e-05 3.59779e-05 3.56889e-05 3.53956e-05 3.50981e-05 3.47963e-05 3.44903e-05 3.41801e-05 3.38655e-05 3.35467e-05 3.32235e-05 3.2896e-05 3.25642e-05 3.22279e-05 3.18873e-05 3.15422e-05 3.11926e-05 3.08385e-05 3.04798e-05 3.01165e-05 2.97486e-05 2.9376e-05 2.89987e-05 2.86166e-05 2.82296e-05 2.78377e-05 2.74409e-05 2.70391e-05 2.66322e-05 2.62201e-05 2.58028e-05 2.53803e-05 2.49524e-05 2.4519e-05 2.40802e-05 2.36358e-05 2.31857e-05 2.27299e-05 2.22682e-05 2.18007e-05 2.13271e-05 2.08475e-05 2.03617e-05 1.98697e-05 1.93713e-05 1.88665e-05 1.83552e-05 1.78373e-05 1.73128e-05 1.67815e-05 1.62434e-05 1.56984e-05 1.51465e-05 1.45877e-05 1.40218e-05 1.34488e-05 1.28688e-05 1.22818e-05 1.16877e-05 1.10866e-05 1.04785e-05 9.86369e-06 9.24213e-06 8.61402e-06 7.97955e-06 7.33895e-06 6.69251e-06 6.04054e-06 5.38342e-06 4.72156e-06 4.05541e-06 3.3855e-06 2.71238e-06 2.03663e-06 1.35888e-06 6.79778e-07 0 
4.87952e-05 4.83315e-05 4.78941e-05 4.74824e-05 4.70956e-05 4.67327e-05 4.63924e-05 4.60733e-05 4.57737e-05 4.5492e-05 4.52263e-05 4.49751e-05 4.47365e-05 4.4509e-05 4.42909e-05 4.40809e-05 4.38774e-05 4.36794e-05 4.34855e-05 4.32948e-05 4.31064e-05 4.29193e-05 4.27329e-05 4.25465e-05 4.23596e-05 4.21715e-05 4.19819e-05 4.17904e-05 4.15967e-05 4.14005e-05 4.12014e-05 4.09994e-05 4.07943e-05 4.05858e-05 4.03739e-05 4.01584e-05 3.99393e-05 3.97165e-05 3.949e-05 3.92596e-05 3.90253e-05 3.87872e-05 3.85451e-05 3.82991e-05 3.80491e-05 3.77952e-05 3.75372e-05 3.72753e-05 3.70093e-05 3.67393e-05 3.64653e-05 3.61873e-05 3.59052e-05 3.5619e-05 3.53288e-05 3.50345e-05 3.47361e-05 3.44337e-05 3.41271e-05 3.38164e-05 3.35015e-05 3.31824e-05 3.28592e-05 3.25317e-05 3.22e-05 3.1864e-05 3.15237e-05 3.11791e-05 3.08301e-05 3.04766e-05 3.01188e-05 2.97564e-05 2.93895e-05 2.9018e-05 2.86419e-05 2.82611e-05 2.78755e-05 2.74852e-05 2.709e-05 2.66899e-05 2.62849e-05 2.58748e-05 2.54596e-05 2.50393e-05 2.46137e-05 2.41828e-05 2.37466e-05 2.33049e-05 2.28577e-05 2.24048e-05 2.19464e-05 2.14821e-05 2.10121e-05 2.05361e-05 2.00541e-05 1.95661e-05 1.9072e-05 1.85716e-05 1.80649e-05 1.75519e-05 1.70324e-05 1.65065e-05 1.5974e-05 1.54349e-05 1.48892e-05 1.43368e-05 1.37776e-05 1.32118e-05 1.26392e-05 1.206e-05 1.14741e-05 1.08815e-05 1.02825e-05 9.67701e-06 9.06524e-06 8.44735e-06 7.82353e-06 7.19402e-06 6.55909e-06 5.91905e-06 5.27425e-06 4.62509e-06 3.97201e-06 3.31548e-06 2.656e-06 1.99414e-06 1.33045e-06 6.65533e-07 0 
4.88761e-05 4.84113e-05 4.79706e-05 4.75536e-05 4.71595e-05 4.67875e-05 4.64365e-05 4.61052e-05 4.57924e-05 4.54964e-05 4.52159e-05 4.49493e-05 4.4695e-05 4.44517e-05 4.42179e-05 4.39922e-05 4.37734e-05 4.35604e-05 4.3352e-05 4.31473e-05 4.29453e-05 4.27453e-05 4.25465e-05 4.23483e-05 4.21501e-05 4.19514e-05 4.17517e-05 4.15507e-05 4.13479e-05 4.11432e-05 4.09361e-05 4.07266e-05 4.05143e-05 4.02992e-05 4.00811e-05 3.98598e-05 3.96352e-05 3.94073e-05 3.91759e-05 3.89411e-05 3.87027e-05 3.84607e-05 3.8215e-05 3.79657e-05 3.77126e-05 3.74558e-05 3.71952e-05 3.69309e-05 3.66627e-05 3.63907e-05 3.61149e-05 3.58352e-05 3.55516e-05 3.52642e-05 3.49728e-05 3.46775e-05 3.43783e-05 3.40751e-05 3.37679e-05 3.34568e-05 3.31416e-05 3.28223e-05 3.2499e-05 3.21716e-05 3.18401e-05 3.15044e-05 3.11645e-05 3.08204e-05 3.0472e-05 3.01193e-05 2.97622e-05 2.94008e-05 2.90349e-05 2.86646e-05 2.82897e-05 2.79103e-05 2.75262e-05 2.71375e-05 2.6744e-05 2.63457e-05 2.59426e-05 2.55345e-05 2.51215e-05 2.47034e-05 2.42803e-05 2.38519e-05 2.34184e-05 2.29795e-05 2.25352e-05 2.20855e-05 2.16302e-05 2.11694e-05 2.07029e-05 2.02307e-05 1.97526e-05 1.92687e-05 1.87788e-05 1.82829e-05 1.7781e-05 1.72729e-05 1.67586e-05 1.6238e-05 1.57112e-05 1.5178e-05 1.46385e-05 1.40925e-05 1.35402e-05 1.29815e-05 1.24164e-05 1.18449e-05 1.12671e-05 1.0683e-05 1.00928e-05 9.49662e-06 8.89448e-06 8.28662e-06 7.67322e-06 7.05452e-06 6.43078e-06 5.80231e-06 5.16944e-06 4.53256e-06 3.89206e-06 3.24839e-06 2.60203e-06 1.95347e-06 1.30325e-06 6.51906e-07 0 
4.89328e-05 4.84671e-05 4.80236e-05 4.76018e-05 4.72013e-05 4.68212e-05 4.64608e-05 4.61188e-05 4.57941e-05 4.54855e-05 4.51916e-05 4.49111e-05 4.46426e-05 4.43849e-05 4.41367e-05 4.38967e-05 4.36637e-05 4.34368e-05 4.32149e-05 4.2997e-05 4.27823e-05 4.25701e-05 4.23596e-05 4.21501e-05 4.19412e-05 4.17323e-05 4.15229e-05 4.13126e-05 4.11012e-05 4.08882e-05 4.06733e-05 4.04565e-05 4.02373e-05 4.00157e-05 3.97914e-05 3.95644e-05 3.93344e-05 3.91015e-05 3.88654e-05 3.86262e-05 3.83836e-05 3.81378e-05 3.78886e-05 3.76359e-05 3.73798e-05 3.71202e-05 3.6857e-05 3.65903e-05 3.63199e-05 3.60459e-05 3.57683e-05 3.5487e-05 3.5202e-05 3.49132e-05 3.46207e-05 3.43244e-05 3.40244e-05 3.37205e-05 3.34128e-05 3.31012e-05 3.27857e-05 3.24663e-05 3.2143e-05 3.18157e-05 3.14843e-05 3.11489e-05 3.08095e-05 3.04659e-05 3.01182e-05 2.97662e-05 2.941e-05 2.90496e-05 2.86848e-05 2.83157e-05 2.79421e-05 2.75641e-05 2.71816e-05 2.67945e-05 2.64027e-05 2.60063e-05 2.56052e-05 2.51992e-05 2.47884e-05 2.43727e-05 2.3952e-05 2.35263e-05 2.30955e-05 2.26594e-05 2.22182e-05 2.17716e-05 2.13197e-05 2.08623e-05 2.03995e-05 1.9931e-05 1.9457e-05 1.89772e-05 1.84917e-05 1.80004e-05 1.75032e-05 1.70001e-05 1.6491e-05 1.59759e-05 1.54547e-05 1.49275e-05 1.43942e-05 1.38547e-05 1.33092e-05 1.27576e-05 1.21998e-05 1.16361e-05 1.10663e-05 1.04907e-05 9.90926e-06 9.32213e-06 8.72946e-06 8.13142e-06 7.5282e-06 6.92005e-06 6.3072e-06 5.68997e-06 5.06866e-06 4.44363e-06 3.81527e-06 3.184e-06 2.55024e-06 1.91447e-06 1.27717e-06 6.38843e-07 0 
4.89673e-05 4.85008e-05 4.80547e-05 4.76288e-05 4.72226e-05 4.68354e-05 4.64666e-05 4.6115e-05 4.57798e-05 4.54598e-05 4.51539e-05 4.48608e-05 4.45795e-05 4.43087e-05 4.40472e-05 4.3794e-05 4.3548e-05 4.33082e-05 4.30737e-05 4.28435e-05 4.26169e-05 4.23931e-05 4.21715e-05 4.19514e-05 4.17323e-05 4.15136e-05 4.12949e-05 4.10758e-05 4.0856e-05 4.0635e-05 4.04126e-05 4.01886e-05 3.99627e-05 3.97348e-05 3.95045e-05 3.92719e-05 3.90367e-05 3.87988e-05 3.85581e-05 3.83145e-05 3.80679e-05 3.78183e-05 3.75656e-05 3.73097e-05 3.70505e-05 3.67881e-05 3.65224e-05 3.62533e-05 3.59808e-05 3.57048e-05 3.54254e-05 3.51425e-05 3.4856e-05 3.4566e-05 3.42724e-05 3.39752e-05 3.36743e-05 3.33698e-05 3.30615e-05 3.27496e-05 3.24338e-05 3.21143e-05 3.17909e-05 3.14637e-05 3.11326e-05 3.07976e-05 3.04586e-05 3.01156e-05 2.97685e-05 2.94174e-05 2.90622e-05 2.87027e-05 2.83391e-05 2.79712e-05 2.7599e-05 2.72225e-05 2.68415e-05 2.64561e-05 2.60662e-05 2.56717e-05 2.52726e-05 2.48688e-05 2.44603e-05 2.4047e-05 2.36288e-05 2.32058e-05 2.27777e-05 2.23447e-05 2.19065e-05 2.14632e-05 2.10146e-05 2.05608e-05 2.01016e-05 1.96371e-05 1.9167e-05 1.86915e-05 1.82104e-05 1.77237e-05 1.72313e-05 1.67332e-05 1.62294e-05 1.57198e-05 1.52043e-05 1.46831e-05 1.4156e-05 1.36231e-05 1.30843e-05 1.25397e-05 1.19893e-05 1.14333e-05 1.08715e-05 1.03042e-05 9.73135e-06 9.15318e-06 8.5698e-06 7.98139e-06 7.38813e-06 6.79026e-06 6.18802e-06 5.5817e-06 4.97159e-06 4.35804e-06 3.74141e-06 3.12208e-06 2.50047e-06 1.877e-06 1.25212e-06 6.26297e-07 0 
