0 8.85108e-05 0.00015154 0.000243891 0.000397757 0.000639351 0.000993015 0.00148239 0.0021308 0.00296142 0.00399733 0.00526154 0.00677705 0.00856682 0.0106538 0.0130609 0.0158111 0.0189272 0.0224323 0.0263491 0.0307007 0.0355098 0.0407995 0.0465926 0.0529119 0.0597805 0.0672211 0.0752568 0.0839103 0.0932046 0.103162 0.113807 0.125161 0.137247 0.150089 0.163708 0.178129 0.193373 0.209464 0.226425 0.244278 0.263047 0.282754 0.303423 0.325075 0.347734 0.371423 0.396165 0.421983 0.448899 0.476936 0.506117 0.536466 0.568005 0.600756 0.634743 0.669989 0.706516 0.744348 0.783506 0.824015 0.865896 0.909173 0.953867 1 
8.85108e-05 0.000112695 0.000159768 0.000247465 0.00039967 0.000640537 0.000993824 0.00148298 0.00213125 0.00296177 0.00399761 0.00526178 0.00677725 0.00856699 0.0106539 0.013061 0.0158112 0.0189273 0.0224324 0.0263492 0.0307007 0.0355099 0.0407996 0.0465926 0.052912 0.0597805 0.0672212 0.0752568 0.0839103 0.0932046 0.103163 0.113807 0.125161 0.137247 0.150089 0.163708 0.178129 0.193373 0.209464 0.226425 0.244279 0.263047 0.282754 0.303423 0.325075 0.347734 0.371423 0.396165 0.421983 0.448899 0.476936 0.506118 0.536466 0.568005 0.600756 0.634744 0.669989 0.706517 0.744348 0.783507 0.824015 0.865896 0.909173 0.953868 1 
0.00015154 0.000159768 0.000196037 0.000278082 0.000427362 0.000666632 0.00101898 0.00150755 0.00215544 0.0029857 0.00402134 0.00528537 0.00680073 0.00859038 0.0106773 0.0130843 0.0158344 0.0189505 0.0224555 0.0263723 0.0307239 0.035533 0.0408226 0.0466157 0.0529351 0.0598036 0.0672443 0.0752799 0.0839334 0.0932277 0.103186 0.11383 0.125184 0.13727 0.150112 0.163731 0.178152 0.193396 0.209487 0.226448 0.244302 0.26307 0.282777 0.303446 0.325098 0.347757 0.371447 0.396188 0.422006 0.448922 0.476959 0.506141 0.536489 0.568028 0.60078 0.634767 0.670013 0.70654 0.744372 0.78353 0.824039 0.865921 0.909198 0.953893 1.00003 
0.000243891 0.000247465 0.000278082 0.000355906 0.000502395 0.000739861 0.00109103 0.00157881 0.00222614 0.003056 0.00409136 0.00535516 0.00687035 0.00865987 0.0107467 0.0131536 0.0159037 0.0190197 0.0225247 0.0264414 0.0307929 0.035602 0.0408916 0.0466847 0.053004 0.0598726 0.0673132 0.0753488 0.0840023 0.0932966 0.103254 0.113899 0.125253 0.137339 0.150181 0.1638 0.178221 0.193465 0.209556 0.226517 0.24437 0.263139 0.282846 0.303515 0.325167 0.347826 0.371516 0.396257 0.422075 0.448991 0.477028 0.50621 0.536559 0.568097 0.600849 0.634836 0.670082 0.706609 0.744441 0.7836 0.824109 0.865991 0.909269 0.953965 1.0001 
0.000397757 0.00039967 0.000427362 0.000502395 0.000646666 0.00088249 0.00123247 0.00171938 0.00236608 0.00319547 0.00423047 0.00549399 0.00700897 0.00879832 0.010885 0.0132918 0.0160418 0.0191577 0.0226626 0.0265793 0.0309308 0.0357399 0.0410294 0.0468224 0.0531418 0.0600103 0.0674509 0.0754865 0.08414 0.0934342 0.103392 0.114037 0.125391 0.137477 0.150318 0.163938 0.178358 0.193603 0.209694 0.226655 0.244508 0.263277 0.282984 0.303652 0.325305 0.347964 0.371653 0.396395 0.422213 0.449129 0.477166 0.506348 0.536697 0.568235 0.600987 0.634974 0.67022 0.706748 0.74458 0.783739 0.824248 0.86613 0.909408 0.954105 1.00024 
0.000639351 0.000640537 0.000666632 0.000739861 0.00088249 0.00111696 0.00146586 0.00195194 0.00259799 0.00342688 0.00446148 0.0057247 0.00723943 0.00902858 0.0111151 0.0135218 0.0162716 0.0193875 0.0228923 0.0268089 0.0311603 0.0359694 0.0412589 0.0470519 0.0533712 0.0602397 0.0676803 0.0757159 0.0843693 0.0936636 0.103621 0.114266 0.12562 0.137706 0.150548 0.164167 0.178588 0.193832 0.209923 0.226884 0.244738 0.263506 0.283214 0.303882 0.325534 0.348194 0.371883 0.396625 0.422442 0.449358 0.477396 0.506578 0.536926 0.568465 0.601217 0.635204 0.670451 0.706978 0.74481 0.78397 0.824479 0.866362 0.90964 0.954338 1.00048 
0.000993015 0.000993824 0.00101898 0.00109103 0.00123247 0.00146586 0.00181386 0.00229918 0.00294462 0.00377301 0.00480721 0.0060701 0.00758456 0.00937349 0.0114598 0.0138663 0.0166161 0.0197318 0.0232366 0.0271531 0.0315045 0.0363134 0.0416029 0.0473959 0.0537151 0.0605836 0.0680242 0.0760597 0.0847132 0.0940074 0.103965 0.11461 0.125964 0.13805 0.150891 0.164511 0.178932 0.194176 0.210267 0.227228 0.245081 0.26385 0.283557 0.304226 0.325878 0.348538 0.372227 0.396969 0.422786 0.449703 0.47774 0.506922 0.537271 0.56881 0.601561 0.635549 0.670795 0.707323 0.745155 0.784315 0.824825 0.866708 0.909986 0.954684 1.00082 
0.00148239 0.00148298 0.00150755 0.00157881 0.00171938 0.00195194 0.00229918 0.00278384 0.00342873 0.00425665 0.00529046 0.00655302 0.00806722 0.00985592 0.011942 0.0143484 0.017098 0.0202137 0.0237183 0.0276348 0.031986 0.036795 0.0420844 0.0478773 0.0541965 0.061065 0.0685055 0.0765411 0.0851945 0.0944887 0.104447 0.115091 0.126445 0.138531 0.151373 0.164992 0.179413 0.194657 0.210748 0.227709 0.245563 0.264332 0.284039 0.304707 0.32636 0.349019 0.372708 0.39745 0.423268 0.450184 0.478222 0.507404 0.537753 0.569292 0.602043 0.636031 0.671278 0.707806 0.745638 0.784798 0.825308 0.867191 0.91047 0.955168 1.00131 
0.0021308 0.00213125 0.00215544 0.00222614 0.00236608 0.00259799 0.00294462 0.00342873 0.00407312 0.00490061 0.00593406 0.00719631 0.00871023 0.0104987 0.0125846 0.0149909 0.0177403 0.0208558 0.0243604 0.0282768 0.032628 0.0374368 0.0427262 0.048519 0.0548382 0.0617066 0.0691471 0.0771827 0.0858361 0.0951303 0.105088 0.115733 0.127087 0.139173 0.152014 0.165634 0.180054 0.195299 0.21139 0.228351 0.246204 0.264973 0.284681 0.305349 0.327001 0.349661 0.37335 0.398092 0.42391 0.450826 0.478864 0.508046 0.538395 0.569934 0.602686 0.636674 0.67192 0.708448 0.746281 0.785441 0.825951 0.867835 0.911114 0.955813 1.00195 
0.00296142 0.00296177 0.0029857 0.003056 0.00319547 0.00342688 0.00377301 0.00425665 0.00490061 0.00572773 0.00676083 0.00802279 0.00953646 0.0113247 0.0134104 0.0158165 0.0185658 0.0216812 0.0251856 0.029102 0.0334531 0.0382618 0.0435512 0.049344 0.0556631 0.0625315 0.069972 0.0780075 0.0866609 0.0959551 0.105913 0.116557 0.127911 0.139998 0.152839 0.166459 0.180879 0.196124 0.212215 0.229176 0.247029 0.265798 0.285505 0.306174 0.327826 0.350486 0.374175 0.398917 0.424735 0.451651 0.479689 0.508871 0.53922 0.570759 0.603512 0.6375 0.672746 0.709275 0.747107 0.786268 0.826778 0.868662 0.911941 0.95664 1.00278 
0.00399733 0.00399761 0.00402134 0.00409136 0.00423047 0.00446148 0.00480721 0.00529046 0.00593406 0.00676083 0.00779364 0.00905533 0.0105688 0.0123568 0.0144423 0.0168482 0.0195974 0.0227127 0.026217 0.0301332 0.0344843 0.039293 0.0445823 0.050375 0.0566941 0.0635624 0.0710029 0.0790384 0.0876918 0.0969859 0.106944 0.117588 0.128942 0.141028 0.15387 0.167489 0.18191 0.197155 0.213246 0.230207 0.24806 0.266829 0.286536 0.307205 0.328857 0.351517 0.375206 0.399949 0.425766 0.452683 0.480721 0.509903 0.540252 0.571791 0.604543 0.638532 0.673778 0.710307 0.74814 0.7873 0.827811 0.869695 0.912975 0.957674 1.00381 
0.00526154 0.00526178 0.00528537 0.00535516 0.00549399 0.0057247 0.0060701 0.00655302 0.00719631 0.00802279 0.00905533 0.0103168 0.01183 0.0136178 0.0157032 0.0181089 0.020858 0.0239731 0.0274773 0.0313935 0.0357444 0.0405531 0.0458423 0.051635 0.057954 0.0648223 0.0722628 0.0802982 0.0889516 0.0982457 0.108204 0.118848 0.130202 0.142288 0.15513 0.168749 0.18317 0.198414 0.214506 0.231467 0.24932 0.268089 0.287796 0.308465 0.330118 0.352777 0.376467 0.401209 0.427027 0.453943 0.481981 0.511163 0.541512 0.573052 0.605804 0.639792 0.675039 0.711568 0.749401 0.788562 0.829073 0.870957 0.914237 0.958936 1.00508 
0.00677705 0.00677725 0.00680073 0.00687035 0.00700897 0.00723943 0.00758456 0.00806722 0.00871023 0.00953646 0.0105688 0.01183 0.013343 0.0151307 0.0172158 0.0196215 0.0223703 0.0254854 0.0289895 0.0329056 0.0372564 0.042065 0.0473542 0.0531468 0.0594658 0.0663341 0.0737745 0.0818099 0.0904632 0.0997574 0.109715 0.12036 0.131714 0.1438 0.156641 0.170261 0.184681 0.199926 0.216017 0.232978 0.250832 0.269601 0.289308 0.309977 0.331629 0.354289 0.377979 0.402721 0.428539 0.455455 0.483493 0.512675 0.543025 0.574564 0.607317 0.641305 0.676552 0.713081 0.750914 0.790075 0.830586 0.872471 0.915751 0.96045 1.00659 
0.00856682 0.00856699 0.00859038 0.00865987 0.00879832 0.00902858 0.00937349 0.00985592 0.0104987 0.0113247 0.0123568 0.0136178 0.0151307 0.0169181 0.0190032 0.0214087 0.0241574 0.0272724 0.0307764 0.0346923 0.0390431 0.0438516 0.0491407 0.0549333 0.0612523 0.0681205 0.0755609 0.0835963 0.0922496 0.101544 0.111502 0.122146 0.1335 0.145586 0.158428 0.172047 0.186468 0.201712 0.217804 0.234765 0.252618 0.271387 0.291095 0.311763 0.333416 0.356076 0.379765 0.404508 0.430326 0.457242 0.48528 0.514463 0.544812 0.576352 0.609104 0.643093 0.67834 0.714869 0.752702 0.791863 0.832375 0.874259 0.91754 0.962239 1.00838 
0.0106538 0.0106539 0.0106773 0.0107467 0.010885 0.0111151 0.0114598 0.011942 0.0125846 0.0134104 0.0144423 0.0157032 0.0172158 0.0190032 0.0210881 0.0234934 0.0262421 0.0293569 0.0328609 0.0367767 0.0411274 0.0459359 0.0512249 0.0570175 0.0633364 0.0702046 0.0776449 0.0856803 0.0943336 0.103628 0.113586 0.12423 0.135584 0.14767 0.160512 0.174131 0.188552 0.203796 0.219888 0.236849 0.254702 0.273472 0.293179 0.313848 0.3355 0.35816 0.38185 0.406592 0.43241 0.459327 0.487365 0.516547 0.546897 0.578437 0.611189 0.645178 0.680425 0.716954 0.754788 0.793949 0.83446 0.876345 0.919626 0.964326 1.01047 
0.0130609 0.013061 0.0130843 0.0131536 0.0132918 0.0135218 0.0138663 0.0143484 0.0149909 0.0158165 0.0168482 0.0181089 0.0196215 0.0214087 0.0234934 0.0258987 0.0286472 0.031762 0.0352658 0.0391816 0.0435322 0.0483406 0.0536296 0.0594221 0.065741 0.0726091 0.0800494 0.0880848 0.0967381 0.106032 0.11599 0.126634 0.137988 0.150075 0.162916 0.176536 0.190956 0.206201 0.222292 0.239253 0.257107 0.275876 0.295584 0.316252 0.337905 0.360565 0.384255 0.408997 0.434815 0.461732 0.48977 0.518953 0.549302 0.580842 0.613595 0.647584 0.682831 0.71936 0.757194 0.796355 0.836867 0.878752 0.922033 0.966733 1.01287 
0.0158111 0.0158112 0.0158344 0.0159037 0.0160418 0.0162716 0.0166161 0.017098 0.0177403 0.0185658 0.0195974 0.020858 0.0223703 0.0241574 0.0262421 0.0286472 0.0313957 0.0345103 0.0380141 0.0419298 0.0462804 0.0510887 0.0563776 0.0621701 0.0684889 0.075357 0.0827973 0.0908327 0.0994859 0.10878 0.118738 0.129382 0.140736 0.152822 0.165664 0.179284 0.193704 0.208949 0.22504 0.242001 0.259855 0.278624 0.298332 0.319 0.340653 0.363313 0.387003 0.411746 0.437564 0.464481 0.492519 0.521701 0.552051 0.583591 0.616344 0.650333 0.68558 0.72211 0.759944 0.799105 0.839617 0.881502 0.924783 0.969483 1.01562 
0.0189272 0.0189273 0.0189505 0.0190197 0.0191577 0.0193875 0.0197318 0.0202137 0.0208558 0.0216812 0.0227127 0.0239731 0.0254854 0.0272724 0.0293569 0.031762 0.0345103 0.0376249 0.0411286 0.0450442 0.0493947 0.054203 0.0594919 0.0652843 0.0716031 0.0784712 0.0859115 0.0939468 0.1026 0.111894 0.121852 0.132496 0.14385 0.155937 0.168778 0.182398 0.196818 0.212063 0.228155 0.245116 0.262969 0.281739 0.301446 0.322115 0.343768 0.366428 0.390118 0.41486 0.440678 0.467595 0.495634 0.524816 0.555166 0.586706 0.619459 0.653448 0.688696 0.725225 0.763059 0.802221 0.842733 0.884618 0.927899 0.972599 1.01874 
0.0224323 0.0224324 0.0224555 0.0225247 0.0226626 0.0228923 0.0232366 0.0237183 0.0243604 0.0251856 0.026217 0.0274773 0.0289895 0.0307764 0.0328609 0.0352658 0.0380141 0.0411286 0.0446322 0.0485478 0.0528982 0.0577064 0.0629953 0.0687877 0.0751064 0.0819745 0.0894147 0.0974501 0.106103 0.115397 0.125355 0.136 0.147354 0.15944 0.172281 0.185901 0.200322 0.215566 0.231658 0.248619 0.266473 0.285242 0.30495 0.325618 0.347271 0.369931 0.393621 0.418364 0.444182 0.471099 0.499138 0.52832 0.55867 0.590211 0.622964 0.656953 0.692201 0.72873 0.766564 0.805726 0.846238 0.888123 0.931404 0.976105 1.02225 
0.0263491 0.0263492 0.0263723 0.0264414 0.0265793 0.0268089 0.0271531 0.0276348 0.0282768 0.029102 0.0301332 0.0313935 0.0329056 0.0346923 0.0367767 0.0391816 0.0419298 0.0450442 0.0485478 0.0524633 0.0568137 0.0616219 0.0669107 0.072703 0.0790218 0.0858898 0.09333 0.101365 0.110019 0.119313 0.12927 0.139915 0.151269 0.163355 0.176197 0.189816 0.204237 0.219482 0.235573 0.252534 0.270388 0.289158 0.308865 0.329534 0.351187 0.373847 0.397537 0.42228 0.448098 0.475015 0.503054 0.532237 0.562587 0.594127 0.62688 0.660869 0.696117 0.732647 0.770481 0.809643 0.850155 0.89204 0.935322 0.980022 1.02617 
0.0307007 0.0307007 0.0307239 0.0307929 0.0309308 0.0311603 0.0315045 0.031986 0.032628 0.0334531 0.0344843 0.0357444 0.0372564 0.0390431 0.0411274 0.0435322 0.0462804 0.0493947 0.0528982 0.0568137 0.0611641 0.0659722 0.071261 0.0770533 0.083372 0.09024 0.0976802 0.105716 0.114369 0.123663 0.133621 0.144265 0.155619 0.167705 0.180547 0.194167 0.208587 0.223832 0.239924 0.256885 0.274739 0.293508 0.313216 0.333885 0.355538 0.378198 0.401888 0.426631 0.452449 0.479366 0.507405 0.536588 0.566938 0.598478 0.631232 0.665221 0.700469 0.736999 0.774833 0.813995 0.854507 0.896393 0.939674 0.984375 1.03052 
0.0355098 0.0355099 0.035533 0.035602 0.0357399 0.0359694 0.0363134 0.036795 0.0374368 0.0382618 0.039293 0.0405531 0.042065 0.0438516 0.0459359 0.0483406 0.0510887 0.054203 0.0577064 0.0616219 0.0659722 0.0707803 0.076069 0.0818613 0.08818 0.095048 0.102488 0.110524 0.119177 0.128471 0.138429 0.149073 0.160427 0.172513 0.185355 0.198975 0.213395 0.22864 0.244732 0.261693 0.279547 0.298316 0.318024 0.338693 0.360346 0.383006 0.406696 0.431439 0.457258 0.484175 0.512214 0.541397 0.571747 0.603287 0.636041 0.67003 0.705278 0.741808 0.779643 0.818805 0.859317 0.901203 0.944484 0.989185 1.03533 
0.0407995 0.0407996 0.0408226 0.0408916 0.0410294 0.0412589 0.0416029 0.0420844 0.0427262 0.0435512 0.0445823 0.0458423 0.0473542 0.0491407 0.0512249 0.0536296 0.0563776 0.0594919 0.0629953 0.0669107 0.071261 0.076069 0.0813578 0.08715 0.0934687 0.100337 0.107777 0.115812 0.124465 0.133759 0.143717 0.154362 0.165716 0.177802 0.190644 0.204263 0.218684 0.233929 0.250021 0.266982 0.284836 0.303605 0.323313 0.343982 0.365635 0.388295 0.411986 0.436729 0.462547 0.489464 0.517503 0.546686 0.577037 0.608577 0.641331 0.67532 0.710568 0.747098 0.784933 0.824095 0.864607 0.906493 0.949775 0.994476 1.04062 
0.0465926 0.0465926 0.0466157 0.0466847 0.0468224 0.0470519 0.0473959 0.0478773 0.048519 0.049344 0.050375 0.051635 0.0531468 0.0549333 0.0570175 0.0594221 0.0621701 0.0652843 0.0687877 0.072703 0.0770533 0.0818613 0.08715 0.0929423 0.0992609 0.106129 0.113569 0.121604 0.130258 0.139552 0.149509 0.160154 0.171508 0.183594 0.196436 0.210056 0.224477 0.239721 0.255813 0.272774 0.290628 0.309398 0.329106 0.349775 0.371428 0.394088 0.417778 0.442521 0.46834 0.495257 0.523296 0.552479 0.58283 0.61437 0.647124 0.681114 0.716362 0.752892 0.790727 0.829889 0.870402 0.912287 0.955569 1.00027 1.04641 
0.0529119 0.052912 0.0529351 0.053004 0.0531418 0.0533712 0.0537151 0.0541965 0.0548382 0.0556631 0.0566941 0.057954 0.0594658 0.0612523 0.0633364 0.065741 0.0684889 0.0716031 0.0751064 0.0790218 0.083372 0.08818 0.0934687 0.0992609 0.10558 0.112448 0.119888 0.127923 0.136576 0.14587 0.155828 0.166473 0.177827 0.189913 0.202755 0.216374 0.230795 0.24604 0.262132 0.279093 0.296947 0.315717 0.335425 0.356094 0.377747 0.400407 0.424098 0.448841 0.47466 0.501577 0.529616 0.558799 0.58915 0.62069 0.653444 0.687434 0.722682 0.759212 0.797047 0.836209 0.876722 0.918608 0.96189 1.00659 1.05273 
0.0597805 0.0597805 0.0598036 0.0598726 0.0600103 0.0602397 0.0605836 0.061065 0.0617066 0.0625315 0.0635624 0.0648223 0.0663341 0.0681205 0.0702046 0.0726091 0.075357 0.0784712 0.0819745 0.0858898 0.09024 0.095048 0.100337 0.106129 0.112448 0.119316 0.126756 0.134791 0.143444 0.152738 0.162696 0.173341 0.184695 0.196781 0.209623 0.223243 0.237664 0.252908 0.269 0.285962 0.303816 0.322585 0.342293 0.362962 0.384616 0.407276 0.430966 0.455709 0.481528 0.508446 0.536485 0.565668 0.596019 0.627559 0.660313 0.694303 0.729552 0.766082 0.803917 0.843079 0.883592 0.925478 0.96876 1.01346 1.0596 
0.0672211 0.0672212 0.0672443 0.0673132 0.0674509 0.0676803 0.0680242 0.0685055 0.0691471 0.069972 0.0710029 0.0722628 0.0737745 0.0755609 0.0776449 0.0800494 0.0827973 0.0859115 0.0894147 0.09333 0.0976802 0.102488 0.107777 0.113569 0.119888 0.126756 0.134196 0.142231 0.150884 0.160179 0.170136 0.180781 0.192135 0.204221 0.217063 0.230683 0.245104 0.260349 0.276441 0.293402 0.311256 0.330026 0.349734 0.370403 0.392056 0.414717 0.438407 0.46315 0.488969 0.515887 0.543926 0.573109 0.60346 0.635001 0.667755 0.701745 0.736993 0.773524 0.811359 0.850521 0.891034 0.93292 0.976202 1.0209 1.06705 
0.0752568 0.0752568 0.0752799 0.0753488 0.0754865 0.0757159 0.0760597 0.0765411 0.0771827 0.0780075 0.0790384 0.0802982 0.0818099 0.0835963 0.0856803 0.0880848 0.0908327 0.0939468 0.0974501 0.101365 0.105716 0.110524 0.115812 0.121604 0.127923 0.134791 0.142231 0.150266 0.15892 0.168214 0.178172 0.188816 0.20017 0.212257 0.225098 0.238718 0.253139 0.268384 0.284476 0.301438 0.319292 0.338061 0.357769 0.378439 0.400092 0.422753 0.446443 0.471187 0.497006 0.523923 0.551962 0.581146 0.611497 0.643037 0.675791 0.709781 0.74503 0.781561 0.819396 0.858558 0.899071 0.940957 0.98424 1.02894 1.07508 
0.0839103 0.0839103 0.0839334 0.0840023 0.08414 0.0843693 0.0847132 0.0851945 0.0858361 0.0866609 0.0876918 0.0889516 0.0904632 0.0922496 0.0943336 0.0967381 0.0994859 0.1026 0.106103 0.110019 0.114369 0.119177 0.124465 0.130258 0.136576 0.143444 0.150884 0.15892 0.167573 0.176867 0.186825 0.19747 0.208824 0.22091 0.233752 0.247372 0.261793 0.277038 0.29313 0.310091 0.327945 0.346715 0.366423 0.387093 0.408746 0.431407 0.455097 0.479841 0.50566 0.532577 0.560617 0.5898 0.620151 0.651692 0.684446 0.718436 0.753685 0.790215 0.828051 0.867213 0.907726 0.949613 0.992895 1.0376 1.08374 
0.0932046 0.0932046 0.0932277 0.0932966 0.0934342 0.0936636 0.0940074 0.0944887 0.0951303 0.0959551 0.0969859 0.0982457 0.0997574 0.101544 0.103628 0.106032 0.10878 0.111894 0.115397 0.119313 0.123663 0.128471 0.133759 0.139552 0.14587 0.152738 0.160179 0.168214 0.176867 0.186161 0.196119 0.206764 0.218118 0.230204 0.243046 0.256666 0.271087 0.286332 0.302424 0.319386 0.33724 0.35601 0.375718 0.396387 0.418041 0.440702 0.464392 0.489136 0.514955 0.541872 0.569912 0.599095 0.629446 0.660987 0.693742 0.727732 0.762981 0.799511 0.837346 0.876509 0.917022 0.958909 1.00219 1.04689 1.09304 
0.103162 0.103163 0.103186 0.103254 0.103392 0.103621 0.103965 0.104447 0.105088 0.105913 0.106944 0.108204 0.109715 0.111502 0.113586 0.11599 0.118738 0.121852 0.125355 0.12927 0.133621 0.138429 0.143717 0.149509 0.155828 0.162696 0.170136 0.178172 0.186825 0.196119 0.206077 0.216722 0.228076 0.240162 0.253004 0.266624 0.281045 0.29629 0.312382 0.329344 0.347198 0.365968 0.385676 0.406346 0.427999 0.45066 0.474351 0.499094 0.524914 0.551831 0.579871 0.609054 0.639405 0.670947 0.703701 0.737691 0.77294 0.809471 0.847306 0.886469 0.926982 0.968869 1.01215 1.05685 1.103 
0.113807 0.113807 0.11383 0.113899 0.114037 0.114266 0.11461 0.115091 0.115733 0.116557 0.117588 0.118848 0.12036 0.122146 0.12423 0.126634 0.129382 0.132496 0.136 0.139915 0.144265 0.149073 0.154362 0.160154 0.166473 0.173341 0.180781 0.188816 0.19747 0.206764 0.216722 0.227366 0.238721 0.250807 0.263649 0.277269 0.29169 0.306935 0.323027 0.339989 0.357843 0.376613 0.396321 0.416991 0.438645 0.461305 0.484996 0.50974 0.535559 0.562477 0.590516 0.6197 0.650051 0.681592 0.714347 0.748337 0.783586 0.820117 0.857952 0.897115 0.937629 0.979515 1.0228 1.0675 1.11364 
0.125161 0.125161 0.125184 0.125253 0.125391 0.12562 0.125964 0.126445 0.127087 0.127911 0.128942 0.130202 0.131714 0.1335 0.135584 0.137988 0.140736 0.14385 0.147354 0.151269 0.155619 0.160427 0.165716 0.171508 0.177827 0.184695 0.192135 0.20017 0.208824 0.218118 0.228076 0.238721 0.250075 0.262161 0.275003 0.288623 0.303045 0.31829 0.334382 0.351344 0.369198 0.387968 0.407676 0.428346 0.449999 0.47266 0.496351 0.521095 0.546914 0.573832 0.601872 0.631055 0.661407 0.692948 0.725702 0.759693 0.794942 0.831473 0.869308 0.908471 0.948985 0.990871 1.03415 1.07886 1.125 
0.137247 0.137247 0.13727 0.137339 0.137477 0.137706 0.13805 0.138531 0.139173 0.139998 0.141028 0.142288 0.1438 0.145586 0.14767 0.150075 0.152822 0.155937 0.15944 0.163355 0.167705 0.172513 0.177802 0.183594 0.189913 0.196781 0.204221 0.212257 0.22091 0.230204 0.240162 0.250807 0.262161 0.274248 0.28709 0.30071 0.315131 0.330377 0.346469 0.36343 0.381285 0.400055 0.419763 0.440433 0.462087 0.484748 0.508438 0.533182 0.559002 0.58592 0.613959 0.643143 0.673494 0.705036 0.73779 0.771781 0.80703 0.843561 0.881396 0.92056 0.961073 1.00296 1.04624 1.09094 1.13709 
0.150089 0.150089 0.150112 0.150181 0.150318 0.150548 0.150891 0.151373 0.152014 0.152839 0.15387 0.15513 0.156641 0.158428 0.160512 0.162916 0.165664 0.168778 0.172281 0.176197 0.180547 0.185355 0.190644 0.196436 0.202755 0.209623 0.217063 0.225098 0.233752 0.243046 0.253004 0.263649 0.275003 0.28709 0.299932 0.313552 0.327973 0.343219 0.359311 0.376273 0.394127 0.412897 0.432606 0.453275 0.474929 0.49759 0.521281 0.546025 0.571844 0.598762 0.626802 0.655986 0.686337 0.717879 0.750633 0.784624 0.819873 0.856404 0.89424 0.933403 0.973917 1.0158 1.05909 1.10379 1.14993 
0.163708 0.163708 0.163731 0.1638 0.163938 0.164167 0.164511 0.164992 0.165634 0.166459 0.167489 0.168749 0.170261 0.172047 0.174131 0.176536 0.179284 0.182398 0.185901 0.189816 0.194167 0.198975 0.204263 0.210056 0.216374 0.223243 0.230683 0.238718 0.247372 0.256666 0.266624 0.277269 0.288623 0.30071 0.313552 0.327172 0.341594 0.356839 0.372931 0.389893 0.407748 0.426518 0.446226 0.466896 0.48855 0.511211 0.534902 0.559646 0.585465 0.612384 0.640423 0.669607 0.699959 0.7315 0.764255 0.798245 0.833495 0.870026 0.907862 0.947025 0.987539 1.02943 1.07271 1.11741 1.16356 
0.178129 0.178129 0.178152 0.178221 0.178358 0.178588 0.178932 0.179413 0.180054 0.180879 0.18191 0.18317 0.184681 0.186468 0.188552 0.190956 0.193704 0.196818 0.200322 0.204237 0.208587 0.213395 0.218684 0.224477 0.230795 0.237664 0.245104 0.253139 0.261793 0.271087 0.281045 0.29169 0.303045 0.315131 0.327973 0.341594 0.356015 0.371261 0.387353 0.404315 0.422169 0.440939 0.460648 0.481318 0.502972 0.525633 0.549324 0.574068 0.599888 0.626806 0.654846 0.68403 0.714381 0.745923 0.778677 0.812668 0.847918 0.884449 0.922285 0.961448 1.00196 1.04385 1.08713 1.13183 1.17798 
0.193373 0.193373 0.193396 0.193465 0.193603 0.193832 0.194176 0.194657 0.195299 0.196124 0.197155 0.198414 0.199926 0.201712 0.203796 0.206201 0.208949 0.212063 0.215566 0.219482 0.223832 0.22864 0.233929 0.239721 0.24604 0.252908 0.260349 0.268384 0.277038 0.286332 0.29629 0.306935 0.31829 0.330377 0.343219 0.356839 0.371261 0.386506 0.402598 0.41956 0.437415 0.456185 0.475894 0.496564 0.518218 0.540879 0.56457 0.589314 0.615134 0.642052 0.670092 0.699276 0.729628 0.761169 0.793924 0.827915 0.863164 0.899696 0.937532 0.976695 1.01721 1.0591 1.10238 1.14708 1.19323 
0.209464 0.209464 0.209487 0.209556 0.209694 0.209923 0.210267 0.210748 0.21139 0.212215 0.213246 0.214506 0.216017 0.217804 0.219888 0.222292 0.22504 0.228155 0.231658 0.235573 0.239924 0.244732 0.250021 0.255813 0.262132 0.269 0.276441 0.284476 0.29313 0.302424 0.312382 0.323027 0.334382 0.346469 0.359311 0.372931 0.387353 0.402598 0.418691 0.435653 0.453507 0.472278 0.491986 0.512656 0.53431 0.556972 0.580663 0.605407 0.631227 0.658145 0.686185 0.715369 0.745721 0.777263 0.810017 0.844008 0.879258 0.915789 0.953625 0.992789 1.0333 1.07519 1.11847 1.16318 1.20932 
0.226425 0.226425 0.226448 0.226517 0.226655 0.226884 0.227228 0.227709 0.228351 0.229176 0.230207 0.231467 0.232978 0.234765 0.236849 0.239253 0.242001 0.245116 0.248619 0.252534 0.256885 0.261693 0.266982 0.272774 0.279093 0.285962 0.293402 0.301438 0.310091 0.319386 0.329344 0.339989 0.351344 0.36343 0.376273 0.389893 0.404315 0.41956 0.435653 0.452615 0.47047 0.48924 0.508949 0.529619 0.551273 0.573934 0.597625 0.622369 0.648189 0.675108 0.703148 0.732332 0.762684 0.794226 0.826981 0.860971 0.896221 0.932753 0.970589 1.00975 1.05027 1.09215 1.13544 1.18014 1.22628 
0.244278 0.244279 0.244302 0.24437 0.244508 0.244738 0.245081 0.245563 0.246204 0.247029 0.24806 0.24932 0.250832 0.252618 0.254702 0.257107 0.259855 0.262969 0.266473 0.270388 0.274739 0.279547 0.284836 0.290628 0.296947 0.303816 0.311256 0.319292 0.327945 0.33724 0.347198 0.357843 0.369198 0.381285 0.394127 0.407748 0.422169 0.437415 0.453507 0.47047 0.488324 0.507095 0.526804 0.547474 0.569128 0.591789 0.615481 0.640225 0.666045 0.692963 0.721003 0.750188 0.780539 0.812081 0.844836 0.878827 0.914077 0.950609 0.988445 1.02761 1.06812 1.11001 1.15329 1.198 1.24414 
0.263047 0.263047 0.26307 0.263139 0.263277 0.263506 0.26385 0.264332 0.264973 0.265798 0.266829 0.268089 0.269601 0.271387 0.273472 0.275876 0.278624 0.281739 0.285242 0.289158 0.293508 0.298316 0.303605 0.309398 0.315717 0.322585 0.330026 0.338061 0.346715 0.35601 0.365968 0.376613 0.387968 0.400055 0.412897 0.426518 0.440939 0.456185 0.472278 0.48924 0.507095 0.525865 0.545574 0.566244 0.587899 0.61056 0.634251 0.658996 0.684816 0.711734 0.739774 0.768959 0.799311 0.830853 0.863608 0.897599 0.932849 0.96938 1.00722 1.04638 1.08689 1.12878 1.17207 1.21677 1.26291 
0.282754 0.282754 0.282777 0.282846 0.282984 0.283214 0.283557 0.284039 0.284681 0.285505 0.286536 0.287796 0.289308 0.291095 0.293179 0.295584 0.298332 0.301446 0.30495 0.308865 0.313216 0.318024 0.323313 0.329106 0.335425 0.342293 0.349734 0.357769 0.366423 0.375718 0.385676 0.396321 0.407676 0.419763 0.432606 0.446226 0.460648 0.475894 0.491986 0.508949 0.526804 0.545574 0.565283 0.585953 0.607608 0.630269 0.653961 0.678705 0.704525 0.731444 0.759484 0.788668 0.81902 0.850562 0.883318 0.917309 0.952559 0.98909 1.02693 1.06609 1.1066 1.14849 1.19178 1.23648 1.28262 
0.303423 0.303423 0.303446 0.303515 0.303652 0.303882 0.304226 0.304707 0.305349 0.306174 0.307205 0.308465 0.309977 0.311763 0.313848 0.316252 0.319 0.322115 0.325618 0.329534 0.333885 0.338693 0.343982 0.349775 0.356094 0.362962 0.370403 0.378439 0.387093 0.396387 0.406346 0.416991 0.428346 0.440433 0.453275 0.466896 0.481318 0.496564 0.512656 0.529619 0.547474 0.566244 0.585953 0.606623 0.628278 0.65094 0.674631 0.699375 0.725196 0.752114 0.780155 0.809339 0.839691 0.871233 0.903989 0.93798 0.97323 1.00976 1.0476 1.08676 1.12728 1.16916 1.21245 1.25715 1.3033 
0.325075 0.325075 0.325098 0.325167 0.325305 0.325534 0.325878 0.32636 0.327001 0.327826 0.328857 0.330118 0.331629 0.333416 0.3355 0.337905 0.340653 0.343768 0.347271 0.351187 0.355538 0.360346 0.365635 0.371428 0.377747 0.384616 0.392056 0.400092 0.408746 0.418041 0.427999 0.438645 0.449999 0.462087 0.474929 0.48855 0.502972 0.518218 0.53431 0.551273 0.569128 0.587899 0.607608 0.628278 0.649932 0.672594 0.696286 0.72103 0.74685 0.773769 0.80181 0.830994 0.861346 0.892889 0.925644 0.959635 0.994885 1.03142 1.06925 1.10842 1.14893 1.19082 1.2341 1.27881 1.32495 
0.347734 0.347734 0.347757 0.347826 0.347964 0.348194 0.348538 0.349019 0.349661 0.350486 0.351517 0.352777 0.354289 0.356076 0.35816 0.360565 0.363313 0.366428 0.369931 0.373847 0.378198 0.383006 0.388295 0.394088 0.400407 0.407276 0.414717 0.422753 0.431407 0.440702 0.45066 0.461305 0.47266 0.484748 0.49759 0.511211 0.525633 0.540879 0.556972 0.573934 0.591789 0.61056 0.630269 0.65094 0.672594 0.695256 0.718947 0.743692 0.769512 0.796431 0.824472 0.853656 0.884009 0.915551 0.948306 0.982298 1.01755 1.05408 1.09192 1.13108 1.17159 1.21348 1.25677 1.30147 1.34761 
0.371423 0.371423 0.371447 0.371516 0.371653 0.371883 0.372227 0.372708 0.37335 0.374175 0.375206 0.376467 0.377979 0.379765 0.38185 0.384255 0.387003 0.390118 0.393621 0.397537 0.401888 0.406696 0.411986 0.417778 0.424098 0.430966 0.438407 0.446443 0.455097 0.464392 0.474351 0.484996 0.496351 0.508438 0.521281 0.534902 0.549324 0.56457 0.580663 0.597625 0.615481 0.634251 0.653961 0.674631 0.696286 0.718947 0.742639 0.767384 0.793204 0.820123 0.848164 0.877349 0.907701 0.939243 0.971999 1.00599 1.04124 1.07777 1.11561 1.15477 1.19529 1.23718 1.28046 1.32516 1.37131 
0.396165 0.396165 0.396188 0.396257 0.396395 0.396625 0.396969 0.39745 0.398092 0.398917 0.399949 0.401209 0.402721 0.404508 0.406592 0.408997 0.411746 0.41486 0.418364 0.42228 0.426631 0.431439 0.436729 0.442521 0.448841 0.455709 0.46315 0.471187 0.479841 0.489136 0.499094 0.50974 0.521095 0.533182 0.546025 0.559646 0.574068 0.589314 0.605407 0.622369 0.640225 0.658996 0.678705 0.699375 0.72103 0.743692 0.767384 0.792128 0.817949 0.844868 0.872908 0.902093 0.932446 0.963988 0.996744 1.03074 1.06599 1.10252 1.14035 1.17952 1.22003 1.26192 1.30521 1.34991 1.39605 
0.421983 0.421983 0.422006 0.422075 0.422213 0.422442 0.422786 0.423268 0.42391 0.424735 0.425766 0.427027 0.428539 0.430326 0.43241 0.434815 0.437564 0.440678 0.444182 0.448098 0.452449 0.457258 0.462547 0.46834 0.47466 0.481528 0.488969 0.497006 0.50566 0.514955 0.524914 0.535559 0.546914 0.559002 0.571844 0.585465 0.599888 0.615134 0.631227 0.648189 0.666045 0.684816 0.704525 0.725196 0.74685 0.769512 0.793204 0.817949 0.843769 0.870688 0.898729 0.927914 0.958267 0.989809 1.02256 1.05656 1.09181 1.12834 1.16618 1.20534 1.24585 1.28774 1.33103 1.37573 1.42188 
0.448899 0.448899 0.448922 0.448991 0.449129 0.449358 0.449703 0.450184 0.450826 0.451651 0.452683 0.453943 0.455455 0.457242 0.459327 0.461732 0.464481 0.467595 0.471099 0.475015 0.479366 0.484175 0.489464 0.495257 0.501577 0.508446 0.515887 0.523923 0.532577 0.541872 0.551831 0.562477 0.573832 0.58592 0.598762 0.612384 0.626806 0.642052 0.658145 0.675108 0.692963 0.711734 0.731444 0.752114 0.773769 0.796431 0.820123 0.844868 0.870688 0.897608 0.925648 0.954833 0.985186 1.01673 1.04948 1.08348 1.11873 1.15526 1.1931 1.23226 1.27277 1.31466 1.35795 1.40265 1.4488 
0.476936 0.476936 0.476959 0.477028 0.477166 0.477396 0.47774 0.478222 0.478864 0.479689 0.480721 0.481981 0.483493 0.48528 0.487365 0.48977 0.492519 0.495634 0.499138 0.503054 0.507405 0.512214 0.517503 0.523296 0.529616 0.536485 0.543926 0.551962 0.560617 0.569912 0.579871 0.590516 0.601872 0.613959 0.626802 0.640423 0.654846 0.670092 0.686185 0.703148 0.721003 0.739774 0.759484 0.780155 0.80181 0.824472 0.848164 0.872908 0.898729 0.925648 0.953689 0.982874 1.01323 1.04477 1.07753 1.11152 1.14677 1.1833 1.22114 1.2603 1.30082 1.3427 1.38599 1.43069 1.47684 
0.506117 0.506118 0.506141 0.50621 0.506348 0.506578 0.506922 0.507404 0.508046 0.508871 0.509903 0.511163 0.512675 0.514463 0.516547 0.518953 0.521701 0.524816 0.52832 0.532237 0.536588 0.541397 0.546686 0.552479 0.558799 0.565668 0.573109 0.581146 0.5898 0.599095 0.609054 0.6197 0.631055 0.643143 0.655986 0.669607 0.68403 0.699276 0.715369 0.732332 0.750188 0.768959 0.788668 0.809339 0.830994 0.853656 0.877349 0.902093 0.927914 0.954833 0.982874 1.01206 1.04241 1.07395 1.10671 1.1407 1.17595 1.21249 1.25032 1.28949 1.33 1.37189 1.41517 1.45988 1.50602 
0.536466 0.536466 0.536489 0.536559 0.536697 0.536926 0.537271 0.537753 0.538395 0.53922 0.540252 0.541512 0.543025 0.544812 0.546897 0.549302 0.552051 0.555166 0.55867 0.562587 0.566938 0.571747 0.577037 0.58283 0.58915 0.596019 0.60346 0.611497 0.620151 0.629446 0.639405 0.650051 0.661407 0.673494 0.686337 0.699959 0.714381 0.729628 0.745721 0.762684 0.780539 0.799311 0.81902 0.839691 0.861346 0.884009 0.907701 0.932446 0.958267 0.985186 1.01323 1.04241 1.07276 1.10431 1.13706 1.17106 1.20631 1.24284 1.28068 1.31984 1.36036 1.40224 1.44553 1.49023 1.53638 
0.568005 0.568005 0.568028 0.568097 0.568235 0.568465 0.56881 0.569292 0.569934 0.570759 0.571791 0.573052 0.574564 0.576352 0.578437 0.580842 0.583591 0.586706 0.590211 0.594127 0.598478 0.603287 0.608577 0.61437 0.62069 0.627559 0.635001 0.643037 0.651692 0.660987 0.670947 0.681592 0.692948 0.705036 0.717879 0.7315 0.745923 0.761169 0.777263 0.794226 0.812081 0.830853 0.850562 0.871233 0.892889 0.915551 0.939243 0.963988 0.989809 1.01673 1.04477 1.07395 1.10431 1.13585 1.16861 1.2026 1.23785 1.27438 1.31222 1.35138 1.3919 1.43379 1.47707 1.52178 1.56792 
0.600756 0.600756 0.60078 0.600849 0.600987 0.601217 0.601561 0.602043 0.602686 0.603512 0.604543 0.605804 0.607317 0.609104 0.611189 0.613595 0.616344 0.619459 0.622964 0.62688 0.631232 0.636041 0.641331 0.647124 0.653444 0.660313 0.667755 0.675791 0.684446 0.693742 0.703701 0.714347 0.725702 0.73779 0.750633 0.764255 0.778677 0.793924 0.810017 0.826981 0.844836 0.863608 0.883318 0.903989 0.925644 0.948306 0.971999 0.996744 1.02256 1.04948 1.07753 1.10671 1.13706 1.16861 1.20136 1.23535 1.27061 1.30714 1.34498 1.38414 1.42466 1.46654 1.50983 1.55453 1.60068 
0.634743 0.634744 0.634767 0.634836 0.634974 0.635204 0.635549 0.636031 0.636674 0.6375 0.638532 0.639792 0.641305 0.643093 0.645178 0.647584 0.650333 0.653448 0.656953 0.660869 0.665221 0.67003 0.67532 0.681114 0.687434 0.694303 0.701745 0.709781 0.718436 0.727732 0.737691 0.748337 0.759693 0.771781 0.784624 0.798245 0.812668 0.827915 0.844008 0.860971 0.878827 0.897599 0.917309 0.93798 0.959635 0.982298 1.00599 1.03074 1.05656 1.08348 1.11152 1.1407 1.17106 1.2026 1.23535 1.26935 1.3046 1.34113 1.37897 1.41813 1.45865 1.50054 1.54382 1.58852 1.63467 
0.669989 0.669989 0.670013 0.670082 0.67022 0.670451 0.670795 0.671278 0.67192 0.672746 0.673778 0.675039 0.676552 0.67834 0.680425 0.682831 0.68558 0.688696 0.692201 0.696117 0.700469 0.705278 0.710568 0.716362 0.722682 0.729552 0.736993 0.74503 0.753685 0.762981 0.77294 0.783586 0.794942 0.80703 0.819873 0.833495 0.847918 0.863164 0.879258 0.896221 0.914077 0.932849 0.952559 0.97323 0.994885 1.01755 1.04124 1.06599 1.09181 1.11873 1.14677 1.17595 1.20631 1.23785 1.27061 1.3046 1.33985 1.37638 1.41422 1.45338 1.4939 1.53579 1.57907 1.62378 1.66992 
0.706516 0.706517 0.70654 0.706609 0.706748 0.706978 0.707323 0.707806 0.708448 0.709275 0.710307 0.711568 0.713081 0.714869 0.716954 0.71936 0.72211 0.725225 0.72873 0.732647 0.736999 0.741808 0.747098 0.752892 0.759212 0.766082 0.773524 0.781561 0.790215 0.799511 0.809471 0.820117 0.831473 0.843561 0.856404 0.870026 0.884449 0.899696 0.915789 0.932753 0.950609 0.96938 0.98909 1.00976 1.03142 1.05408 1.07777 1.10252 1.12834 1.15526 1.1833 1.21249 1.24284 1.27438 1.30714 1.34113 1.37638 1.41291 1.45075 1.48992 1.53043 1.57232 1.61561 1.66031 1.70646 
0.744348 0.744348 0.744372 0.744441 0.74458 0.74481 0.745155 0.745638 0.746281 0.747107 0.74814 0.749401 0.750914 0.752702 0.754788 0.757194 0.759944 0.763059 0.766564 0.770481 0.774833 0.779643 0.784933 0.790727 0.797047 0.803917 0.811359 0.819396 0.828051 0.837346 0.847306 0.857952 0.869308 0.881396 0.89424 0.907862 0.922285 0.937532 0.953625 0.970589 0.988445 1.00722 1.02693 1.0476 1.06925 1.09192 1.11561 1.14035 1.16618 1.1931 1.22114 1.25032 1.28068 1.31222 1.34498 1.37897 1.41422 1.45075 1.48859 1.52775 1.56827 1.61016 1.65344 1.69815 1.74429 
0.783506 0.783507 0.78353 0.7836 0.783739 0.78397 0.784315 0.784798 0.785441 0.786268 0.7873 0.788562 0.790075 0.791863 0.793949 0.796355 0.799105 0.802221 0.805726 0.809643 0.813995 0.818805 0.824095 0.829889 0.836209 0.843079 0.850521 0.858558 0.867213 0.876509 0.886469 0.897115 0.908471 0.92056 0.933403 0.947025 0.961448 0.976695 0.992789 1.00975 1.02761 1.04638 1.06609 1.08676 1.10842 1.13108 1.15477 1.17952 1.20534 1.23226 1.2603 1.28949 1.31984 1.35138 1.38414 1.41813 1.45338 1.48992 1.52775 1.56692 1.60743 1.64932 1.69261 1.73731 1.78346 
0.824015 0.824015 0.824039 0.824109 0.824248 0.824479 0.824825 0.825308 0.825951 0.826778 0.827811 0.829073 0.830586 0.832375 0.83446 0.836867 0.839617 0.842733 0.846238 0.850155 0.854507 0.859317 0.864607 0.870402 0.876722 0.883592 0.891034 0.899071 0.907726 0.917022 0.926982 0.937629 0.948985 0.961073 0.973917 0.987539 1.00196 1.01721 1.0333 1.05027 1.06812 1.08689 1.1066 1.12728 1.14893 1.17159 1.19529 1.22003 1.24585 1.27277 1.30082 1.33 1.36036 1.3919 1.42466 1.45865 1.4939 1.53043 1.56827 1.60743 1.64795 1.68984 1.73312 1.77783 1.82397 
0.865896 0.865896 0.865921 0.865991 0.86613 0.866362 0.866708 0.867191 0.867835 0.868662 0.869695 0.870957 0.872471 0.874259 0.876345 0.878752 0.881502 0.884618 0.888123 0.89204 0.896393 0.901203 0.906493 0.912287 0.918608 0.925478 0.93292 0.940957 0.949613 0.958909 0.968869 0.979515 0.990871 1.00296 1.0158 1.02943 1.04385 1.0591 1.07519 1.09215 1.11001 1.12878 1.14849 1.16916 1.19082 1.21348 1.23718 1.26192 1.28774 1.31466 1.3427 1.37189 1.40224 1.43379 1.46654 1.50054 1.53579 1.57232 1.61016 1.64932 1.68984 1.73173 1.77501 1.81972 1.86586 
0.909173 0.909173 0.909198 0.909269 0.909408 0.90964 0.909986 0.91047 0.911114 0.911941 0.912975 0.914237 0.915751 0.91754 0.919626 0.922033 0.924783 0.927899 0.931404 0.935322 0.939674 0.944484 0.949775 0.955569 0.96189 0.96876 0.976202 0.98424 0.992895 1.00219 1.01215 1.0228 1.03415 1.04624 1.05909 1.07271 1.08713 1.10238 1.11847 1.13544 1.15329 1.17207 1.19178 1.21245 1.2341 1.25677 1.28046 1.30521 1.33103 1.35795 1.38599 1.41517 1.44553 1.47707 1.50983 1.54382 1.57907 1.61561 1.65344 1.69261 1.73312 1.77501 1.8183 1.863 1.90915 
0.953867 0.953868 0.953893 0.953965 0.954105 0.954338 0.954684 0.955168 0.955813 0.95664 0.957674 0.958936 0.96045 0.962239 0.964326 0.966733 0.969483 0.972599 0.976105 0.980022 0.984375 0.989185 0.994476 1.00027 1.00659 1.01346 1.0209 1.02894 1.0376 1.04689 1.05685 1.0675 1.07886 1.09094 1.10379 1.11741 1.13183 1.14708 1.16318 1.18014 1.198 1.21677 1.23648 1.25715 1.27881 1.30147 1.32516 1.34991 1.37573 1.40265 1.43069 1.45988 1.49023 1.52178 1.55453 1.58852 1.62378 1.66031 1.69815 1.73731 1.77783 1.81972 1.863 1.90771 1.95385 
1 1 1.00003 1.0001 1.00024 1.00048 1.00082 1.00131 1.00195 1.00278 1.00381 1.00508 1.00659 1.00838 1.01047 1.01287 1.01562 1.01874 1.02225 1.02617 1.03052 1.03533 1.04062 1.04641 1.05273 1.0596 1.06705 1.07508 1.08374 1.09304 1.103 1.11364 1.125 1.13709 1.14993 1.16356 1.17798 1.19323 1.20932 1.22628 1.24414 1.26291 1.28262 1.3033 1.32495 1.34761 1.37131 1.39605 1.42188 1.4488 1.47684 1.50602 1.53638 1.56792 1.60068 1.63467 1.66992 1.70646 1.74429 1.78346 1.82397 1.86586 1.90915 1.95385 2 
