0 0 0 0 0 0 0 0 0 0 0 0 0 0 0 0 0 0 0 0 0 0 0 0 0 0 0 0 0 0 0 0 0 0 0 0 0 0 0 0 0 0 0 0 0 0 0 0 0 0 0 0 0 0 0 0 0 0 0 0 0 0 0 0 0 
0 0 0 0 0 0 0 0 0 0 0 0 0 0 0 0 0 0 0 0 0 0 0 0 0 0.000187949 0.000181283 0.000152596 0.000130073 0.000114355 0.000102927 9.39475e-05 8.63843e-05 7.97074e-05 7.36523e-05 6.80858e-05 6.29373e-05 5.81645e-05 5.37372e-05 4.96304e-05 4.5821e-05 4.22869e-05 3.90067e-05 3.59597e-05 3.31261e-05 3.04874e-05 2.80259e-05 2.57252e-05 2.35701e-05 2.15465e-05 1.96414e-05 1.78428e-05 1.61395e-05 1.45213e-05 1.29786e-05 1.15026e-05 1.00851e-05 8.71828e-06 7.39489e-06 6.10803e-06 4.85115e-06 3.61792e-06 2.40227e-06 1.19824e-06 0 
0 0 0 0 0 0 0 0 0 0 0 0 0 0 0 0 0 0 0 0 0 0 0 0 0 0 0.000384587 0.000299029 0.000253341 0.000224419 0.000203406 0.000186478 0.000171882 0.000158793 0.000146816 0.000135754 0.000125499 0.000115983 0.000107154 9.89634e-05 9.13667e-05 8.432e-05 7.77802e-05 7.17059e-05 6.60575e-05 6.07976e-05 5.58909e-05 5.13047e-05 4.70086e-05 4.29745e-05 3.91763e-05 3.55902e-05 3.21939e-05 2.8967e-05 2.58905e-05 2.29468e-05 2.01195e-05 1.73931e-05 1.47532e-05 1.21861e-05 9.67863e-06 7.21828e-06 4.79291e-06 2.39069e-06 0 
0 0 0 0 0 0 0 0 0 0 0 0 0 0 0 0 0 0 0 0 0 0 0 0 0 0 0.000475661 0.000405591 0.000359844 0.000326574 0.000299801 0.000276678 0.000255873 0.000236767 0.000219065 0.000202614 0.000187322 0.000173116 0.000159932 0.000147702 0.000136363 0.000125846 0.000116088 0.000107026 9.86005e-05 9.07544e-05 8.34354e-05 7.65941e-05 7.01852e-05 6.41665e-05 5.84993e-05 5.31478e-05 4.80789e-05 4.32623e-05 3.86696e-05 3.42746e-05 3.00529e-05 2.59815e-05 2.20388e-05 1.82045e-05 1.4459e-05 1.07837e-05 7.1604e-06 3.57162e-06 0 
0 0 0 0 0 0 0 0 0 0 0 0 0 0 0 0 0 0 0 0 0 0 0 0 0 0 0.000523801 0.00048783 0.00045387 0.000422231 0.000392546 0.000364558 0.000338165 0.000313337 0.000290061 0.000268315 0.000248057 0.000229228 0.000211754 0.000195552 0.000180535 0.000166614 0.0001537 0.00014171 0.000130564 0.000120184 0.000110502 0.000101451 9.29715e-05 8.50071e-05 7.75065e-05 7.04227e-05 6.37118e-05 5.73337e-05 5.1251e-05 4.54292e-05 3.9836e-05 3.44411e-05 2.92161e-05 2.4134e-05 1.91692e-05 1.42969e-05 9.49342e-06 4.73538e-06 0 
0 0 0 0 0 0 0 0 0 0 0 0 0 0 0 0 0 0 0 0 0 0 0 0 0 0 0.000574692 0.000568057 0.000545574 0.000515936 0.000483593 0.000450845 0.000418893 0.000388355 0.000359529 0.000332529 0.000307365 0.000283985 0.000262304 0.000242217 0.000223612 0.000206373 0.000190389 0.000175551 0.000161759 0.000148917 0.000136937 0.000125737 0.000115243 0.000105384 9.60972e-05 8.73245e-05 7.90119e-05 7.11096e-05 6.35716e-05 5.63552e-05 4.94208e-05 4.27309e-05 3.62505e-05 2.99464e-05 2.37868e-05 1.77415e-05 1.17809e-05 5.8765e-06 0 
0 0 0 0 0 0 0 0 0 0 0 0 0 0 0 0 0 0 0 0 0 0 0 0 0 0 0.000658207 0.000664131 0.000644433 0.000612348 0.000575044 0.000536335 0.000498206 0.000461662 0.00042717 0.000394906 0.000364887 0.000337044 0.00031126 0.000287401 0.000265322 0.000244878 0.00022593 0.000208347 0.000192005 0.000176789 0.000162592 0.000149318 0.000136878 0.000125188 0.000114174 0.000103766 9.39016e-05 8.45211e-05 7.55705e-05 6.69994e-05 5.87609e-05 5.08111e-05 4.31086e-05 3.56141e-05 2.82903e-05 2.11013e-05 1.40123e-05 6.98968e-06 0 
0 0 0 0 0 0 0 0 0 0 0 0 0 0 0 0 0 0 0 0 0 0 0 0 0 0 0.000791163 0.000785828 0.000755678 0.000713977 0.000667903 0.000621243 0.000575935 0.000532917 0.000492582 0.000455038 0.000420234 0.000388042 0.000358293 0.000330805 0.000305396 0.000281886 0.000260108 0.000239902 0.000221124 0.00020364 0.000187325 0.000172066 0.000157762 0.000144317 0.000131644 0.000119665 0.000108307 9.75027e-05 8.71898e-05 7.7311e-05 6.78125e-05 5.86441e-05 4.97586e-05 4.11111e-05 3.26589e-05 2.43609e-05 1.61775e-05 8.06987e-06 0 
0 0 0 0 0 0 0 0 0 0 0 0 0 0 0 0 0 0 0 0 0 0 0 0 0 0 0.000972668 0.00093234 0.000878475 0.000819979 0.000761346 0.000704799 0.000651376 0.000601486 0.000555205 0.00051243 0.00047297 0.000436596 0.000403063 0.000372131 0.00034357 0.000317164 0.000292711 0.00027003 0.000248951 0.000229321 0.000211 0.000193861 0.000177787 0.000162672 0.000148421 0.000134944 0.000122159 0.000109993 9.83752e-05 8.72421e-05 7.65338e-05 6.61943e-05 5.61706e-05 4.64129e-05 3.68733e-05 2.75061e-05 1.82668e-05 9.11232e-06 0 
0 0 0 0 0 0 0 0 0 0 0 0 0 0 0 0 0 0 0 0 0 0 0 0 0 0 0.00118495 0.00109239 0.0010059 0.000926117 0.000852704 0.000785232 0.000723283 0.000666448 0.000614321 0.000566506 0.000522622 0.000482309 0.000445233 0.000411087 0.00037959 0.000350486 0.000323545 0.000298555 0.000275329 0.000253693 0.000233494 0.000214589 0.000196852 0.000180165 0.000164423 0.000149529 0.000135393 0.000121934 0.000109076 9.67485e-05 8.48865e-05 7.34285e-05 6.23167e-05 5.14964e-05 4.09153e-05 3.05232e-05 2.02714e-05 1.01126e-05 0 
0 0 0 0 0 0 0 0 0 0 0 0 0 0 0 0 0 0 0 0 0 0 0 0 0 0 0.00139654 0.00124637 0.00112663 0.00102588 0.000938121 0.000860142 0.000790077 0.000726701 0.000669125 0.000616651 0.000568701 0.000524784 0.000484473 0.000447394 0.000413216 0.000381647 0.000352425 0.000325318 0.000300115 0.00027663 0.000254693 0.000234151 0.000214867 0.000196714 0.000179578 0.000163356 0.00014795 0.000133274 0.000119246 0.00010579 9.28352e-05 8.03165e-05 6.81714e-05 5.63408e-05 4.47684e-05 3.34e-05 2.21831e-05 1.10666e-05 0 
0 0 0 0 0 0 0 0 0 0 0 0 0 0 0 0 0 0 0 0 0 0 0 0 0 0 0.0015599 0.00136991 0.00122837 0.00111266 0.00101375 0.000927139 0.000850181 0.000781154 0.000718828 0.000662272 0.000610749 0.000563654 0.000520481 0.000480799 0.000444234 0.000410461 0.000379192 0.000350175 0.000323184 0.000298018 0.000274496 0.000252455 0.000231749 0.000212245 0.00019382 0.000176365 0.000159779 0.000143967 0.000128844 0.000114329 0.000100348 8.6831e-05 7.37115e-05 6.0927e-05 4.84175e-05 3.61252e-05 2.39945e-05 1.19706e-05 0 
0 0 0 0 0 0 0 0 0 0 0 0 0 0 0 0 0 0 0 0 0 0 0 0 0 0.00174672 0.00160316 0.00144502 0.00130426 0.00118265 0.0010771 0.000984477 0.000902354 0.000828906 0.000762761 0.000702861 0.000648367 0.000598601 0.000552998 0.000511087 0.00047246 0.000436769 0.000403707 0.000373007 0.000344429 0.000317763 0.000292818 0.000269425 0.000247431 0.000226695 0.000207093 0.000188507 0.000170832 0.000153971 0.000137833 0.000122334 0.000107397 9.29478e-05 7.89168e-05 6.52382e-05 5.18492e-05 3.8689e-05 2.56989e-05 1.28214e-05 0 
0 0 0 0 0 0 0 0 0 0 0 0 0 0 0 0 0 0 0 0 0 0 0 0 0 0.00182593 0.00166101 0.00150276 0.00136099 0.00123658 0.00112751 0.00103132 0.000945851 0.000869355 0.00080045 0.000738043 0.000681259 0.000629383 0.000581825 0.000538089 0.000497751 0.000460448 0.000425862 0.000393715 0.000363762 0.000335785 0.000309588 0.000284997 0.000261853 0.000240014 0.000219348 0.000199737 0.000181072 0.000163251 0.000146182 0.000129779 0.000113959 9.86462e-05 8.37695e-05 6.926e-05 5.50521e-05 4.10828e-05 2.72907e-05 1.36161e-05 0 
0 0 0 0 0 0 0 0 0 0 0 0 0 0 0 0 0 0 0 0 0 0 0 0 0 0.0019229 0.0017122 0.00154402 0.00140037 0.00127516 0.00116503 0.00106744 0.000980377 0.000902213 0.000831641 0.000767603 0.000709242 0.000655848 0.000606831 0.000561693 0.000520008 0.00048141 0.000445577 0.00041223 0.00038112 0.000352027 0.000324753 0.000299121 0.000274971 0.000252158 0.000230548 0.000210022 0.000190467 0.00017178 0.000153867 0.000136639 0.000120012 0.000103909 8.8255e-05 7.298e-05 5.80165e-05 4.32993e-05 2.87651e-05 1.43524e-05 0 
0 0 0 0 0 0 0 0 0 0 0 0 0 0 0 0 0 0 0 0 0 0 0 0 0.00210095 0.00190522 0.00172088 0.00156073 0.00142129 0.00129869 0.00119001 0.00109304 0.001006 0.00092748 0.000856296 0.000791488 0.000732257 0.000677935 0.000627958 0.000581844 0.000539179 0.000499605 0.000462806 0.000428507 0.000396461 0.000366449 0.000338276 0.000311764 0.000286753 0.000263098 0.000240666 0.000219335 0.000198993 0.000179536 0.000160867 0.000142898 0.000125543 0.000108722 9.23616e-05 7.63887e-05 6.07345e-05 4.53326e-05 3.01182e-05 1.50282e-05 0 
0 0 0 0 0 0 0 0 0 0 0 0 0 0 0 0 0 0 0 0 0 0 0 0 0.00208134 0.00187615 0.00170538 0.00155675 0.00142538 0.00130828 0.00120328 0.00110869 0.00102312 0.000945407 0.000874574 0.000809794 0.000750363 0.000695678 0.000645221 0.000598545 0.00055526 0.000515025 0.000477537 0.00044253 0.000409767 0.000379033 0.000350137 0.000322905 0.000297179 0.000272816 0.000249683 0.000227659 0.000206634 0.000186502 0.000167169 0.000148542 0.000130538 0.000113076 9.60806e-05 7.94786e-05 6.32003e-05 4.71784e-05 3.1347e-05 1.5642e-05 0 
0 0 0 0 0 0 0 0 0 0 0 0 0 0 0 0 0 0 0 0 0 0 0 0.00212939 0.00196977 0.00181268 0.00166773 0.0015355 0.0014152 0.00130577 0.00120615 0.00111533 0.00103238 0.000956454 0.0008868 0.000822753 0.000763723 0.000709192 0.000658704 0.000611856 0.000568292 0.000527696 0.000489786 0.000454311 0.000421043 0.000389779 0.000360334 0.00033254 0.000306243 0.000281302 0.00025759 0.000234986 0.000213381 0.000192672 0.000172763 0.000153564 0.000134991 0.000116964 9.94059e-05 8.22447e-05 6.54098e-05 4.88335e-05 3.24495e-05 1.6193e-05 0 
0 0 0 0 0 0 0 0 0 0 0 0 0 0 0 0 0 0 0 0 0 0 0.00201311 0.00195861 0.00185568 0.00173707 0.00161735 0.00150232 0.00139414 0.00129345 0.00120023 0.00111411 0.00103461 0.000961226 0.00089342 0.000830694 0.000772584 0.000718664 0.000668547 0.000621882 0.000578356 0.000537681 0.000499602 0.000463884 0.000430316 0.000398707 0.000368881 0.000340677 0.000313949 0.000288561 0.000264388 0.000241314 0.000219232 0.000198041 0.000177646 0.00015796 0.000138898 0.000120382 0.000102335 8.46844e-05 6.73609e-05 5.02963e-05 3.34244e-05 1.66804e-05 0 
0 0 0 0 0 0 0 0 0 0 0 0 0 0 0 0 0 0 0 0 0 0.00189383 0.00188486 0.00183624 0.00175728 0.00166256 0.00156229 0.00146228 0.00136558 0.00127368 0.00118719 0.00110625 0.00103074 0.000960419 0.000894958 0.000834019 0.000777255 0.000724332 0.000674936 0.000628772 0.000585567 0.000545072 0.000507055 0.000471306 0.000437631 0.000405852 0.000375805 0.000347339 0.000320316 0.000294605 0.000270087 0.000246651 0.000224192 0.000202613 0.000181822 0.000161731 0.00014226 0.00012333 0.000104867 8.67973e-05 6.9053e-05 5.15664e-05 3.42716e-05 1.71041e-05 0 
0 0 0 0 0 0 0 0 0 0 0 0 0 0 0 0 0 0 0 0 0.00184611 0.00182854 0.00179626 0.00174422 0.00167464 0.00159361 0.00150696 0.00141893 0.00133224 0.0012485 0.0011686 0.00109296 0.00102169 0.000954747 0.000891976 0.000833168 0.000778084 0.000726475 0.000678094 0.000632701 0.000590069 0.000549983 0.00051224 0.000476654 0.00044305 0.000411264 0.000381148 0.00035256 0.00032537 0.000299456 0.000274705 0.00025101 0.000228273 0.000206397 0.000185296 0.000164884 0.000145082 0.000125813 0.000107004 8.85853e-05 7.04875e-05 5.26445e-05 3.49914e-05 1.74643e-05 0 
0 0 0 0 0 0 0 0 0 0 0 0 0 0 0 0 0 0 0 0.00189383 0.00182854 0.00177798 0.00172741 0.00166975 0.00160346 0.00153029 0.00145302 0.00137423 0.00129593 0.00121948 0.00114577 0.00107529 0.00100831 0.000944902 0.000885032 0.000828594 0.000775437 0.000725389 0.000678263 0.000633871 0.000592027 0.00055255 0.00051527 0.000480021 0.000446649 0.000415008 0.000384962 0.000356382 0.000329147 0.000303144 0.000278266 0.000254413 0.00023149 0.000209408 0.00018808 0.000167426 0.000147369 0.000127835 0.000108752 9.00519e-05 7.16671e-05 5.35329e-05 3.55853e-05 1.77618e-05 0 
0 0 0 0 0 0 0 0 0 0 0 0 0 0 0 0 0 0 0.00201311 0.00188486 0.00179626 0.00172741 0.00166565 0.0016039 0.00153915 0.00147106 0.00140058 0.00132906 0.00125777 0.00118773 0.00111969 0.00105413 0.000991359 0.00093152 0.000874656 0.000820737 0.000769683 0.000721381 0.000675698 0.000632492 0.000591616 0.000552922 0.000516267 0.00048151 0.000448517 0.000417158 0.00038731 0.000358859 0.000331692 0.000305707 0.000280803 0.000256886 0.000233868 0.000211663 0.00019019 0.000169372 0.000149135 0.000129406 0.000110118 9.12029e-05 7.25962e-05 5.42345e-05 3.60553e-05 1.79974e-05 0 
0 0 0 0 0 0 0 0 0 0 0 0 0 0 0 0 0 0.00212939 0.00195861 0.00183624 0.00174422 0.00166975 0.0016039 0.00154104 0.00147818 0.00141422 0.00134919 0.00128365 0.00121835 0.00115399 0.00109112 0.00103019 0.000971475 0.000915161 0.000861335 0.000810016 0.000761177 0.000714753 0.000670656 0.000628783 0.000589022 0.000551256 0.000515367 0.000481237 0.00044875 0.000417795 0.000388263 0.000360051 0.000333057 0.000307188 0.000282352 0.000258461 0.000235432 0.000213186 0.000191646 0.000170738 0.000150391 0.000130537 0.00011111 9.20456e-05 7.32805e-05 5.47534e-05 3.6404e-05 1.81726e-05 0 
0 0 0 0 0 0 0 0 0 0 0 0 0 0 0 0.00210095 0.00208134 0.00196977 0.00185568 0.00175728 0.00167464 0.00160346 0.00153915 0.00147818 0.00141832 0.00135846 0.0012983 0.00123801 0.00117801 0.00111874 0.00106063 0.00100402 0.000949191 0.000896315 0.000845506 0.000796817 0.000750256 0.000705798 0.000663389 0.000622962 0.000584433 0.000547713 0.000512708 0.00047932 0.000447452 0.000417009 0.000387897 0.000360023 0.000333298 0.000307636 0.000282955 0.000259173 0.000236214 0.000214003 0.000192469 0.000171542 0.000151154 0.000131241 0.00011174 9.25887e-05 7.37266e-05 5.50947e-05 3.66347e-05 1.82889e-05 0 
0 0.000187949 0 0 0 0 0 0 0 0 0 0 0.00174672 0.00182593 0.0019229 0.00190522 0.00187615 0.00181268 0.00173707 0.00166256 0.00159361 0.00153029 0.00147106 0.00141422 0.00135846 0.00130299 0.00124753 0.0011921 0.00113693 0.00108233 0.00102862 0.000976084 0.000924952 0.000875402 0.000827556 0.000781489 0.000737233 0.000694792 0.000654143 0.000615243 0.000578036 0.000542456 0.000508431 0.000475882 0.00044473 0.000414893 0.000386292 0.000358846 0.000332476 0.000307105 0.000282658 0.000259063 0.000236248 0.000214144 0.000192685 0.000171806 0.000151442 0.000131534 0.00011202 9.28424e-05 7.39426e-05 5.52642e-05 3.67512e-05 1.83482e-05 0 
0 0.000181283 0.000384587 0.000475661 0.000523801 0.000574692 0.000658207 0.000791163 0.000972668 0.00118495 0.00139654 0.0015599 0.00160316 0.00166101 0.0017122 0.00172088 0.00170538 0.00166773 0.00161735 0.00156229 0.00150696 0.00145302 0.00140058 0.00134919 0.0012983 0.00124753 0.00119672 0.00114592 0.00109528 0.00104504 0.000995444 0.00094674 0.000899131 0.000852786 0.000807829 0.000764348 0.000722395 0.000681995 0.000643146 0.00060583 0.000570011 0.000535645 0.000502677 0.000471047 0.000440691 0.000411542 0.000383532 0.000356592 0.000330654 0.000305649 0.000281511 0.000258173 0.00023557 0.000213641 0.000192322 0.000171553 0.000151276 0.000131432 0.000111965 9.28179e-05 7.39372e-05 5.52683e-05 3.67578e-05 1.83526e-05 0 
0 0.000152596 0.000299029 0.000405591 0.00048783 0.000568057 0.000664131 0.000785828 0.00093234 0.00109239 0.00124637 0.00136991 0.00144502 0.00150276 0.00154402 0.00156073 0.00155675 0.0015355 0.00150232 0.00146228 0.00141893 0.00137423 0.00132906 0.00128365 0.00123801 0.0011921 0.00114592 0.00109957 0.00105323 0.00100709 0.000961378 0.0009163 0.000872048 0.000828781 0.000786626 0.000745679 0.000706006 0.000667646 0.000630618 0.000594919 0.000560535 0.000527436 0.000495585 0.000464939 0.000435445 0.000407052 0.000379702 0.000353337 0.000327899 0.000303327 0.000279562 0.000256546 0.00023422 0.000212526 0.000191408 0.00017081 0.000150676 0.000130954 0.000111588 9.25275e-05 7.372e-05 5.51141e-05 3.66591e-05 1.83045e-05 0 
0 0.000130073 0.000253341 0.000359844 0.00045387 0.000545574 0.000644433 0.000755678 0.000878475 0.0010059 0.00112663 0.00122837 0.00130426 0.00136099 0.00140037 0.00142129 0.00142538 0.0014152 0.00139414 0.00136558 0.00133224 0.00129593 0.00125777 0.00121835 0.00117801 0.00113693 0.00109528 0.00105323 0.00101098 0.000968723 0.000926676 0.000885035 0.000843979 0.000803663 0.000764215 0.000725736 0.000688303 0.000651966 0.000616759 0.000582694 0.000549772 0.000517978 0.00048729 0.000457676 0.0004291 0.000401519 0.000374887 0.000349156 0.000324277 0.000300197 0.000276866 0.00025423 0.000232237 0.000210836 0.000189975 0.000169602 0.000149666 0.000130118 0.000110907 9.19841e-05 7.3301e-05 5.4809e-05 3.646e-05 1.82062e-05 0 
0 0.000114355 0.000224419 0.000326574 0.000422231 0.000515936 0.000612348 0.000713977 0.000819979 0.000926117 0.00102588 0.00111266 0.00118265 0.00123658 0.00127516 0.00129869 0.00130828 0.00130577 0.00129345 0.00127368 0.0012485 0.00121948 0.00118773 0.00115399 0.00111874 0.00108233 0.00104504 0.00100709 0.000968723 0.000930146 0.000891569 0.000853186 0.000815171 0.000777677 0.000740834 0.000704748 0.000669502 0.000635157 0.000601757 0.000569328 0.000537881 0.000507415 0.00047792 0.000449377 0.000421759 0.000395036 0.00036917 0.000344124 0.000319855 0.00029632 0.000273473 0.00025127 0.000229663 0.000208607 0.000188053 0.000167956 0.000148268 0.000128944 0.000109937 9.12012e-05 7.2691e-05 5.43609e-05 3.61657e-05 1.80604e-05 0 
0 0.000102927 0.000203406 0.000299801 0.000392546 0.000483593 0.000575044 0.000667903 0.000761346 0.000852704 0.000938121 0.00101375 0.0010771 0.00112751 0.00116503 0.00119001 0.00120328 0.00120615 0.00120023 0.00118719 0.0011686 0.00114577 0.00111969 0.00109112 0.00106063 0.00102862 0.000995444 0.000961378 0.000926676 0.000891569 0.000856269 0.000820968 0.000785841 0.00075104 0.000716697 0.000682921 0.0006498 0.000617404 0.000585785 0.000554979 0.000525008 0.000495881 0.000467599 0.000440152 0.000413525 0.000387695 0.000362635 0.000338315 0.000314699 0.000291753 0.000269438 0.000247714 0.000226539 0.000205874 0.000185675 0.0001659 0.000146507 0.000127453 0.000108696 9.01928e-05 7.19008e-05 5.37779e-05 3.57816e-05 1.78697e-05 0 
0 9.39475e-05 0.000186478 0.000276678 0.000364558 0.000450845 0.000536335 0.000621243 0.000704799 0.000785232 0.000860142 0.000927139 0.000984477 0.00103132 0.00106744 0.00109304 0.00110869 0.00111533 0.00111411 0.00110625 0.00109296 0.00107529 0.00105413 0.00103019 0.00100402 0.000976084 0.00094674 0.0009163 0.000885035 0.000853186 0.000820968 0.000788576 0.000756185 0.000723946 0.000691993 0.000660437 0.000629372 0.000598874 0.000569 0.000539795 0.00051129 0.000483502 0.000456442 0.000430108 0.000404493 0.000379583 0.00035536 0.0003318 0.000308875 0.000286556 0.000264812 0.000243607 0.000222907 0.000202674 0.000182873 0.000163463 0.000144407 0.000125666 0.000107201 8.89729e-05 7.09416e-05 5.30682e-05 3.5313e-05 1.76368e-05 0 
0 8.63843e-05 0.000171882 0.000255873 0.000338165 0.000418893 0.000498206 0.000575935 0.000651376 0.000723283 0.000790077 0.000850181 0.000902354 0.000945851 0.000980377 0.001006 0.00102312 0.00103238 0.00103461 0.00103074 0.00102169 0.00100831 0.000991359 0.000971475 0.000949191 0.000924952 0.000899131 0.000872048 0.000843979 0.000815171 0.000785841 0.000756185 0.000726376 0.000696567 0.000666891 0.000637463 0.000608379 0.000579719 0.000551546 0.000523912 0.000496854 0.000470397 0.000444558 0.000419344 0.000394756 0.000370786 0.000347422 0.000324649 0.000302444 0.000280785 0.000259646 0.000238996 0.000218806 0.000199045 0.000179678 0.000160672 0.000141992 0.000123603 0.00010547 8.75558e-05 6.98247e-05 5.22401e-05 3.47656e-05 1.73644e-05 0 
0 7.97074e-05 0.000158793 0.000236767 0.000313337 0.000388355 0.000461662 0.000532917 0.000601486 0.000666448 0.000726701 0.000781154 0.000828906 0.000869355 0.000902213 0.00092748 0.000945407 0.000956454 0.000961226 0.000960419 0.000954747 0.000944902 0.00093152 0.000915161 0.000896315 0.000875402 0.000852786 0.000828781 0.000803663 0.000777677 0.00075104 0.000723946 0.000696567 0.000669054 0.000641542 0.000614145 0.000586962 0.000560075 0.000533554 0.000507454 0.000481816 0.000456674 0.000432049 0.000407956 0.0003844 0.000361382 0.000338895 0.000316929 0.000295468 0.000274495 0.000253989 0.000233925 0.000214278 0.00019502 0.000176122 0.000157555 0.000139286 0.000121285 0.000103519 8.59558e-05 6.85611e-05 5.1302e-05 3.41447e-05 1.70554e-05 0 
0 7.36523e-05 0.000146816 0.000219065 0.000290061 0.000359529 0.00042717 0.000492582 0.000555205 0.000614321 0.000669125 0.000718828 0.000762761 0.00080045 0.000831641 0.000856296 0.000874574 0.0008868 0.00089342 0.000894958 0.000891976 0.000885032 0.000874656 0.000861335 0.000845506 0.000827556 0.000807829 0.000786626 0.000764215 0.000740834 0.000716697 0.000691993 0.000666891 0.000641542 0.000616077 0.000590612 0.000565247 0.000540067 0.000515142 0.000490532 0.000466283 0.000442433 0.000419009 0.00039603 0.000373507 0.000351446 0.000329846 0.000308703 0.000288005 0.000267739 0.00024789 0.000228437 0.00020936 0.000190635 0.000172236 0.000154138 0.000136313 0.000118732 0.000101367 8.41867e-05 6.71621e-05 5.02621e-05 3.34559e-05 1.67123e-05 0 
0 6.80858e-05 0.000135754 0.000202614 0.000268315 0.000332529 0.000394906 0.000455038 0.00051243 0.000566506 0.000616651 0.000662272 0.000702861 0.000738043 0.000767603 0.000791488 0.000809794 0.000822753 0.000830694 0.000834019 0.000833168 0.000828594 0.000820737 0.000810016 0.000796817 0.000781489 0.000764348 0.000745679 0.000725736 0.000704748 0.000682921 0.000660437 0.000637463 0.000614145 0.000590612 0.00056698 0.000543349 0.000519802 0.000496415 0.000473248 0.000450352 0.000427767 0.000405524 0.000383647 0.000362152 0.000341049 0.000320342 0.00030003 0.000280108 0.000260567 0.000241394 0.000222575 0.000204091 0.000185923 0.00016805 0.000150449 0.000133095 0.000115963 9.90282e-05 8.22623e-05 6.56383e-05 4.91285e-05 3.27045e-05 1.63379e-05 0 
0 6.29373e-05 0.000125499 0.000187322 0.000248057 0.000307365 0.000364887 0.000420234 0.00047297 0.000522622 0.000568701 0.000610749 0.000648367 0.000681259 0.000709242 0.000732257 0.000750363 0.000763723 0.000772584 0.000777255 0.000778084 0.000775437 0.000769683 0.000761177 0.000750256 0.000737233 0.000722395 0.000706006 0.000688303 0.000669502 0.0006498 0.000629372 0.000608379 0.000586962 0.000565247 0.000543349 0.000521364 0.000499379 0.000477468 0.000455694 0.00043411 0.000412758 0.000391673 0.000370882 0.000350406 0.000330257 0.000310443 0.000290969 0.000271831 0.000253026 0.000234545 0.000216376 0.000198505 0.000180917 0.000163592 0.000146512 0.000129655 0.000112999 9.65204e-05 8.01959e-05 6.40005e-05 4.7909e-05 3.18957e-05 1.59348e-05 0 
0 5.81645e-05 0.000115983 0.000173116 0.000229228 0.000283985 0.000337044 0.000388042 0.000436596 0.000482309 0.000524784 0.000563654 0.000598601 0.000629383 0.000655848 0.000677935 0.000695678 0.000709192 0.000718664 0.000724332 0.000726475 0.000725389 0.000721381 0.000714753 0.000705798 0.000694792 0.000681995 0.000667646 0.000651966 0.000635157 0.000617404 0.000598874 0.000579719 0.000560075 0.000540067 0.000519802 0.000499379 0.000478882 0.000458385 0.000437951 0.000417635 0.000397482 0.000377528 0.000357804 0.000338332 0.000319128 0.000300205 0.000281569 0.000263222 0.000245162 0.000227383 0.000209879 0.000192637 0.000175646 0.00015889 0.000142351 0.000126013 0.000109856 9.38589e-05 7.80005e-05 6.22589e-05 4.66113e-05 3.10346e-05 1.55054e-05 0 
0 5.37372e-05 0.000107154 0.000159932 0.000211754 0.000262304 0.00031126 0.000358293 0.000403063 0.000445233 0.000484473 0.000520481 0.000552998 0.000581825 0.000606831 0.000627958 0.000645221 0.000658704 0.000668547 0.000674936 0.000678094 0.000678263 0.000675698 0.000670656 0.000663389 0.000654143 0.000643146 0.000630618 0.000616759 0.000601757 0.000585785 0.000569 0.000551546 0.000533554 0.000515142 0.000496415 0.000477468 0.000458385 0.000439237 0.00042009 0.000400997 0.000382006 0.000363154 0.000344473 0.000325988 0.00030772 0.000289681 0.000271881 0.000254326 0.000237015 0.000219948 0.000203119 0.00018652 0.00017014 0.000153969 0.000137991 0.000122191 0.000106553 9.10585e-05 7.56884e-05 6.04232e-05 4.52427e-05 3.01261e-05 1.50523e-05 0 
0 4.96304e-05 9.89634e-05 0.000147702 0.000195552 0.000242217 0.000287401 0.000330805 0.000372131 0.000411087 0.000447394 0.000480799 0.000511087 0.000538089 0.000561693 0.000581844 0.000598545 0.000611856 0.000621882 0.000628772 0.000632701 0.000633871 0.000632492 0.000628783 0.000622962 0.000615243 0.00060583 0.000594919 0.000582694 0.000569328 0.000554979 0.000539795 0.000523912 0.000507454 0.000490532 0.000473248 0.000455694 0.000437951 0.00042009 0.000402174 0.000384259 0.00036639 0.000348608 0.000330945 0.000313429 0.000296081 0.000278917 0.000261949 0.000245184 0.000228626 0.000212275 0.000196129 0.000180182 0.000164427 0.000148855 0.000133453 0.000118208 0.000103107 8.81336e-05 7.32713e-05 5.85028e-05 4.38101e-05 2.91747e-05 1.45777e-05 0 
0 4.5821e-05 9.13667e-05 0.000136363 0.000180535 0.000223612 0.000265322 0.000305396 0.00034357 0.00037959 0.000413216 0.000444234 0.00047246 0.000497751 0.000520008 0.000539179 0.00055526 0.000568292 0.000578356 0.000585567 0.000590069 0.000592027 0.000591616 0.000589022 0.000584433 0.000578036 0.000570011 0.000560535 0.000549772 0.000537881 0.000525008 0.00051129 0.000496854 0.000481816 0.000466283 0.000450352 0.00043411 0.000417635 0.000400997 0.000384259 0.000367473 0.000350688 0.000333943 0.000317272 0.000300703 0.000284259 0.000267958 0.000251813 0.000235835 0.000220029 0.000204397 0.000188939 0.000173653 0.000158532 0.00014357 0.000128756 0.000114082 9.95331e-05 8.50975e-05 7.07604e-05 5.65066e-05 4.23202e-05 2.81849e-05 1.40839e-05 0 
0 4.22869e-05 8.432e-05 0.000125846 0.000166614 0.000206373 0.000244878 0.000281886 0.000317164 0.000350486 0.000381647 0.000410461 0.000436769 0.000460448 0.00048141 0.000499605 0.000515025 0.000527696 0.000537681 0.000545072 0.000549983 0.00055255 0.000552922 0.000551256 0.000547713 0.000542456 0.000535645 0.000527436 0.000517978 0.000507415 0.000495881 0.000483502 0.000470397 0.000456674 0.000442433 0.000427767 0.000412758 0.000397482 0.000382006 0.00036639 0.000350688 0.000334946 0.000319203 0.000303495 0.000287851 0.000272293 0.000256842 0.000241512 0.000226315 0.000211257 0.000196345 0.000181579 0.000166957 0.000152478 0.000138135 0.000123922 0.000109829 9.58463e-05 8.19629e-05 6.81661e-05 5.44429e-05 4.07793e-05 2.71609e-05 1.35728e-05 0 
0 3.90067e-05 7.77802e-05 0.000116088 0.0001537 0.000190389 0.00022593 0.000260108 0.000292711 0.000323545 0.000352425 0.000379192 0.000403707 0.000425862 0.000445577 0.000462806 0.000477537 0.000489786 0.000499602 0.000507055 0.00051224 0.00051527 0.000516267 0.000515367 0.000512708 0.000508431 0.000502677 0.000495585 0.00048729 0.00047792 0.000467599 0.000456442 0.000444558 0.000432049 0.000419009 0.000405524 0.000391673 0.000377528 0.000363154 0.000348608 0.000333943 0.000319203 0.00030443 0.000289656 0.000274912 0.000260221 0.000245604 0.000231078 0.000216654 0.000202341 0.000188147 0.000174073 0.00016012 0.000146288 0.000132572 0.000118967 0.000105466 9.20605e-05 7.87415e-05 6.54984e-05 5.23196e-05 3.91932e-05 2.61065e-05 1.30466e-05 0 
0 3.59597e-05 7.17059e-05 0.000107026 0.00014171 0.000175551 0.000208347 0.000239902 0.00027003 0.000298555 0.000325318 0.000350175 0.000373007 0.000393715 0.00041223 0.000428507 0.00044253 0.000454311 0.000463884 0.000471306 0.000476654 0.000480021 0.00048151 0.000481237 0.00047932 0.000475882 0.000471047 0.000464939 0.000457676 0.000449377 0.000440152 0.000430108 0.000419344 0.000407956 0.00039603 0.000383647 0.000370882 0.000357804 0.000344473 0.000330945 0.000317272 0.000303495 0.000289656 0.000275787 0.000261919 0.000248075 0.000234277 0.000220541 0.000206881 0.000193308 0.000179828 0.000166445 0.000153163 0.000139981 0.000126897 0.000113907 0.000101007 8.81883e-05 7.54445e-05 6.27663e-05 5.0144e-05 3.75674e-05 2.50255e-05 1.25069e-05 0 
0 3.31261e-05 6.60575e-05 9.86005e-05 0.000130564 0.000161759 0.000192005 0.000221124 0.000248951 0.000275329 0.000300115 0.000323184 0.000344429 0.000363762 0.00038112 0.000396461 0.000409767 0.000421043 0.000430316 0.000437631 0.00044305 0.000446649 0.000448517 0.00044875 0.000447452 0.00044473 0.000440691 0.000435445 0.0004291 0.000421759 0.000413525 0.000404493 0.000394756 0.0003844 0.000373507 0.000362152 0.000350406 0.000338332 0.000325988 0.000313429 0.000300703 0.000287851 0.000274912 0.000261919 0.000248901 0.000235884 0.000222887 0.000209929 0.000197023 0.000184181 0.000171411 0.000158718 0.000146106 0.000133576 0.000121128 0.000108759 9.64654e-05 8.42417e-05 7.20817e-05 5.99781e-05 4.79228e-05 3.59069e-05 2.39211e-05 1.19554e-05 0 
0 3.04874e-05 6.07976e-05 9.07544e-05 0.000120184 0.000148917 0.000176789 0.00020364 0.000229321 0.000253693 0.00027663 0.000298018 0.000317763 0.000335785 0.000352027 0.000366449 0.000379033 0.000389779 0.000398707 0.000405852 0.000411264 0.000415008 0.000417158 0.000417795 0.000417009 0.000414893 0.000411542 0.000407052 0.000401519 0.000395036 0.000387695 0.000379583 0.000370786 0.000361382 0.000351446 0.000341049 0.000330257 0.000319128 0.00030772 0.000296081 0.000284259 0.000272293 0.000260221 0.000248075 0.000235884 0.000223671 0.000211458 0.000199264 0.000187101 0.000174982 0.000162916 0.00015091 0.000138967 0.00012709 0.00011528 0.000103536 9.1854e-05 8.02313e-05 6.86625e-05 5.71417e-05 4.56622e-05 3.42164e-05 2.27964e-05 1.13938e-05 0 
0 2.80259e-05 5.58909e-05 8.34354e-05 0.000110502 0.000136937 0.000162592 0.000187325 0.000211 0.000233494 0.000254693 0.000274496 0.000292818 0.000309588 0.000324753 0.000338276 0.000350137 0.000360334 0.000368881 0.000375805 0.000381148 0.000384962 0.00038731 0.000388263 0.000387897 0.000386292 0.000383532 0.000379702 0.000374887 0.00036917 0.000362635 0.00035536 0.000347422 0.000338895 0.000329846 0.000320342 0.000310443 0.000300205 0.000289681 0.000278917 0.000267958 0.000256842 0.000245604 0.000234277 0.000222887 0.000211458 0.000200012 0.000188566 0.000177135 0.00016573 0.000154362 0.000143037 0.000131762 0.000120537 0.000109367 9.82493e-05 8.71836e-05 7.61669e-05 6.51953e-05 5.42641e-05 4.33678e-05 3.25001e-05 2.16544e-05 1.08234e-05 0 
0 2.57252e-05 5.13047e-05 7.65941e-05 0.000101451 0.000125737 0.000149318 0.000172066 0.000193861 0.000214589 0.000234151 0.000252455 0.000269425 0.000284997 0.000299121 0.000311764 0.000322905 0.00033254 0.000340677 0.000347339 0.00035256 0.000356382 0.000358859 0.000360051 0.000360023 0.000358846 0.000356592 0.000353337 0.000349156 0.000344124 0.000338315 0.0003318 0.000324649 0.000316929 0.000308703 0.00030003 0.000290969 0.000281569 0.000271881 0.000261949 0.000251813 0.000241512 0.000231078 0.000220541 0.000209929 0.000199264 0.000188566 0.000177854 0.000167142 0.000156442 0.000145765 0.000135117 0.000124504 0.000113931 0.0001034 9.29112e-05 8.24643e-05 7.20573e-05 6.16877e-05 5.13517e-05 4.10448e-05 3.07619e-05 2.04975e-05 1.02456e-05 0 
0 2.35701e-05 4.70086e-05 7.01852e-05 9.29715e-05 0.000115243 0.000136878 0.000157762 0.000177787 0.000196852 0.000214867 0.000231749 0.000247431 0.000261853 0.000274971 0.000286753 0.000297179 0.000306243 0.000313949 0.000320316 0.00032537 0.000329147 0.000331692 0.000333057 0.000333298 0.000332476 0.000330654 0.000327899 0.000324277 0.000319855 0.000314699 0.000308875 0.000302444 0.000295468 0.000288005 0.000280108 0.000271831 0.000263222 0.000254326 0.000245184 0.000235835 0.000226315 0.000216654 0.000206881 0.000197023 0.000187101 0.000177135 0.000167142 0.000157137 0.000147132 0.000137137 0.00012716 0.000117208 0.000107284 9.73909e-05 8.75313e-05 7.77048e-05 6.79105e-05 5.81466e-05 4.84101e-05 3.86977e-05 2.90052e-05 1.93281e-05 9.66141e-06 0 
0 2.15465e-05 4.29745e-05 6.41665e-05 8.50071e-05 0.000105384 0.000125188 0.000144317 0.000162672 0.000180165 0.000196714 0.000212245 0.000226695 0.000240014 0.000252158 0.000263098 0.000272816 0.000281302 0.000288561 0.000294605 0.000299456 0.000303144 0.000305707 0.000307188 0.000307636 0.000307105 0.000305649 0.000303327 0.000300197 0.00029632 0.000291753 0.000286556 0.000280785 0.000274495 0.000267739 0.000260567 0.000253026 0.000245162 0.000237015 0.000228626 0.000220029 0.000211257 0.000202341 0.000193308 0.000184181 0.000174982 0.00016573 0.000156442 0.000147132 0.000137812 0.000128492 0.00011918 0.000109882 0.000100604 9.13488e-05 8.21182e-05 7.29131e-05 6.37334e-05 5.45779e-05 4.54445e-05 3.63307e-05 2.72332e-05 1.81483e-05 9.07195e-06 0 
0 1.96414e-05 3.91763e-05 5.84993e-05 7.75065e-05 9.60972e-05 0.000114174 0.000131644 0.000148421 0.000164423 0.000179578 0.00019382 0.000207093 0.000219348 0.000230548 0.000240666 0.000249683 0.00025759 0.000264388 0.000270087 0.000274705 0.000278266 0.000280803 0.000282352 0.000282955 0.000282658 0.000281511 0.000279562 0.000276866 0.000273473 0.000269438 0.000264812 0.000259646 0.000253989 0.00024789 0.000241394 0.000234545 0.000227383 0.000219948 0.000212275 0.000204397 0.000196345 0.000188147 0.000179828 0.000171411 0.000162916 0.000154362 0.000145765 0.000137137 0.000128492 0.000119838 0.000111185 0.000102538 9.39022e-05 8.5282e-05 7.66795e-05 6.80961e-05 5.95321e-05 5.0987e-05 4.24594e-05 3.39474e-05 2.54485e-05 1.69598e-05 8.47814e-06 0 
0 1.78428e-05 3.55902e-05 5.31478e-05 7.04227e-05 8.73245e-05 0.000103766 0.000119665 0.000134944 0.000149529 0.000163356 0.000176365 0.000188507 0.000199737 0.000210022 0.000219335 0.000227659 0.000234986 0.000241314 0.000246651 0.00025101 0.000254413 0.000256886 0.000258461 0.000259173 0.000259063 0.000258173 0.000256546 0.00025423 0.00025127 0.000247714 0.000243607 0.000238996 0.000233925 0.000228437 0.000222575 0.000216376 0.000209879 0.000203119 0.000196129 0.000188939 0.000181579 0.000174073 0.000166445 0.000158718 0.00015091 0.000143037 0.000135117 0.00012716 0.00011918 0.000111185 0.000103183 9.51814e-05 8.71849e-05 7.91974e-05 7.12218e-05 6.32598e-05 5.5312e-05 4.73785e-05 3.94586e-05 3.15509e-05 2.36536e-05 1.57644e-05 7.88078e-06 0 
0 1.61395e-05 3.21939e-05 4.80789e-05 6.37118e-05 7.90119e-05 9.39016e-05 0.000108307 0.000122159 0.000135393 0.00014795 0.000159779 0.000170832 0.000181072 0.000190467 0.000198993 0.000206634 0.000213381 0.000219232 0.000224192 0.000228273 0.00023149 0.000233868 0.000235432 0.000236214 0.000236248 0.00023557 0.00023422 0.000232237 0.000229663 0.000226539 0.000222907 0.000218806 0.000214278 0.00020936 0.000204091 0.000198505 0.000192637 0.00018652 0.000180182 0.000173653 0.000166957 0.00016012 0.000153163 0.000146106 0.000138967 0.000131762 0.000124504 0.000117208 0.000109882 0.000102538 9.51814e-05 8.78199e-05 8.04585e-05 7.31011e-05 6.57506e-05 5.8409e-05 5.10776e-05 4.37565e-05 3.64457e-05 2.91441e-05 2.18506e-05 1.45634e-05 7.28059e-06 0 
0 1.45213e-05 2.8967e-05 4.32623e-05 5.73337e-05 7.11096e-05 8.45211e-05 9.75027e-05 0.000109993 0.000121934 0.000133274 0.000143967 0.000153971 0.000163251 0.00017178 0.000179536 0.000186502 0.000192672 0.000198041 0.000202613 0.000206397 0.000209408 0.000211663 0.000213186 0.000214003 0.000214144 0.000213641 0.000212526 0.000210836 0.000208607 0.000205874 0.000202674 0.000199045 0.00019502 0.000190635 0.000185923 0.000180917 0.000175646 0.00017014 0.000164427 0.000158532 0.000152478 0.000146288 0.000139981 0.000133576 0.00012709 0.000120537 0.000113931 0.000107284 0.000100604 9.39022e-05 8.71849e-05 8.04585e-05 7.37281e-05 6.69977e-05 6.02704e-05 5.35483e-05 4.68327e-05 4.01244e-05 3.34234e-05 2.67293e-05 2.00413e-05 1.3358e-05 6.67816e-06 0 
0 1.29786e-05 2.58905e-05 3.86696e-05 5.1251e-05 6.35716e-05 7.55705e-05 8.71898e-05 9.83752e-05 0.000109076 0.000119246 0.000128844 0.000137833 0.000146182 0.000153867 0.000160867 0.000167169 0.000172763 0.000177646 0.000181822 0.000185296 0.00018808 0.00019019 0.000191646 0.000192469 0.000192685 0.000192322 0.000191408 0.000189975 0.000188053 0.000185675 0.000182873 0.000179678 0.000176122 0.000172236 0.00016805 0.000163592 0.00015889 0.000153969 0.000148855 0.00014357 0.000138135 0.000132572 0.000126897 0.000121128 0.00011528 0.000109367 0.0001034 9.73909e-05 9.13488e-05 8.5282e-05 7.91974e-05 7.31011e-05 6.69977e-05 6.08914e-05 5.4785e-05 4.86809e-05 4.25806e-05 3.64849e-05 3.03942e-05 2.43085e-05 1.82271e-05 1.21493e-05 6.07401e-06 0 
0 1.15026e-05 2.29468e-05 3.42746e-05 4.54292e-05 5.63552e-05 6.69994e-05 7.7311e-05 8.72421e-05 9.67485e-05 0.00010579 0.000114329 0.000122334 0.000129779 0.000136639 0.000142898 0.000148542 0.000153564 0.00015796 0.000161731 0.000164884 0.000167426 0.000169372 0.000170738 0.000171542 0.000171806 0.000171553 0.00017081 0.000169602 0.000167956 0.0001659 0.000163463 0.000160672 0.000157555 0.000154138 0.000150449 0.000146512 0.000142351 0.000137991 0.000133453 0.000128756 0.000123922 0.000118967 0.000113907 0.000108759 0.000103536 9.82493e-05 9.29112e-05 8.75313e-05 8.21182e-05 7.66795e-05 7.12218e-05 6.57506e-05 6.02704e-05 5.4785e-05 4.92974e-05 4.38098e-05 3.83238e-05 3.28404e-05 2.73602e-05 2.18833e-05 1.64094e-05 1.09381e-05 5.46858e-06 0 
0 1.00851e-05 2.01195e-05 3.00529e-05 3.9836e-05 4.94208e-05 5.87609e-05 6.78125e-05 7.65338e-05 8.48865e-05 9.28352e-05 0.000100348 0.000107397 0.000113959 0.000120012 0.000125543 0.000130538 0.000134991 0.000138898 0.00014226 0.000145082 0.000147369 0.000149135 0.000150391 0.000151154 0.000151442 0.000151276 0.000150676 0.000149666 0.000148268 0.000146507 0.000144407 0.000141992 0.000139286 0.000136313 0.000133095 0.000129655 0.000126013 0.000122191 0.000118208 0.000114082 0.000109829 0.000105466 0.000101007 9.64654e-05 9.1854e-05 8.71836e-05 8.24643e-05 7.77048e-05 7.29131e-05 6.80961e-05 6.32598e-05 5.8409e-05 5.35483e-05 4.86809e-05 4.38098e-05 3.89371e-05 3.40643e-05 2.91927e-05 2.43228e-05 1.9455e-05 1.45892e-05 9.72505e-06 4.8622e-06 0 
0 8.71828e-06 1.73931e-05 2.59815e-05 3.44411e-05 4.27309e-05 5.08111e-05 5.86441e-05 6.61943e-05 7.34285e-05 8.03165e-05 8.6831e-05 9.29478e-05 9.86462e-05 0.000103909 0.000108722 0.000113076 0.000116964 0.000120382 0.00012333 0.000125813 0.000127835 0.000129406 0.000130537 0.000131241 0.000131534 0.000131432 0.000130954 0.000130118 0.000128944 0.000127453 0.000125666 0.000123603 0.000121285 0.000118732 0.000115963 0.000112999 0.000109856 0.000106553 0.000103107 9.95331e-05 9.58463e-05 9.20605e-05 8.81883e-05 8.42417e-05 8.02313e-05 7.61669e-05 7.20573e-05 6.79105e-05 6.37334e-05 5.95321e-05 5.5312e-05 5.10776e-05 4.68327e-05 4.25806e-05 3.83238e-05 3.40643e-05 2.98038e-05 2.55433e-05 2.12834e-05 1.70247e-05 1.27672e-05 8.51076e-06 4.25516e-06 0 
0 7.39489e-06 1.47532e-05 2.20388e-05 2.92161e-05 3.62505e-05 4.31086e-05 4.97586e-05 5.61706e-05 6.23167e-05 6.81714e-05 7.37115e-05 7.89168e-05 8.37695e-05 8.8255e-05 9.23616e-05 9.60806e-05 9.94059e-05 0.000102335 0.000104867 0.000107004 0.000108752 0.000110118 0.00011111 0.00011174 0.00011202 0.000111965 0.000111588 0.000110907 0.000109937 0.000108696 0.000107201 0.00010547 0.000103519 0.000101367 9.90282e-05 9.65204e-05 9.38589e-05 9.10585e-05 8.81336e-05 8.50975e-05 8.19629e-05 7.87415e-05 7.54445e-05 7.20817e-05 6.86625e-05 6.51953e-05 6.16877e-05 5.81466e-05 5.45779e-05 5.0987e-05 4.73785e-05 4.37565e-05 4.01244e-05 3.64849e-05 3.28404e-05 2.91927e-05 2.55433e-05 2.18931e-05 1.82429e-05 1.45932e-05 1.09441e-05 7.29565e-06 3.64769e-06 0 
0 6.10803e-06 1.21861e-05 1.82045e-05 2.4134e-05 2.99464e-05 3.56141e-05 4.11111e-05 4.64129e-05 5.14964e-05 5.63408e-05 6.0927e-05 6.52382e-05 6.926e-05 7.298e-05 7.63887e-05 7.94786e-05 8.22447e-05 8.46844e-05 8.67973e-05 8.85853e-05 9.00519e-05 9.12029e-05 9.20456e-05 9.25887e-05 9.28424e-05 9.28179e-05 9.25275e-05 9.19841e-05 9.12012e-05 9.01928e-05 8.89729e-05 8.75558e-05 8.59558e-05 8.41867e-05 8.22623e-05 8.01959e-05 7.80005e-05 7.56884e-05 7.32713e-05 7.07604e-05 6.81661e-05 6.54984e-05 6.27663e-05 5.99781e-05 5.71417e-05 5.42641e-05 5.13517e-05 4.84101e-05 4.54445e-05 4.24594e-05 3.94586e-05 3.64457e-05 3.34234e-05 3.03942e-05 2.73602e-05 2.43228e-05 2.12834e-05 1.82429e-05 1.5202e-05 1.21611e-05 9.12041e-06 6.08004e-06 3.03994e-06 0 
0 4.85115e-06 9.67863e-06 1.4459e-05 1.91692e-05 2.37868e-05 2.82903e-05 3.26589e-05 3.68733e-05 4.09153e-05 4.47684e-05 4.84175e-05 5.18492e-05 5.50521e-05 5.80165e-05 6.07345e-05 6.32003e-05 6.54098e-05 6.73609e-05 6.9053e-05 7.04875e-05 7.16671e-05 7.25962e-05 7.32805e-05 7.37266e-05 7.39426e-05 7.39372e-05 7.372e-05 7.3301e-05 7.2691e-05 7.19008e-05 7.09416e-05 6.98247e-05 6.85611e-05 6.71621e-05 6.56383e-05 6.40005e-05 6.22589e-05 6.04232e-05 5.85028e-05 5.65066e-05 5.44429e-05 5.23196e-05 5.0144e-05 4.79228e-05 4.56622e-05 4.33678e-05 4.10448e-05 3.86977e-05 3.63307e-05 3.39474e-05 3.15509e-05 2.91441e-05 2.67293e-05 2.43085e-05 2.18833e-05 1.9455e-05 1.70247e-05 1.45932e-05 1.21611e-05 9.72875e-06 7.2964e-06 4.86416e-06 2.43204e-06 0 
