0 5.77381e-15 0.00146484 0.00585938 0.0146484 0.0292969 0.0512695 0.0820313 0.123047 0.175781 0.241699 0.322266 0.418945 0.533203 0.666504 0.820313 0.996094 
5.77873e-15 7.35455e-15 0.00146484 0.00585938 0.0146484 0.0292969 0.0512695 0.0820313 0.123047 0.175781 0.241699 0.322266 0.418945 0.533203 0.666504 0.820313 0.996094 
0.00146484 0.00146484 0.00292969 0.00732422 0.0161133 0.0307617 0.0527344 0.0834961 0.124512 0.177246 0.243164 0.32373 0.42041 0.534668 0.667969 0.821777 0.997559 
0.00585938 0.00585938 0.00732422 0.0117188 0.0205078 0.0351563 0.0571289 0.0878906 0.128906 0.181641 0.247559 0.328125 0.424805 0.539063 0.672363 0.826172 1.00195 
0.0146484 0.0146484 0.0161133 0.0205078 0.0292969 0.0439453 0.065918 0.0966797 0.137695 0.19043 0.256348 0.336914 0.433594 0.547852 0.681152 0.834961 1.01074 
0.0292969 0.0292969 0.0307617 0.0351563 0.0439453 0.0585938 0.0805664 0.111328 0.152344 0.205078 0.270996 0.351563 0.448242 0.5625 0.695801 0.849609 1.02539 
0.0512695 0.0512695 0.0527344 0.0571289 0.065918 0.0805664 0.102539 0.133301 0.174316 0.227051 0.292969 0.373535 0.470215 0.584473 0.717773 0.871582 1.04736 
0.0820313 0.0820313 0.0834961 0.0878906 0.0966797 0.111328 0.133301 0.164063 0.205078 0.257813 0.32373 0.404297 0.500977 0.615234 0.748535 0.902344 1.07813 
0.123047 0.123047 0.124512 0.128906 0.137695 0.152344 0.174316 0.205078 0.246094 0.298828 0.364746 0.445313 0.541992 0.65625 0.789551 0.943359 1.11914 
0.175781 0.175781 0.177246 0.181641 0.19043 0.205078 0.227051 0.257813 0.298828 0.351563 0.41748 0.498047 0.594727 0.708984 0.842285 0.996094 1.17188 
0.241699 0.241699 0.243164 0.247559 0.256348 0.270996 0.292969 0.32373 0.364746 0.41748 0.483398 0.563965 0.660645 0.774902 0.908203 1.06201 1.23779 
0.322266 0.322266 0.32373 0.328125 0.336914 0.351563 0.373535 0.404297 0.445313 0.498047 0.563965 0.644531 0.741211 0.855469 0.98877 1.14258 1.31836 
0.418945 0.418945 0.42041 0.424805 0.433594 0.448242 0.470215 0.500977 0.541992 0.594727 0.660645 0.741211 0.837891 0.952148 1.08545 1.23926 1.41504 
0.533203 0.533203 0.534668 0.539063 0.547852 0.5625 0.584473 0.615234 0.65625 0.708984 0.774902 0.855469 0.952148 1.06641 1.19971 1.35352 1.5293 
0.666504 0.666504 0.667969 0.672363 0.681152 0.695801 0.717773 0.748535 0.789551 0.842285 0.908203 0.98877 1.08545 1.19971 1.33301 1.48682 1.6626 
0.820313 0.820313 0.821777 0.826172 0.834961 0.849609 0.871582 0.902344 0.943359 0.996094 1.06201 1.14258 1.23926 1.35352 1.48682 1.64063 1.81641 
0.996094 0.996094 0.997559 1.00195 1.01074 1.02539 1.04736 1.07813 1.11914 1.17188 1.23779 1.31836 1.41504 1.5293 1.6626 1.81641 1.99219 
