0 -0.00642139 -0.00933347 -0.0110512 -0.0122495 -0.0131688 -0.0139142 -0.0145398 -0.015077 -0.0155457 -0.0159591 -0.0163268 -0.0166554 -0.0169502 -0.017215 -0.017453 -0.0176667 -0.0178583 -0.0180295 -0.0181819 -0.018317 -0.0184358 -0.0185397 -0.0186296 -0.0187066 -0.0187717 -0.0188258 -0.0188697 -0.0189042 -0.0189302 -0.0189481 -0.0189586 -0.018962 
-0.00642139 0.00144676 0.00922231 0.0171877 0.0251809 0.0330235 0.0405688 0.0476974 0.0543088 0.0603168 0.0656473 0.0702361 0.0740293 0.0769823 0.07906 0.0802369 0.080497 0.0798336 0.0782494 0.0757567 0.0723766 0.0681391 0.0630827 0.0572541 0.0507075 0.0435042 0.0357121 0.0274049 0.0186613 0.00956448 0.000201141 -0.00933929 -0.0189654 
-0.00933347 0.00922231 0.0272197 0.0448502 0.062039 0.0786223 0.094419 0.109253 0.122962 0.135396 0.146424 0.155928 0.163809 0.169982 0.174383 0.176963 0.177695 0.176566 0.173584 0.168775 0.162182 0.153867 0.143906 0.132395 0.119442 0.10517 0.0897154 0.0732252 0.055857 0.0377772 0.0191588 0.000180531 -0.0189756 
-0.0110512 0.0171877 0.0448502 0.0718628 0.0980633 0.123235 0.147142 0.169549 0.19023 0.208976 0.225598 0.239928 0.25182 0.261155 0.267837 0.271797 0.272992 0.271408 0.267057 0.259978 0.250236 0.237922 0.223154 0.206071 0.186836 0.165633 0.142665 0.118151 0.0923253 0.0654367 0.0377428 0.00950953 -0.018992 
-0.0122495 0.0251809 0.062039 0.0980633 0.132975 0.166475 0.198257 0.22802 0.255475 0.280354 0.302411 0.32143 0.33722 0.349627 0.358525 0.363825 0.365473 0.363449 0.357771 0.348489 0.335691 0.319498 0.300064 0.277573 0.252242 0.224312 0.194051 0.161749 0.127715 0.0922772 0.0557746 0.0185582 -0.0190142 
-0.0131688 0.0330235 0.0786223 0.123235 0.166475 0.207955 0.247293 0.284119 0.318081 0.348851 0.37613 0.399653 0.41919 0.434548 0.445576 0.452165 0.454249 0.451804 0.444852 0.433457 0.417726 0.397809 0.373895 0.346215 0.315031 0.280643 0.243381 0.203601 0.161687 0.118041 0.0730809 0.02724 -0.0190415 
-0.0139142 0.0405688 0.094419 0.147142 0.198257 0.247293 0.293793 0.337318 0.377454 0.413815 0.44605 0.473849 0.496942 0.515102 0.528154 0.535967 0.538466 0.535623 0.527464 0.514064 0.495551 0.472102 0.44394 0.411334 0.374598 0.334083 0.290178 0.243305 0.193914 0.14248 0.0894957 0.0354716 -0.0190732 
-0.0145398 0.0476974 0.109253 0.169549 0.22802 0.284119 0.337318 0.387112 0.433028 0.474624 0.511503 0.543308 0.569731 0.590518 0.605465 0.614427 0.617316 0.614101 0.604812 0.589537 0.56842 0.541663 0.509522 0.472306 0.430371 0.384119 0.333994 0.280479 0.224086 0.165359 0.104861 0.0431742 -0.0191086 
-0.015077 0.0543088 0.122962 0.19023 0.255475 0.318081 0.377454 0.433028 0.484273 0.530699 0.571861 0.607362 0.63686 0.66007 0.676767 0.68679 0.69004 0.686483 0.676154 0.659148 0.63563 0.605823 0.570013 0.528544 0.481813 0.430269 0.374407 0.314765 0.251914 0.186459 0.11903 0.0502742 -0.019147 
-0.0155457 0.0603168 0.135396 0.208976 0.280354 0.348851 0.413815 0.474624 0.530699 0.581503 0.626546 0.665398 0.697683 0.723091 0.741376 0.752361 0.755939 0.752074 0.740802 0.72223 0.696535 0.663965 0.62483 0.579506 0.52843 0.47209 0.411029 0.345833 0.277129 0.205577 0.131866 0.0567034 -0.0191874 
-0.0159591 0.0656473 0.146424 0.225598 0.302411 0.37613 0.44605 0.511503 0.571861 0.626546 0.675034 0.716859 0.751618 0.778976 0.79867 0.81051 0.81438 0.810242 0.798135 0.778174 0.75055 0.715529 0.673445 0.624704 0.569773 0.50918 0.443507 0.373385 0.299489 0.22253 0.143246 0.0624005 -0.0192292 
-0.0163268 0.0702361 0.155928 0.239928 0.32143 0.399653 0.473849 0.543308 0.607362 0.665398 0.716859 0.76125 0.798145 0.827188 0.848099 0.860677 0.864801 0.860428 0.847602 0.826443 0.797156 0.76002 0.715392 0.663702 0.605444 0.541181 0.471528 0.397156 0.31878 0.237153 0.153061 0.0673108 -0.0192716 
-0.0166554 0.0740293 0.163809 0.25182 0.33722 0.41919 0.496942 0.569731 0.63686 0.697683 0.751618 0.798145 0.836817 0.867262 0.889188 0.902382 0.906717 0.902151 0.888727 0.866573 0.835903 0.797009 0.750267 0.696124 0.635102 0.567786 0.494824 0.416918 0.334816 0.249308 0.161216 0.0713874 -0.0193139 
-0.0169502 0.0769823 0.169982 0.261155 0.349627 0.434548 0.515102 0.590518 0.66007 0.723091 0.778976 0.827188 0.867262 0.898814 0.92154 0.935221 0.939725 0.935008 0.921115 0.898178 0.866419 0.826142 0.777734 0.72166 0.658459 0.588739 0.51317 0.432479 0.347442 0.258876 0.167633 0.0745913 -0.0193554 
-0.017215 0.07906 0.174383 0.267837 0.358525 0.445576 0.528154 0.605465 0.676767 0.741376 0.79867 0.848099 0.889188 0.92154 0.944846 0.95888 0.963507 0.958683 0.944453 0.920954 0.888411 0.847137 0.797529 0.740063 0.675292 0.603839 0.52639 0.443691 0.356537 0.265767 0.172252 0.0768918 -0.0193956 
-0.017453 0.0802369 0.176963 0.271797 0.363825 0.452165 0.535967 0.614427 0.68679 0.752361 0.81051 0.860677 0.902382 0.935221 0.95888 0.973131 0.977835 0.972949 0.958518 0.934681 0.901667 0.859793 0.809461 0.751156 0.685439 0.61294 0.534357 0.450447 0.362015 0.269913 0.175026 0.0782669 -0.019434 
-0.0176667 0.080497 0.177695 0.272992 0.365473 0.454249 0.538466 0.617316 0.69004 0.755939 0.81438 0.864801 0.906717 0.939725 0.963507 0.977835 0.982571 0.977668 0.963174 0.939228 0.906059 0.863987 0.813417 0.754834 0.688801 0.615954 0.536994 0.452679 0.363822 0.271275 0.17593 0.0787034 -0.01947 
-0.0178583 0.0798336 0.176566 0.271408 0.363449 0.451804 0.535623 0.614101 0.686483 0.752074 0.810242 0.860428 0.902151 0.935008 0.958683 0.972949 0.977668 0.972795 0.958376 0.93455 0.901546 0.85968 0.809357 0.751059 0.685347 0.612854 0.534276 0.450369 0.36194 0.269841 0.174955 0.0781972 -0.0195034 
-0.0180295 0.0782494 0.173584 0.267057 0.357771 0.444852 0.527464 0.604812 0.676154 0.740802 0.798135 0.847602 0.888727 0.921115 0.944453 0.958518 0.963174 0.958376 0.94417 0.920693 0.888169 0.846913 0.797321 0.739869 0.67511 0.603667 0.526228 0.443537 0.356389 0.265622 0.172111 0.076753 -0.0195337 
-0.0181819 0.0757567 0.168775 0.259978 0.348489 0.433457 0.514064 0.589537 0.659148 0.72223 0.778174 0.826443 0.866573 0.898178 0.920954 0.934681 0.939228 0.93455 0.920693 0.897789 0.866059 0.825809 0.777424 0.721371 0.658188 0.588484 0.512929 0.432249 0.347221 0.258662 0.167424 0.0743848 -0.0195609 
-0.018317 0.0723766 0.162182 0.250236 0.335691 0.417726 0.495551 0.56842 0.63563 0.696535 0.75055 0.797156 0.835903 0.866419 0.888411 0.901667 0.906059 0.901546 0.888169 0.866059 0.835428 0.796569 0.749858 0.695743 0.634745 0.56745 0.494506 0.416614 0.334524 0.249025 0.16094 0.0711152 -0.0195848 
-0.0184358 0.0681391 0.153867 0.237922 0.319498 0.397809 0.472102 0.541663 0.605823 0.663965 0.715529 0.76002 0.797009 0.826142 0.847137 0.859793 0.863987 0.85968 0.846913 0.825809 0.796569 0.759477 0.714888 0.663232 0.605004 0.540766 0.471136 0.396782 0.31842 0.236805 0.15272 0.0669754 -0.0196054 
-0.0185397 0.0630827 0.143906 0.223154 0.300064 0.373895 0.44394 0.509522 0.570013 0.62483 0.673445 0.715392 0.750267 0.777734 0.797529 0.809461 0.813417 0.809357 0.797321 0.777424 0.749858 0.714888 0.67285 0.624149 0.569253 0.508691 0.443044 0.372944 0.299065 0.222119 0.142845 0.0620051 -0.0196227 
-0.0186296 0.0572541 0.132395 0.206071 0.277573 0.346215 0.411334 0.472306 0.528544 0.579506 0.624704 0.663702 0.696124 0.72166 0.740063 0.751156 0.754834 0.751059 0.739869 0.721371 0.695743 0.663232 0.624149 0.578872 0.527836 0.471531 0.4105 0.345329 0.276645 0.205108 0.131408 0.0562518 -0.0196369 
-0.0187066 0.0507075 0.119442 0.186836 0.252242 0.315031 0.374598 0.430371 0.481813 0.52843 0.569773 0.605444 0.635102 0.658459 0.675292 0.685439 0.688801 0.685347 0.67511 0.658188 0.634745 0.605004 0.569253 0.527836 0.481151 0.429646 0.373818 0.314202 0.251374 0.185936 0.118519 0.0497706 -0.0196481 
-0.0187717 0.0435042 0.10517 0.165633 0.224312 0.280643 0.334083 0.384119 0.430269 0.47209 0.50918 0.541181 0.567786 0.588739 0.603839 0.61294 0.615954 0.612854 0.603667 0.588484 0.56745 0.540766 0.508691 0.471531 0.429646 0.383437 0.333349 0.279864 0.223496 0.164787 0.104303 0.0426236 -0.0196566 
-0.0188258 0.0357121 0.0897154 0.142665 0.194051 0.243381 0.290178 0.333994 0.374407 0.411029 0.443507 0.471528 0.494824 0.51317 0.52639 0.534357 0.536994 0.534276 0.526228 0.512929 0.494506 0.471136 0.443044 0.4105 0.373818 0.333349 0.289484 0.242643 0.193279 0.141864 0.0888947 0.0348792 -0.0196628 
-0.0188697 0.0274049 0.0732252 0.118151 0.161749 0.203601 0.243305 0.280479 0.314765 0.345833 0.373385 0.397156 0.416918 0.432479 0.443691 0.450447 0.452679 0.450369 0.443537 0.432249 0.416614 0.396782 0.372944 0.345329 0.314202 0.279864 0.242643 0.202899 0.161013 0.117388 0.0724434 0.0266115 -0.019667 
-0.0189042 0.0186613 0.055857 0.0923253 0.127715 0.161687 0.193914 0.224086 0.251914 0.277129 0.299489 0.31878 0.334816 0.347442 0.356537 0.362015 0.363822 0.36194 0.356389 0.347221 0.334524 0.31842 0.299065 0.276645 0.251374 0.223496 0.193279 0.161013 0.127009 0.0915932 0.0551065 0.0178997 -0.0196695 
-0.0189302 0.00956448 0.0377772 0.0654367 0.0922772 0.118041 0.14248 0.165359 0.186459 0.205577 0.22253 0.237153 0.249308 0.258876 0.265767 0.269913 0.271275 0.269841 0.265622 0.258662 0.249025 0.236805 0.222119 0.205108 0.185936 0.164787 0.141864 0.117388 0.0915932 0.0647281 0.0370507 0.00882731 -0.0196709 
-0.0189481 0.000201141 0.0191588 0.0377428 0.0557746 0.0730809 0.0894957 0.104861 0.11903 0.131866 0.143246 0.153061 0.161216 0.167633 0.172252 0.175026 0.17593 0.174955 0.172111 0.167424 0.16094 0.15272 0.142845 0.131408 0.118519 0.104303 0.0888947 0.0724434 0.0551065 0.0370507 0.0184494 -0.000518776 -0.0196715 
-0.0189586 -0.00933929 0.000180531 0.00950953 0.0185582 0.02724 0.0354716 0.0431742 0.0502742 0.0567034 0.0624005 0.0673108 0.0713874 0.0745913 0.0768918 0.0782669 0.0787034 0.0781972 0.076753 0.0743848 0.0711152 0.0669754 0.0620051 0.0562518 0.0497706 0.0426236 0.0348792 0.0266115 0.0178997 0.00882731 -0.000518776 -0.0100489 -0.0196717 
-0.018962 -0.0189654 -0.0189756 -0.018992 -0.0190142 -0.0190415 -0.0190732 -0.0191086 -0.019147 -0.0191874 -0.0192292 -0.0192716 -0.0193139 -0.0193554 -0.0193956 -0.019434 -0.01947 -0.0195034 -0.0195337 -0.0195609 -0.0195848 -0.0196054 -0.0196227 -0.0196369 -0.0196481 -0.0196566 -0.0196628 -0.019667 -0.0196695 -0.0196709 -0.0196715 -0.0196717 -0.0196717 
