0 -4.50588e-15 0.000183105 0.000732422 0.00183105 0.00366211 0.00640869 0.0102539 0.0153809 0.0219727 0.0302124 0.0402832 0.0523682 0.0666504 0.083313 0.102539 0.124512 0.149414 0.177429 0.20874 0.24353 0.281982 0.32428 0.370605 0.421143 0.476074 0.535583 0.599854 0.669067 0.743408 0.823059 0.908203 0.999023 
-4.50678e-15 -5.73761e-15 0.000183105 0.000732422 0.00183105 0.00366211 0.00640869 0.0102539 0.0153809 0.0219727 0.0302124 0.0402832 0.0523682 0.0666504 0.083313 0.102539 0.124512 0.149414 0.177429 0.20874 0.24353 0.281982 0.32428 0.370605 0.421143 0.476074 0.535583 0.599854 0.669067 0.743408 0.823059 0.908203 0.999023 
0.000183105 0.000183105 0.000366211 0.000915527 0.00201416 0.00384521 0.0065918 0.010437 0.015564 0.0221558 0.0303955 0.0404663 0.0525513 0.0668335 0.0834961 0.102722 0.124695 0.149597 0.177612 0.208923 0.243713 0.282166 0.324463 0.370789 0.421326 0.476257 0.535767 0.600037 0.66925 0.743591 0.823242 0.908386 0.999207 
0.000732422 0.000732422 0.000915527 0.00146484 0.00256348 0.00439453 0.00714111 0.0109863 0.0161133 0.0227051 0.0309448 0.0410156 0.0531006 0.0673828 0.0840454 0.103271 0.125244 0.150146 0.178162 0.209473 0.244263 0.282715 0.325012 0.371338 0.421875 0.476807 0.536316 0.600586 0.6698 0.744141 0.823792 0.908936 0.999756 
0.00183105 0.00183105 0.00201416 0.00256348 0.00366211 0.00549316 0.00823975 0.012085 0.0172119 0.0238037 0.0320435 0.0421143 0.0541992 0.0684814 0.085144 0.10437 0.126343 0.151245 0.17926 0.210571 0.245361 0.283813 0.326111 0.372437 0.422974 0.477905 0.537415 0.601685 0.670898 0.745239 0.82489 0.910034 1.00085 
0.00366211 0.00366211 0.00384521 0.00439453 0.00549316 0.00732422 0.0100708 0.013916 0.019043 0.0256348 0.0338745 0.0439453 0.0560303 0.0703125 0.0869751 0.106201 0.128174 0.153076 0.181091 0.212402 0.247192 0.285645 0.327942 0.374268 0.424805 0.479736 0.539246 0.603516 0.672729 0.74707 0.826721 0.911865 1.00269 
0.00640869 0.00640869 0.0065918 0.00714111 0.00823975 0.0100708 0.0128174 0.0166626 0.0217896 0.0283813 0.0366211 0.0466919 0.0587769 0.0730591 0.0897217 0.108948 0.13092 0.155823 0.183838 0.215149 0.249939 0.288391 0.330688 0.377014 0.427551 0.482483 0.541992 0.606262 0.675476 0.749817 0.829468 0.914612 1.00543 
0.0102539 0.0102539 0.010437 0.0109863 0.012085 0.013916 0.0166626 0.0205078 0.0256348 0.0322266 0.0404663 0.0505371 0.0626221 0.0769043 0.0935669 0.112793 0.134766 0.159668 0.187683 0.218994 0.253784 0.292236 0.334534 0.380859 0.431396 0.486328 0.545837 0.610107 0.679321 0.753662 0.833313 0.918457 1.00928 
0.0153809 0.0153809 0.015564 0.0161133 0.0172119 0.019043 0.0217896 0.0256348 0.0307617 0.0373535 0.0455933 0.0556641 0.067749 0.0820312 0.0986938 0.11792 0.139893 0.164795 0.19281 0.224121 0.258911 0.297363 0.339661 0.385986 0.436523 0.491455 0.550964 0.615234 0.684448 0.758789 0.83844 0.923584 1.0144 
0.0219727 0.0219727 0.0221558 0.0227051 0.0238037 0.0256348 0.0283813 0.0322266 0.0373535 0.0439453 0.0521851 0.0622559 0.0743408 0.088623 0.105286 0.124512 0.146484 0.171387 0.199402 0.230713 0.265503 0.303955 0.346252 0.392578 0.443115 0.498047 0.557556 0.621826 0.69104 0.765381 0.845032 0.930176 1.021 
0.0302124 0.0302124 0.0303955 0.0309448 0.0320435 0.0338745 0.0366211 0.0404663 0.0455933 0.0521851 0.0604248 0.0704956 0.0825806 0.0968628 0.113525 0.132751 0.154724 0.179626 0.207642 0.238953 0.273743 0.312195 0.354492 0.400818 0.451355 0.506287 0.565796 0.630066 0.69928 0.773621 0.853271 0.938416 1.02924 
0.0402832 0.0402832 0.0404663 0.0410156 0.0421143 0.0439453 0.0466919 0.0505371 0.0556641 0.0622559 0.0704956 0.0805664 0.0926514 0.106934 0.123596 0.142822 0.164795 0.189697 0.217712 0.249023 0.283813 0.322266 0.364563 0.410889 0.461426 0.516357 0.575867 0.640137 0.709351 0.783691 0.863342 0.948486 1.03931 
0.0523682 0.0523682 0.0525513 0.0531006 0.0541992 0.0560303 0.0587769 0.0626221 0.067749 0.0743408 0.0825806 0.0926514 0.104736 0.119019 0.135681 0.154907 0.17688 0.201782 0.229797 0.261108 0.295898 0.334351 0.376648 0.422974 0.473511 0.528442 0.587952 0.652222 0.721436 0.795776 0.875427 0.960571 1.05139 
0.0666504 0.0666504 0.0668335 0.0673828 0.0684814 0.0703125 0.0730591 0.0769043 0.0820312 0.088623 0.0968628 0.106934 0.119019 0.133301 0.149963 0.169189 0.191162 0.216064 0.24408 0.275391 0.310181 0.348633 0.39093 0.437256 0.487793 0.542725 0.602234 0.666504 0.735718 0.810059 0.889709 0.974854 1.06567 
0.083313 0.083313 0.0834961 0.0840454 0.085144 0.0869751 0.0897217 0.0935669 0.0986938 0.105286 0.113525 0.123596 0.135681 0.149963 0.166626 0.185852 0.207825 0.232727 0.260742 0.292053 0.326843 0.365295 0.407593 0.453918 0.504456 0.559387 0.618896 0.683167 0.75238 0.826721 0.906372 0.991516 1.08234 
0.102539 0.102539 0.102722 0.103271 0.10437 0.106201 0.108948 0.112793 0.11792 0.124512 0.132751 0.142822 0.154907 0.169189 0.185852 0.205078 0.227051 0.251953 0.279968 0.311279 0.346069 0.384521 0.426819 0.473145 0.523682 0.578613 0.638123 0.702393 0.771606 0.845947 0.925598 1.01074 1.10156 
0.124512 0.124512 0.124695 0.125244 0.126343 0.128174 0.13092 0.134766 0.139893 0.146484 0.154724 0.164795 0.17688 0.191162 0.207825 0.227051 0.249023 0.273926 0.301941 0.333252 0.368042 0.406494 0.448792 0.495117 0.545654 0.600586 0.660095 0.724365 0.793579 0.86792 0.947571 1.03271 1.12354 
0.149414 0.149414 0.149597 0.150146 0.151245 0.153076 0.155823 0.159668 0.164795 0.171387 0.179626 0.189697 0.201782 0.216064 0.232727 0.251953 0.273926 0.298828 0.326843 0.358154 0.392944 0.431396 0.473694 0.52002 0.570557 0.625488 0.684998 0.749268 0.818481 0.892822 0.972473 1.05762 1.14844 
0.177429 0.177429 0.177612 0.178162 0.17926 0.181091 0.183838 0.187683 0.19281 0.199402 0.207642 0.217712 0.229797 0.24408 0.260742 0.279968 0.301941 0.326843 0.354858 0.386169 0.420959 0.459412 0.501709 0.548035 0.598572 0.653503 0.713013 0.777283 0.846497 0.920837 1.00049 1.08563 1.17645 
0.20874 0.20874 0.208923 0.209473 0.210571 0.212402 0.215149 0.218994 0.224121 0.230713 0.238953 0.249023 0.261108 0.275391 0.292053 0.311279 0.333252 0.358154 0.386169 0.41748 0.452271 0.490723 0.53302 0.579346 0.629883 0.684814 0.744324 0.808594 0.877808 0.952148 1.0318 1.11694 1.20776 
0.24353 0.24353 0.243713 0.244263 0.245361 0.247192 0.249939 0.253784 0.258911 0.265503 0.273743 0.283813 0.295898 0.310181 0.326843 0.346069 0.368042 0.392944 0.420959 0.452271 0.487061 0.525513 0.56781 0.614136 0.664673 0.719604 0.779114 0.843384 0.912598 0.986938 1.06659 1.15173 1.24255 
0.281982 0.281982 0.282166 0.282715 0.283813 0.285645 0.288391 0.292236 0.297363 0.303955 0.312195 0.322266 0.334351 0.348633 0.365295 0.384521 0.406494 0.431396 0.459412 0.490723 0.525513 0.563965 0.606262 0.652588 0.703125 0.758057 0.817566 0.881836 0.95105 1.02539 1.10504 1.19019 1.28101 
0.32428 0.32428 0.324463 0.325012 0.326111 0.327942 0.330688 0.334534 0.339661 0.346252 0.354492 0.364563 0.376648 0.39093 0.407593 0.426819 0.448792 0.473694 0.501709 0.53302 0.56781 0.606262 0.64856 0.694885 0.745422 0.800354 0.859863 0.924133 0.993347 1.06769 1.14734 1.23248 1.3233 
0.370605 0.370605 0.370789 0.371338 0.372437 0.374268 0.377014 0.380859 0.385986 0.392578 0.400818 0.410889 0.422974 0.437256 0.453918 0.473145 0.495117 0.52002 0.548035 0.579346 0.614136 0.652588 0.694885 0.741211 0.791748 0.84668 0.906189 0.970459 1.03967 1.11401 1.19366 1.27881 1.36963 
0.421143 0.421143 0.421326 0.421875 0.422974 0.424805 0.427551 0.431396 0.436523 0.443115 0.451355 0.461426 0.473511 0.487793 0.504456 0.523682 0.545654 0.570557 0.598572 0.629883 0.664673 0.703125 0.745422 0.791748 0.842285 0.897217 0.956726 1.021 1.09021 1.16455 1.2442 1.32935 1.42017 
0.476074 0.476074 0.476257 0.476807 0.477905 0.479736 0.482483 0.486328 0.491455 0.498047 0.506287 0.516357 0.528442 0.542725 0.559387 0.578613 0.600586 0.625488 0.653503 0.684814 0.719604 0.758057 0.800354 0.84668 0.897217 0.952148 1.01166 1.07593 1.14514 1.21948 1.29913 1.38428 1.4751 
0.535583 0.535583 0.535767 0.536316 0.537415 0.539246 0.541992 0.545837 0.550964 0.557556 0.565796 0.575867 0.587952 0.602234 0.618896 0.638123 0.660095 0.684998 0.713013 0.744324 0.779114 0.817566 0.859863 0.906189 0.956726 1.01166 1.07117 1.13544 1.20465 1.27899 1.35864 1.44379 1.53461 
0.599854 0.599854 0.600037 0.600586 0.601685 0.603516 0.606262 0.610107 0.615234 0.621826 0.630066 0.640137 0.652222 0.666504 0.683167 0.702393 0.724365 0.749268 0.777283 0.808594 0.843384 0.881836 0.924133 0.970459 1.021 1.07593 1.13544 1.19971 1.26892 1.34326 1.42291 1.50806 1.59888 
0.669067 0.669067 0.66925 0.6698 0.670898 0.672729 0.675476 0.679321 0.684448 0.69104 0.69928 0.709351 0.721436 0.735718 0.75238 0.771606 0.793579 0.818481 0.846497 0.877808 0.912598 0.95105 0.993347 1.03967 1.09021 1.14514 1.20465 1.26892 1.33813 1.41248 1.49213 1.57727 1.66809 
0.743408 0.743408 0.743591 0.744141 0.745239 0.74707 0.749817 0.753662 0.758789 0.765381 0.773621 0.783691 0.795776 0.810059 0.826721 0.845947 0.86792 0.892822 0.920837 0.952148 0.986938 1.02539 1.06769 1.11401 1.16455 1.21948 1.27899 1.34326 1.41248 1.48682 1.56647 1.65161 1.74243 
0.823059 0.823059 0.823242 0.823792 0.82489 0.826721 0.829468 0.833313 0.83844 0.845032 0.853271 0.863342 0.875427 0.889709 0.906372 0.925598 0.947571 0.972473 1.00049 1.0318 1.06659 1.10504 1.14734 1.19366 1.2442 1.29913 1.35864 1.42291 1.49213 1.56647 1.64612 1.73126 1.82208 
0.908203 0.908203 0.908386 0.908936 0.910034 0.911865 0.914612 0.918457 0.923584 0.930176 0.938416 0.948486 0.960571 0.974854 0.991516 1.01074 1.03271 1.05762 1.08563 1.11694 1.15173 1.19019 1.23248 1.27881 1.32935 1.38428 1.44379 1.50806 1.57727 1.65161 1.73126 1.81641 1.90723 
0.999023 0.999023 0.999207 0.999756 1.00085 1.00269 1.00543 1.00928 1.0144 1.021 1.02924 1.03931 1.05139 1.06567 1.08234 1.10156 1.12354 1.14844 1.17645 1.20776 1.24255 1.28101 1.3233 1.36963 1.42017 1.4751 1.53461 1.59888 1.66809 1.74243 1.82208 1.90723 1.99805 
