0 0 0 0 0 0 0 0 0 0 0 0 0 0 0 0 0 0 0 0 0 0 0 0 0 0 0 0 0 0 0 0 0 0 0 0 0 0 0 0 0 0 0 0 0 0 0 0 0 0 0 0 0 0 0 0 0 0 0 0 0 0 0 0 0 
0 0.00240812 0.00481044 0.00720117 0.00957455 0.0119249 0.0142465 0.0165337 0.0187812 0.0209833 0.023135 0.0252309 0.027266 0.0292354 0.0311345 0.0329585 0.0347031 0.036364 0.0379374 0.0394194 0.0408065 0.0420952 0.0432825 0.0443656 0.0453417 0.0462087 0.0469643 0.0476067 0.0481345 0.0485463 0.0488412 0.0490184 0.0490775 0.0490184 0.0488412 0.0485463 0.0481345 0.0476067 0.0469643 0.0462087 0.0453417 0.0443656 0.0432825 0.0420952 0.0408065 0.0394194 0.0379374 0.036364 0.0347031 0.0329585 0.0311345 0.0292354 0.027266 0.0252309 0.023135 0.0209833 0.0187812 0.0165337 0.0142465 0.0119249 0.00957455 0.00720117 0.00481044 0.00240812 6.00906e-18 
0 0.00481044 0.00960929 0.014385 0.019126 0.023821 0.0284586 0.0330276 0.0375171 0.0419161 0.0462142 0.050401 0.0544663 0.0584005 0.0621939 0.0658375 0.0693225 0.0726405 0.0757835 0.0787439 0.0815146 0.084089 0.0864608 0.0886242 0.0905742 0.092306 0.0938154 0.0950988 0.0961531 0.0969757 0.0975648 0.0979187 0.0980368 0.0979187 0.0975648 0.0969757 0.0961531 0.0950988 0.0938154 0.092306 0.0905742 0.0886242 0.0864608 0.084089 0.0815146 0.0787439 0.0757835 0.0726405 0.0693225 0.0658375 0.0621939 0.0584005 0.0544663 0.050401 0.0462142 0.0419161 0.0375171 0.0330276 0.0284586 0.023821 0.019126 0.014385 0.00960929 0.00481044 1.20036e-17 
0 0.00720117 0.014385 0.0215342 0.0286314 0.0356598 0.0426022 0.0494419 0.0561626 0.062748 0.0691822 0.0754497 0.0815355 0.0874248 0.0931035 0.098558 0.103775 0.108742 0.113447 0.117879 0.122026 0.12588 0.129431 0.132669 0.135589 0.138181 0.140441 0.142362 0.14394 0.145171 0.146053 0.146583 0.14676 0.146583 0.146053 0.145171 0.14394 0.142362 0.140441 0.138181 0.135589 0.132669 0.129431 0.12588 0.122026 0.117879 0.113447 0.108742 0.103775 0.098558 0.0931035 0.0874248 0.0815355 0.0754497 0.0691822 0.062748 0.0561626 0.0494419 0.0426022 0.0356598 0.0286314 0.0215342 0.014385 0.00720117 1.79693e-17 
0 0.00957455 0.019126 0.0286314 0.0380679 0.0474126 0.0566431 0.0657371 0.0746728 0.0834286 0.0919834 0.100317 0.108408 0.116239 0.123789 0.131041 0.137977 0.144581 0.150837 0.156729 0.162244 0.167368 0.172089 0.176395 0.180276 0.183723 0.186727 0.189282 0.19138 0.193018 0.19419 0.194894 0.19513 0.194894 0.19419 0.193018 0.19138 0.189282 0.186727 0.183723 0.180276 0.176395 0.172089 0.167368 0.162244 0.156729 0.150837 0.144581 0.137977 0.131041 0.123789 0.116239 0.108408 0.100317 0.0919834 0.0834286 0.0746728 0.0657371 0.0566431 0.0474126 0.0380679 0.0286314 0.019126 0.00957455 2.38917e-17 
0 0.0119249 0.023821 0.0356598 0.0474126 0.0590512 0.0705476 0.081874 0.0930032 0.103908 0.114563 0.124942 0.13502 0.144772 0.154176 0.163208 0.171847 0.180073 0.187864 0.195203 0.202071 0.208453 0.214332 0.219696 0.224529 0.228822 0.232564 0.235746 0.238359 0.240399 0.241859 0.242736 0.243029 0.242736 0.241859 0.240399 0.238359 0.235746 0.232564 0.228822 0.224529 0.219696 0.214332 0.208453 0.202071 0.195203 0.187864 0.180073 0.171847 0.163208 0.154176 0.144772 0.13502 0.124942 0.114563 0.103908 0.0930032 0.081874 0.0705476 0.0590512 0.0474126 0.0356598 0.023821 0.0119249 2.97565e-17 
0 0.0142465 0.0284586 0.0426022 0.0566431 0.0705476 0.0842821 0.0978136 0.111109 0.124138 0.136867 0.149266 0.161306 0.172957 0.184192 0.194982 0.205303 0.21513 0.224438 0.233206 0.241411 0.249035 0.25606 0.262467 0.268242 0.273371 0.277841 0.281642 0.284764 0.2872 0.288945 0.289993 0.290343 0.289993 0.288945 0.2872 0.284764 0.281642 0.277841 0.273371 0.268242 0.262467 0.25606 0.249035 0.241411 0.233206 0.224438 0.21513 0.205303 0.194982 0.184192 0.172957 0.161306 0.149266 0.136867 0.124138 0.111109 0.0978136 0.0842821 0.0705476 0.0566431 0.0426022 0.0284586 0.0142465 3.55496e-17 
0 0.0165337 0.0330276 0.0494419 0.0657371 0.081874 0.0978136 0.113518 0.128948 0.144068 0.158841 0.173231 0.187204 0.200725 0.213764 0.226287 0.238265 0.249669 0.260472 0.270647 0.28017 0.289018 0.29717 0.304606 0.311308 0.31726 0.322448 0.326859 0.330483 0.33331 0.335335 0.336552 0.336958 0.336552 0.335335 0.33331 0.330483 0.326859 0.322448 0.31726 0.311308 0.304606 0.29717 0.289018 0.28017 0.270647 0.260472 0.249669 0.238265 0.226287 0.213764 0.200725 0.187204 0.173231 0.158841 0.144068 0.128948 0.113518 0.0978136 0.081874 0.0657371 0.0494419 0.0330276 0.0165337 4.12571e-17 
0 0.0187812 0.0375171 0.0561626 0.0746728 0.0930032 0.111109 0.128948 0.146476 0.163651 0.180432 0.196778 0.21265 0.22801 0.242821 0.257046 0.270652 0.283607 0.295878 0.307436 0.318254 0.328304 0.337564 0.346011 0.353624 0.360386 0.366279 0.371289 0.375406 0.378617 0.380917 0.382299 0.38276 0.382299 0.380917 0.378617 0.375406 0.371289 0.366279 0.360386 0.353624 0.346011 0.337564 0.328304 0.318254 0.307436 0.295878 0.283607 0.270652 0.257046 0.242821 0.22801 0.21265 0.196778 0.180432 0.163651 0.146476 0.128948 0.111109 0.0930032 0.0746728 0.0561626 0.0375171 0.0187812 4.68652e-17 
0 0.0209833 0.0419161 0.062748 0.0834286 0.103908 0.124138 0.144068 0.163651 0.18284 0.201589 0.219851 0.237585 0.254745 0.271293 0.287186 0.302388 0.316861 0.330571 0.343484 0.35557 0.3668 0.377146 0.386583 0.395089 0.402643 0.409227 0.414825 0.419424 0.423012 0.425582 0.427126 0.427641 0.427126 0.425582 0.423012 0.419424 0.414825 0.409227 0.402643 0.395089 0.386583 0.377146 0.3668 0.35557 0.343484 0.330571 0.316861 0.302388 0.287186 0.271293 0.254745 0.237585 0.219851 0.201589 0.18284 0.163651 0.144068 0.124138 0.103908 0.0834286 0.062748 0.0419161 0.0209833 5.23604e-17 
0 0.023135 0.0462142 0.0691822 0.0919834 0.114563 0.136867 0.158841 0.180432 0.201589 0.22226 0.242395 0.261947 0.280867 0.299111 0.316634 0.333395 0.349352 0.364468 0.378705 0.392031 0.404412 0.415818 0.426223 0.435601 0.44393 0.451189 0.457361 0.462432 0.466388 0.469221 0.470923 0.471491 0.470923 0.469221 0.466388 0.462432 0.457361 0.451189 0.44393 0.435601 0.426223 0.415818 0.404412 0.392031 0.378705 0.364468 0.349352 0.333395 0.316634 0.299111 0.280867 0.261947 0.242395 0.22226 0.201589 0.180432 0.158841 0.136867 0.114563 0.0919834 0.0691822 0.0462142 0.023135 5.77295e-17 
0 0.0252309 0.050401 0.0754497 0.100317 0.124942 0.149266 0.173231 0.196778 0.219851 0.242395 0.264355 0.285678 0.306312 0.326209 0.34532 0.363599 0.381002 0.397487 0.413014 0.427547 0.441049 0.453489 0.464837 0.475064 0.484148 0.492064 0.498796 0.504326 0.50864 0.51173 0.513587 0.514206 0.513587 0.51173 0.50864 0.504326 0.498796 0.492064 0.484148 0.475064 0.464837 0.453489 0.441049 0.427547 0.413014 0.397487 0.381002 0.363599 0.34532 0.326209 0.306312 0.285678 0.264355 0.242395 0.219851 0.196778 0.173231 0.149266 0.124942 0.100317 0.0754497 0.050401 0.0252309 6.29594e-17 
0 0.027266 0.0544663 0.0815355 0.108408 0.13502 0.161306 0.187204 0.21265 0.237585 0.261947 0.285678 0.30872 0.331019 0.352521 0.373173 0.392926 0.411733 0.429548 0.446328 0.462033 0.476624 0.490068 0.50233 0.513383 0.523199 0.531754 0.539029 0.545005 0.549667 0.553006 0.555012 0.555682 0.555012 0.553006 0.549667 0.545005 0.539029 0.531754 0.523199 0.513383 0.50233 0.490068 0.476624 0.462033 0.446328 0.429548 0.411733 0.392926 0.373173 0.352521 0.331019 0.30872 0.285678 0.261947 0.237585 0.21265 0.187204 0.161306 0.13502 0.108408 0.0815355 0.0544663 0.027266 6.80377e-17 
0 0.0292354 0.0584005 0.0874248 0.116239 0.144772 0.172957 0.200725 0.22801 0.254745 0.280867 0.306312 0.331019 0.354929 0.377984 0.400128 0.421308 0.441473 0.460574 0.478566 0.495405 0.511051 0.525465 0.538614 0.550465 0.56099 0.570163 0.577963 0.58437 0.58937 0.59295 0.595101 0.595819 0.595101 0.59295 0.58937 0.58437 0.577963 0.570163 0.56099 0.550465 0.538614 0.525465 0.511051 0.495405 0.478566 0.460574 0.441473 0.421308 0.400128 0.377984 0.354929 0.331019 0.306312 0.280867 0.254745 0.22801 0.200725 0.172957 0.144772 0.116239 0.0874248 0.0584005 0.0292354 7.29521e-17 
0 0.0311345 0.0621939 0.0931035 0.123789 0.154176 0.184192 0.213764 0.242821 0.271293 0.299111 0.326209 0.352521 0.377984 0.402536 0.426118 0.448674 0.470149 0.490491 0.509652 0.527585 0.544247 0.559597 0.5736 0.586221 0.597429 0.607198 0.615505 0.622329 0.627653 0.631465 0.633756 0.634521 0.633756 0.631465 0.627653 0.622329 0.615505 0.607198 0.597429 0.586221 0.5736 0.559597 0.544247 0.527585 0.509652 0.490491 0.470149 0.448674 0.426118 0.402536 0.377984 0.352521 0.326209 0.299111 0.271293 0.242821 0.213764 0.184192 0.154176 0.123789 0.0931035 0.0621939 0.0311345 7.76908e-17 
0 0.0329585 0.0658375 0.098558 0.131041 0.163208 0.194982 0.226287 0.257046 0.287186 0.316634 0.34532 0.373173 0.400128 0.426118 0.451082 0.474959 0.497692 0.519226 0.53951 0.558493 0.576131 0.592381 0.607204 0.620564 0.632429 0.642771 0.651564 0.658787 0.664424 0.668459 0.670885 0.671694 0.670885 0.668459 0.664424 0.658787 0.651564 0.642771 0.632429 0.620564 0.607204 0.592381 0.576131 0.558493 0.53951 0.519226 0.497692 0.474959 0.451082 0.426118 0.400128 0.373173 0.34532 0.316634 0.287186 0.257046 0.226287 0.194982 0.163208 0.131041 0.098558 0.0658375 0.0329585 8.22423e-17 
0 0.0347031 0.0693225 0.103775 0.137977 0.171847 0.205303 0.238265 0.270652 0.302388 0.333395 0.363599 0.392926 0.421308 0.448674 0.474959 0.5001 0.524037 0.546711 0.568068 0.588056 0.606628 0.623738 0.639345 0.653413 0.665906 0.676795 0.686053 0.693659 0.699594 0.703843 0.706397 0.707249 0.706397 0.703843 0.699594 0.693659 0.686053 0.676795 0.665906 0.653413 0.639345 0.623738 0.606628 0.588056 0.568068 0.546711 0.524037 0.5001 0.474959 0.448674 0.421308 0.392926 0.363599 0.333395 0.302388 0.270652 0.238265 0.205303 0.171847 0.137977 0.103775 0.0693225 0.0347031 8.65956e-17 
0 0.036364 0.0726405 0.108742 0.144581 0.180073 0.21513 0.249669 0.283607 0.316861 0.349352 0.381002 0.411733 0.441473 0.470149 0.497692 0.524037 0.549119 0.572878 0.595257 0.616202 0.635663 0.653592 0.669946 0.684687 0.697778 0.709188 0.71889 0.72686 0.733079 0.737531 0.740207 0.7411 0.740207 0.737531 0.733079 0.72686 0.71889 0.709188 0.697778 0.684687 0.669946 0.653592 0.635663 0.616202 0.595257 0.572878 0.549119 0.524037 0.497692 0.470149 0.441473 0.411733 0.381002 0.349352 0.316861 0.283607 0.249669 0.21513 0.180073 0.144581 0.108742 0.0726405 0.036364 9.07403e-17 
0 0.0379374 0.0757835 0.113447 0.150837 0.187864 0.224438 0.260472 0.295878 0.330571 0.364468 0.397487 0.429548 0.460574 0.490491 0.519226 0.546711 0.572878 0.597665 0.621013 0.642864 0.663166 0.681871 0.698934 0.714312 0.72797 0.739873 0.749995 0.75831 0.764797 0.769443 0.772234 0.773166 0.772234 0.769443 0.764797 0.75831 0.749995 0.739873 0.72797 0.714312 0.698934 0.681871 0.663166 0.642864 0.621013 0.597665 0.572878 0.546711 0.519226 0.490491 0.460574 0.429548 0.397487 0.364468 0.330571 0.295878 0.260472 0.224438 0.187864 0.150837 0.113447 0.0757835 0.0379374 9.46665e-17 
0 0.0394194 0.0787439 0.117879 0.156729 0.195203 0.233206 0.270647 0.307436 0.343484 0.378705 0.413014 0.446328 0.478566 0.509652 0.53951 0.568068 0.595257 0.621013 0.645272 0.667977 0.689072 0.708508 0.726237 0.742216 0.756407 0.768776 0.779293 0.787932 0.794674 0.7995 0.802401 0.803369 0.802401 0.7995 0.794674 0.787932 0.779293 0.768776 0.756407 0.742216 0.726237 0.708508 0.689072 0.667977 0.645272 0.621013 0.595257 0.568068 0.53951 0.509652 0.478566 0.446328 0.413014 0.378705 0.343484 0.307436 0.270647 0.233206 0.195203 0.156729 0.117879 0.0787439 0.0394194 9.83646e-17 
0 0.0408065 0.0815146 0.122026 0.162244 0.202071 0.241411 0.28017 0.318254 0.35557 0.392031 0.427547 0.462033 0.495405 0.527585 0.558493 0.588056 0.616202 0.642864 0.667977 0.691481 0.713318 0.733438 0.751791 0.768332 0.783022 0.795827 0.806713 0.815657 0.822635 0.827632 0.830635 0.831637 0.830635 0.827632 0.822635 0.815657 0.806713 0.795827 0.783022 0.768332 0.751791 0.733438 0.713318 0.691481 0.667977 0.642864 0.616202 0.588056 0.558493 0.527585 0.495405 0.462033 0.427547 0.392031 0.35557 0.318254 0.28017 0.241411 0.202071 0.162244 0.122026 0.0815146 0.0408065 1.01826e-16 
0 0.0420952 0.084089 0.12588 0.167368 0.208453 0.249035 0.289018 0.328304 0.3668 0.404412 0.441049 0.476624 0.511051 0.544247 0.576131 0.606628 0.635663 0.663166 0.689072 0.713318 0.735846 0.756601 0.775533 0.792597 0.807751 0.82096 0.832191 0.841417 0.848615 0.85377 0.856867 0.857901 0.856867 0.85377 0.848615 0.841417 0.832191 0.82096 0.807751 0.792597 0.775533 0.756601 0.735846 0.713318 0.689072 0.663166 0.635663 0.606628 0.576131 0.544247 0.511051 0.476624 0.441049 0.404412 0.3668 0.328304 0.289018 0.249035 0.208453 0.167368 0.12588 0.084089 0.0420952 1.05041e-16 
0 0.0432825 0.0864608 0.129431 0.172089 0.214332 0.25606 0.29717 0.337564 0.377146 0.415818 0.453489 0.490068 0.525465 0.559597 0.592381 0.623738 0.653592 0.681871 0.708508 0.733438 0.756601 0.777941 0.797407 0.814953 0.830534 0.844116 0.855663 0.865149 0.872551 0.877851 0.881036 0.882098 0.881036 0.877851 0.872551 0.865149 0.855663 0.844116 0.830534 0.814953 0.797407 0.777941 0.756601 0.733438 0.708508 0.681871 0.653592 0.623738 0.592381 0.559597 0.525465 0.490068 0.453489 0.415818 0.377146 0.337564 0.29717 0.25606 0.214332 0.172089 0.129431 0.0864608 0.0432825 1.08004e-16 
0 0.0443656 0.0886242 0.132669 0.176395 0.219696 0.262467 0.304606 0.346011 0.386583 0.426223 0.464837 0.50233 0.538614 0.5736 0.607204 0.639345 0.669946 0.698934 0.726237 0.751791 0.775533 0.797407 0.817361 0.835345 0.851317 0.865238 0.877074 0.886797 0.894385 0.899817 0.903082 0.904171 0.903082 0.899817 0.894385 0.886797 0.877074 0.865238 0.851317 0.835345 0.817361 0.797407 0.775533 0.751791 0.726237 0.698934 0.669946 0.639345 0.607204 0.5736 0.538614 0.50233 0.464837 0.426223 0.386583 0.346011 0.304606 0.262467 0.219696 0.176395 0.132669 0.0886242 0.0443656 1.10707e-16 
0 0.0453417 0.0905742 0.135589 0.180276 0.224529 0.268242 0.311308 0.353624 0.395089 0.435601 0.475064 0.513383 0.550465 0.586221 0.620564 0.653413 0.684687 0.714312 0.742216 0.768332 0.792597 0.814953 0.835345 0.853725 0.870048 0.884275 0.896372 0.906309 0.914063 0.919615 0.922952 0.924065 0.922952 0.919615 0.914063 0.906309 0.896372 0.884275 0.870048 0.853725 0.835345 0.814953 0.792597 0.768332 0.742216 0.714312 0.684687 0.653413 0.620564 0.586221 0.550465 0.513383 0.475064 0.435601 0.395089 0.353624 0.311308 0.268242 0.224529 0.180276 0.135589 0.0905742 0.0453417 1.13143e-16 
0 0.0462087 0.092306 0.138181 0.183723 0.228822 0.273371 0.31726 0.360386 0.402643 0.44393 0.484148 0.523199 0.56099 0.597429 0.632429 0.665906 0.697778 0.72797 0.756407 0.783022 0.807751 0.830534 0.851317 0.870048 0.886683 0.901182 0.913511 0.923638 0.93154 0.937198 0.940599 0.941733 0.940599 0.937198 0.93154 0.923638 0.913511 0.901182 0.886683 0.870048 0.851317 0.830534 0.807751 0.783022 0.756407 0.72797 0.697778 0.665906 0.632429 0.597429 0.56099 0.523199 0.484148 0.44393 0.402643 0.360386 0.31726 0.273371 0.228822 0.183723 0.138181 0.092306 0.0462087 1.15306e-16 
0 0.0469643 0.0938154 0.140441 0.186727 0.232564 0.277841 0.322448 0.366279 0.409227 0.451189 0.492064 0.531754 0.570163 0.607198 0.642771 0.676795 0.709188 0.739873 0.768776 0.795827 0.82096 0.844116 0.865238 0.884275 0.901182 0.915919 0.928448 0.938741 0.946773 0.952524 0.95598 0.957133 0.95598 0.952524 0.946773 0.938741 0.928448 0.915919 0.901182 0.884275 0.865238 0.844116 0.82096 0.795827 0.768776 0.739873 0.709188 0.676795 0.642771 0.607198 0.570163 0.531754 0.492064 0.451189 0.409227 0.366279 0.322448 0.277841 0.232564 0.186727 0.140441 0.0938154 0.0469643 1.17191e-16 
0 0.0476067 0.0950988 0.142362 0.189282 0.235746 0.281642 0.326859 0.371289 0.414825 0.457361 0.498796 0.539029 0.577963 0.615505 0.651564 0.686053 0.71889 0.749995 0.779293 0.806713 0.832191 0.855663 0.877074 0.896372 0.913511 0.928448 0.94115 0.951583 0.959725 0.965554 0.969057 0.970226 0.969057 0.965554 0.959725 0.951583 0.94115 0.928448 0.913511 0.896372 0.877074 0.855663 0.832191 0.806713 0.779293 0.749995 0.71889 0.686053 0.651564 0.615505 0.577963 0.539029 0.498796 0.457361 0.414825 0.371289 0.326859 0.281642 0.235746 0.189282 0.142362 0.0950988 0.0476067 1.18795e-16 
0 0.0481345 0.0961531 0.14394 0.19138 0.238359 0.284764 0.330483 0.375406 0.419424 0.462432 0.504326 0.545005 0.58437 0.622329 0.658787 0.693659 0.72686 0.75831 0.787932 0.815657 0.841417 0.865149 0.886797 0.906309 0.923638 0.938741 0.951583 0.962133 0.970365 0.976259 0.979801 0.980982 0.979801 0.976259 0.970365 0.962133 0.951583 0.938741 0.923638 0.906309 0.886797 0.865149 0.841417 0.815657 0.787932 0.75831 0.72686 0.693659 0.658787 0.622329 0.58437 0.545005 0.504326 0.462432 0.419424 0.375406 0.330483 0.284764 0.238359 0.19138 0.14394 0.0961531 0.0481345 1.20112e-16 
0 0.0485463 0.0969757 0.145171 0.193018 0.240399 0.2872 0.33331 0.378617 0.423012 0.466388 0.50864 0.549667 0.58937 0.627653 0.664424 0.699594 0.733079 0.764797 0.794674 0.822635 0.848615 0.872551 0.894385 0.914063 0.93154 0.946773 0.959725 0.970365 0.978667 0.984611 0.988183 0.989375 0.988183 0.984611 0.978667 0.970365 0.959725 0.946773 0.93154 0.914063 0.894385 0.872551 0.848615 0.822635 0.794674 0.764797 0.733079 0.699594 0.664424 0.627653 0.58937 0.549667 0.50864 0.466388 0.423012 0.378617 0.33331 0.2872 0.240399 0.193018 0.145171 0.0969757 0.0485463 1.21139e-16 
0 0.0488412 0.0975648 0.146053 0.19419 0.241859 0.288945 0.335335 0.380917 0.425582 0.469221 0.51173 0.553006 0.59295 0.631465 0.668459 0.703843 0.737531 0.769443 0.7995 0.827632 0.85377 0.877851 0.899817 0.919615 0.937198 0.952524 0.965554 0.976259 0.984611 0.990592 0.994186 0.995385 0.994186 0.990592 0.984611 0.976259 0.965554 0.952524 0.937198 0.919615 0.899817 0.877851 0.85377 0.827632 0.7995 0.769443 0.737531 0.703843 0.668459 0.631465 0.59295 0.553006 0.51173 0.469221 0.425582 0.380917 0.335335 0.288945 0.241859 0.19419 0.146053 0.0975648 0.0488412 1.21875e-16 
0 0.0490184 0.0979187 0.146583 0.194894 0.242736 0.289993 0.336552 0.382299 0.427126 0.470923 0.513587 0.555012 0.595101 0.633756 0.670885 0.706397 0.740207 0.772234 0.802401 0.830635 0.856867 0.881036 0.903082 0.922952 0.940599 0.95598 0.969057 0.979801 0.988183 0.994186 0.997793 0.998996 0.997793 0.994186 0.988183 0.979801 0.969057 0.95598 0.940599 0.922952 0.903082 0.881036 0.856867 0.830635 0.802401 0.772234 0.740207 0.706397 0.670885 0.633756 0.595101 0.555012 0.513587 0.470923 0.427126 0.382299 0.336552 0.289993 0.242736 0.194894 0.146583 0.0979187 0.0490184 1.22317e-16 
0 0.0490775 0.0980368 0.14676 0.19513 0.243029 0.290343 0.336958 0.38276 0.427641 0.471491 0.514206 0.555682 0.595819 0.634521 0.671694 0.707249 0.7411 0.773166 0.803369 0.831637 0.857901 0.882098 0.904171 0.924065 0.941733 0.957133 0.970226 0.980982 0.989375 0.995385 0.998996 1.0002 0.998996 0.995385 0.989375 0.980982 0.970226 0.957133 0.941733 0.924065 0.904171 0.882098 0.857901 0.831637 0.803369 0.773166 0.7411 0.707249 0.671694 0.634521 0.595819 0.555682 0.514206 0.471491 0.427641 0.38276 0.336958 0.290343 0.243029 0.19513 0.14676 0.0980368 0.0490775 1.22465e-16 
0 0.0490184 0.0979187 0.146583 0.194894 0.242736 0.289993 0.336552 0.382299 0.427126 0.470923 0.513587 0.555012 0.595101 0.633756 0.670885 0.706397 0.740207 0.772234 0.802401 0.830635 0.856867 0.881036 0.903082 0.922952 0.940599 0.95598 0.969057 0.979801 0.988183 0.994186 0.997793 0.998996 0.997793 0.994186 0.988183 0.979801 0.969057 0.95598 0.940599 0.922952 0.903082 0.881036 0.856867 0.830635 0.802401 0.772234 0.740207 0.706397 0.670885 0.633756 0.595101 0.555012 0.513587 0.470923 0.427126 0.382299 0.336552 0.289993 0.242736 0.194894 0.146583 0.0979187 0.0490184 1.22317e-16 
0 0.0488412 0.0975648 0.146053 0.19419 0.241859 0.288945 0.335335 0.380917 0.425582 0.469221 0.51173 0.553006 0.59295 0.631465 0.668459 0.703843 0.737531 0.769443 0.7995 0.827632 0.85377 0.877851 0.899817 0.919615 0.937198 0.952524 0.965554 0.976259 0.984611 0.990592 0.994186 0.995385 0.994186 0.990592 0.984611 0.976259 0.965554 0.952524 0.937198 0.919615 0.899817 0.877851 0.85377 0.827632 0.7995 0.769443 0.737531 0.703843 0.668459 0.631465 0.59295 0.553006 0.51173 0.469221 0.425582 0.380917 0.335335 0.288945 0.241859 0.19419 0.146053 0.0975648 0.0488412 1.21875e-16 
0 0.0485463 0.0969757 0.145171 0.193018 0.240399 0.2872 0.33331 0.378617 0.423012 0.466388 0.50864 0.549667 0.58937 0.627653 0.664424 0.699594 0.733079 0.764797 0.794674 0.822635 0.848615 0.872551 0.894385 0.914063 0.93154 0.946773 0.959725 0.970365 0.978667 0.984611 0.988183 0.989375 0.988183 0.984611 0.978667 0.970365 0.959725 0.946773 0.93154 0.914063 0.894385 0.872551 0.848615 0.822635 0.794674 0.764797 0.733079 0.699594 0.664424 0.627653 0.58937 0.549667 0.50864 0.466388 0.423012 0.378617 0.33331 0.2872 0.240399 0.193018 0.145171 0.0969757 0.0485463 1.21139e-16 
0 0.0481345 0.0961531 0.14394 0.19138 0.238359 0.284764 0.330483 0.375406 0.419424 0.462432 0.504326 0.545005 0.58437 0.622329 0.658787 0.693659 0.72686 0.75831 0.787932 0.815657 0.841417 0.865149 0.886797 0.906309 0.923638 0.938741 0.951583 0.962133 0.970365 0.976259 0.979801 0.980982 0.979801 0.976259 0.970365 0.962133 0.951583 0.938741 0.923638 0.906309 0.886797 0.865149 0.841417 0.815657 0.787932 0.75831 0.72686 0.693659 0.658787 0.622329 0.58437 0.545005 0.504326 0.462432 0.419424 0.375406 0.330483 0.284764 0.238359 0.19138 0.14394 0.0961531 0.0481345 1.20112e-16 
0 0.0476067 0.0950988 0.142362 0.189282 0.235746 0.281642 0.326859 0.371289 0.414825 0.457361 0.498796 0.539029 0.577963 0.615505 0.651564 0.686053 0.71889 0.749995 0.779293 0.806713 0.832191 0.855663 0.877074 0.896372 0.913511 0.928448 0.94115 0.951583 0.959725 0.965554 0.969057 0.970226 0.969057 0.965554 0.959725 0.951583 0.94115 0.928448 0.913511 0.896372 0.877074 0.855663 0.832191 0.806713 0.779293 0.749995 0.71889 0.686053 0.651564 0.615505 0.577963 0.539029 0.498796 0.457361 0.414825 0.371289 0.326859 0.281642 0.235746 0.189282 0.142362 0.0950988 0.0476067 1.18795e-16 
0 0.0469643 0.0938154 0.140441 0.186727 0.232564 0.277841 0.322448 0.366279 0.409227 0.451189 0.492064 0.531754 0.570163 0.607198 0.642771 0.676795 0.709188 0.739873 0.768776 0.795827 0.82096 0.844116 0.865238 0.884275 0.901182 0.915919 0.928448 0.938741 0.946773 0.952524 0.95598 0.957133 0.95598 0.952524 0.946773 0.938741 0.928448 0.915919 0.901182 0.884275 0.865238 0.844116 0.82096 0.795827 0.768776 0.739873 0.709188 0.676795 0.642771 0.607198 0.570163 0.531754 0.492064 0.451189 0.409227 0.366279 0.322448 0.277841 0.232564 0.186727 0.140441 0.0938154 0.0469643 1.17191e-16 
0 0.0462087 0.092306 0.138181 0.183723 0.228822 0.273371 0.31726 0.360386 0.402643 0.44393 0.484148 0.523199 0.56099 0.597429 0.632429 0.665906 0.697778 0.72797 0.756407 0.783022 0.807751 0.830534 0.851317 0.870048 0.886683 0.901182 0.913511 0.923638 0.93154 0.937198 0.940599 0.941733 0.940599 0.937198 0.93154 0.923638 0.913511 0.901182 0.886683 0.870048 0.851317 0.830534 0.807751 0.783022 0.756407 0.72797 0.697778 0.665906 0.632429 0.597429 0.56099 0.523199 0.484148 0.44393 0.402643 0.360386 0.31726 0.273371 0.228822 0.183723 0.138181 0.092306 0.0462087 1.15306e-16 
0 0.0453417 0.0905742 0.135589 0.180276 0.224529 0.268242 0.311308 0.353624 0.395089 0.435601 0.475064 0.513383 0.550465 0.586221 0.620564 0.653413 0.684687 0.714312 0.742216 0.768332 0.792597 0.814953 0.835345 0.853725 0.870048 0.884275 0.896372 0.906309 0.914063 0.919615 0.922952 0.924065 0.922952 0.919615 0.914063 0.906309 0.896372 0.884275 0.870048 0.853725 0.835345 0.814953 0.792597 0.768332 0.742216 0.714312 0.684687 0.653413 0.620564 0.586221 0.550465 0.513383 0.475064 0.435601 0.395089 0.353624 0.311308 0.268242 0.224529 0.180276 0.135589 0.0905742 0.0453417 1.13143e-16 
0 0.0443656 0.0886242 0.132669 0.176395 0.219696 0.262467 0.304606 0.346011 0.386583 0.426223 0.464837 0.50233 0.538614 0.5736 0.607204 0.639345 0.669946 0.698934 0.726237 0.751791 0.775533 0.797407 0.817361 0.835345 0.851317 0.865238 0.877074 0.886797 0.894385 0.899817 0.903082 0.904171 0.903082 0.899817 0.894385 0.886797 0.877074 0.865238 0.851317 0.835345 0.817361 0.797407 0.775533 0.751791 0.726237 0.698934 0.669946 0.639345 0.607204 0.5736 0.538614 0.50233 0.464837 0.426223 0.386583 0.346011 0.304606 0.262467 0.219696 0.176395 0.132669 0.0886242 0.0443656 1.10707e-16 
0 0.0432825 0.0864608 0.129431 0.172089 0.214332 0.25606 0.29717 0.337564 0.377146 0.415818 0.453489 0.490068 0.525465 0.559597 0.592381 0.623738 0.653592 0.681871 0.708508 0.733438 0.756601 0.777941 0.797407 0.814953 0.830534 0.844116 0.855663 0.865149 0.872551 0.877851 0.881036 0.882098 0.881036 0.877851 0.872551 0.865149 0.855663 0.844116 0.830534 0.814953 0.797407 0.777941 0.756601 0.733438 0.708508 0.681871 0.653592 0.623738 0.592381 0.559597 0.525465 0.490068 0.453489 0.415818 0.377146 0.337564 0.29717 0.25606 0.214332 0.172089 0.129431 0.0864608 0.0432825 1.08004e-16 
0 0.0420952 0.084089 0.12588 0.167368 0.208453 0.249035 0.289018 0.328304 0.3668 0.404412 0.441049 0.476624 0.511051 0.544247 0.576131 0.606628 0.635663 0.663166 0.689072 0.713318 0.735846 0.756601 0.775533 0.792597 0.807751 0.82096 0.832191 0.841417 0.848615 0.85377 0.856867 0.857901 0.856867 0.85377 0.848615 0.841417 0.832191 0.82096 0.807751 0.792597 0.775533 0.756601 0.735846 0.713318 0.689072 0.663166 0.635663 0.606628 0.576131 0.544247 0.511051 0.476624 0.441049 0.404412 0.3668 0.328304 0.289018 0.249035 0.208453 0.167368 0.12588 0.084089 0.0420952 1.05041e-16 
0 0.0408065 0.0815146 0.122026 0.162244 0.202071 0.241411 0.28017 0.318254 0.35557 0.392031 0.427547 0.462033 0.495405 0.527585 0.558493 0.588056 0.616202 0.642864 0.667977 0.691481 0.713318 0.733438 0.751791 0.768332 0.783022 0.795827 0.806713 0.815657 0.822635 0.827632 0.830635 0.831637 0.830635 0.827632 0.822635 0.815657 0.806713 0.795827 0.783022 0.768332 0.751791 0.733438 0.713318 0.691481 0.667977 0.642864 0.616202 0.588056 0.558493 0.527585 0.495405 0.462033 0.427547 0.392031 0.35557 0.318254 0.28017 0.241411 0.202071 0.162244 0.122026 0.0815146 0.0408065 1.01826e-16 
0 0.0394194 0.0787439 0.117879 0.156729 0.195203 0.233206 0.270647 0.307436 0.343484 0.378705 0.413014 0.446328 0.478566 0.509652 0.53951 0.568068 0.595257 0.621013 0.645272 0.667977 0.689072 0.708508 0.726237 0.742216 0.756407 0.768776 0.779293 0.787932 0.794674 0.7995 0.802401 0.803369 0.802401 0.7995 0.794674 0.787932 0.779293 0.768776 0.756407 0.742216 0.726237 0.708508 0.689072 0.667977 0.645272 0.621013 0.595257 0.568068 0.53951 0.509652 0.478566 0.446328 0.413014 0.378705 0.343484 0.307436 0.270647 0.233206 0.195203 0.156729 0.117879 0.0787439 0.0394194 9.83646e-17 
0 0.0379374 0.0757835 0.113447 0.150837 0.187864 0.224438 0.260472 0.295878 0.330571 0.364468 0.397487 0.429548 0.460574 0.490491 0.519226 0.546711 0.572878 0.597665 0.621013 0.642864 0.663166 0.681871 0.698934 0.714312 0.72797 0.739873 0.749995 0.75831 0.764797 0.769443 0.772234 0.773166 0.772234 0.769443 0.764797 0.75831 0.749995 0.739873 0.72797 0.714312 0.698934 0.681871 0.663166 0.642864 0.621013 0.597665 0.572878 0.546711 0.519226 0.490491 0.460574 0.429548 0.397487 0.364468 0.330571 0.295878 0.260472 0.224438 0.187864 0.150837 0.113447 0.0757835 0.0379374 9.46665e-17 
0 0.036364 0.0726405 0.108742 0.144581 0.180073 0.21513 0.249669 0.283607 0.316861 0.349352 0.381002 0.411733 0.441473 0.470149 0.497692 0.524037 0.549119 0.572878 0.595257 0.616202 0.635663 0.653592 0.669946 0.684687 0.697778 0.709188 0.71889 0.72686 0.733079 0.737531 0.740207 0.7411 0.740207 0.737531 0.733079 0.72686 0.71889 0.709188 0.697778 0.684687 0.669946 0.653592 0.635663 0.616202 0.595257 0.572878 0.549119 0.524037 0.497692 0.470149 0.441473 0.411733 0.381002 0.349352 0.316861 0.283607 0.249669 0.21513 0.180073 0.144581 0.108742 0.0726405 0.036364 9.07403e-17 
0 0.0347031 0.0693225 0.103775 0.137977 0.171847 0.205303 0.238265 0.270652 0.302388 0.333395 0.363599 0.392926 0.421308 0.448674 0.474959 0.5001 0.524037 0.546711 0.568068 0.588056 0.606628 0.623738 0.639345 0.653413 0.665906 0.676795 0.686053 0.693659 0.699594 0.703843 0.706397 0.707249 0.706397 0.703843 0.699594 0.693659 0.686053 0.676795 0.665906 0.653413 0.639345 0.623738 0.606628 0.588056 0.568068 0.546711 0.524037 0.5001 0.474959 0.448674 0.421308 0.392926 0.363599 0.333395 0.302388 0.270652 0.238265 0.205303 0.171847 0.137977 0.103775 0.0693225 0.0347031 8.65956e-17 
0 0.0329585 0.0658375 0.098558 0.131041 0.163208 0.194982 0.226287 0.257046 0.287186 0.316634 0.34532 0.373173 0.400128 0.426118 0.451082 0.474959 0.497692 0.519226 0.53951 0.558493 0.576131 0.592381 0.607204 0.620564 0.632429 0.642771 0.651564 0.658787 0.664424 0.668459 0.670885 0.671694 0.670885 0.668459 0.664424 0.658787 0.651564 0.642771 0.632429 0.620564 0.607204 0.592381 0.576131 0.558493 0.53951 0.519226 0.497692 0.474959 0.451082 0.426118 0.400128 0.373173 0.34532 0.316634 0.287186 0.257046 0.226287 0.194982 0.163208 0.131041 0.098558 0.0658375 0.0329585 8.22423e-17 
0 0.0311345 0.0621939 0.0931035 0.123789 0.154176 0.184192 0.213764 0.242821 0.271293 0.299111 0.326209 0.352521 0.377984 0.402536 0.426118 0.448674 0.470149 0.490491 0.509652 0.527585 0.544247 0.559597 0.5736 0.586221 0.597429 0.607198 0.615505 0.622329 0.627653 0.631465 0.633756 0.634521 0.633756 0.631465 0.627653 0.622329 0.615505 0.607198 0.597429 0.586221 0.5736 0.559597 0.544247 0.527585 0.509652 0.490491 0.470149 0.448674 0.426118 0.402536 0.377984 0.352521 0.326209 0.299111 0.271293 0.242821 0.213764 0.184192 0.154176 0.123789 0.0931035 0.0621939 0.0311345 7.76908e-17 
0 0.0292354 0.0584005 0.0874248 0.116239 0.144772 0.172957 0.200725 0.22801 0.254745 0.280867 0.306312 0.331019 0.354929 0.377984 0.400128 0.421308 0.441473 0.460574 0.478566 0.495405 0.511051 0.525465 0.538614 0.550465 0.56099 0.570163 0.577963 0.58437 0.58937 0.59295 0.595101 0.595819 0.595101 0.59295 0.58937 0.58437 0.577963 0.570163 0.56099 0.550465 0.538614 0.525465 0.511051 0.495405 0.478566 0.460574 0.441473 0.421308 0.400128 0.377984 0.354929 0.331019 0.306312 0.280867 0.254745 0.22801 0.200725 0.172957 0.144772 0.116239 0.0874248 0.0584005 0.0292354 7.29521e-17 
0 0.027266 0.0544663 0.0815355 0.108408 0.13502 0.161306 0.187204 0.21265 0.237585 0.261947 0.285678 0.30872 0.331019 0.352521 0.373173 0.392926 0.411733 0.429548 0.446328 0.462033 0.476624 0.490068 0.50233 0.513383 0.523199 0.531754 0.539029 0.545005 0.549667 0.553006 0.555012 0.555682 0.555012 0.553006 0.549667 0.545005 0.539029 0.531754 0.523199 0.513383 0.50233 0.490068 0.476624 0.462033 0.446328 0.429548 0.411733 0.392926 0.373173 0.352521 0.331019 0.30872 0.285678 0.261947 0.237585 0.21265 0.187204 0.161306 0.13502 0.108408 0.0815355 0.0544663 0.027266 6.80377e-17 
0 0.0252309 0.050401 0.0754497 0.100317 0.124942 0.149266 0.173231 0.196778 0.219851 0.242395 0.264355 0.285678 0.306312 0.326209 0.34532 0.363599 0.381002 0.397487 0.413014 0.427547 0.441049 0.453489 0.464837 0.475064 0.484148 0.492064 0.498796 0.504326 0.50864 0.51173 0.513587 0.514206 0.513587 0.51173 0.50864 0.504326 0.498796 0.492064 0.484148 0.475064 0.464837 0.453489 0.441049 0.427547 0.413014 0.397487 0.381002 0.363599 0.34532 0.326209 0.306312 0.285678 0.264355 0.242395 0.219851 0.196778 0.173231 0.149266 0.124942 0.100317 0.0754497 0.050401 0.0252309 6.29594e-17 
0 0.023135 0.0462142 0.0691822 0.0919834 0.114563 0.136867 0.158841 0.180432 0.201589 0.22226 0.242395 0.261947 0.280867 0.299111 0.316634 0.333395 0.349352 0.364468 0.378705 0.392031 0.404412 0.415818 0.426223 0.435601 0.44393 0.451189 0.457361 0.462432 0.466388 0.469221 0.470923 0.471491 0.470923 0.469221 0.466388 0.462432 0.457361 0.451189 0.44393 0.435601 0.426223 0.415818 0.404412 0.392031 0.378705 0.364468 0.349352 0.333395 0.316634 0.299111 0.280867 0.261947 0.242395 0.22226 0.201589 0.180432 0.158841 0.136867 0.114563 0.0919834 0.0691822 0.0462142 0.023135 5.77295e-17 
0 0.0209833 0.0419161 0.062748 0.0834286 0.103908 0.124138 0.144068 0.163651 0.18284 0.201589 0.219851 0.237585 0.254745 0.271293 0.287186 0.302388 0.316861 0.330571 0.343484 0.35557 0.3668 0.377146 0.386583 0.395089 0.402643 0.409227 0.414825 0.419424 0.423012 0.425582 0.427126 0.427641 0.427126 0.425582 0.423012 0.419424 0.414825 0.409227 0.402643 0.395089 0.386583 0.377146 0.3668 0.35557 0.343484 0.330571 0.316861 0.302388 0.287186 0.271293 0.254745 0.237585 0.219851 0.201589 0.18284 0.163651 0.144068 0.124138 0.103908 0.0834286 0.062748 0.0419161 0.0209833 5.23604e-17 
0 0.0187812 0.0375171 0.0561626 0.0746728 0.0930032 0.111109 0.128948 0.146476 0.163651 0.180432 0.196778 0.21265 0.22801 0.242821 0.257046 0.270652 0.283607 0.295878 0.307436 0.318254 0.328304 0.337564 0.346011 0.353624 0.360386 0.366279 0.371289 0.375406 0.378617 0.380917 0.382299 0.38276 0.382299 0.380917 0.378617 0.375406 0.371289 0.366279 0.360386 0.353624 0.346011 0.337564 0.328304 0.318254 0.307436 0.295878 0.283607 0.270652 0.257046 0.242821 0.22801 0.21265 0.196778 0.180432 0.163651 0.146476 0.128948 0.111109 0.0930032 0.0746728 0.0561626 0.0375171 0.0187812 4.68652e-17 
0 0.0165337 0.0330276 0.0494419 0.0657371 0.081874 0.0978136 0.113518 0.128948 0.144068 0.158841 0.173231 0.187204 0.200725 0.213764 0.226287 0.238265 0.249669 0.260472 0.270647 0.28017 0.289018 0.29717 0.304606 0.311308 0.31726 0.322448 0.326859 0.330483 0.33331 0.335335 0.336552 0.336958 0.336552 0.335335 0.33331 0.330483 0.326859 0.322448 0.31726 0.311308 0.304606 0.29717 0.289018 0.28017 0.270647 0.260472 0.249669 0.238265 0.226287 0.213764 0.200725 0.187204 0.173231 0.158841 0.144068 0.128948 0.113518 0.0978136 0.081874 0.0657371 0.0494419 0.0330276 0.0165337 4.12571e-17 
0 0.0142465 0.0284586 0.0426022 0.0566431 0.0705476 0.0842821 0.0978136 0.111109 0.124138 0.136867 0.149266 0.161306 0.172957 0.184192 0.194982 0.205303 0.21513 0.224438 0.233206 0.241411 0.249035 0.25606 0.262467 0.268242 0.273371 0.277841 0.281642 0.284764 0.2872 0.288945 0.289993 0.290343 0.289993 0.288945 0.2872 0.284764 0.281642 0.277841 0.273371 0.268242 0.262467 0.25606 0.249035 0.241411 0.233206 0.224438 0.21513 0.205303 0.194982 0.184192 0.172957 0.161306 0.149266 0.136867 0.124138 0.111109 0.0978136 0.0842821 0.0705476 0.0566431 0.0426022 0.0284586 0.0142465 3.55496e-17 
0 0.0119249 0.023821 0.0356598 0.0474126 0.0590512 0.0705476 0.081874 0.0930032 0.103908 0.114563 0.124942 0.13502 0.144772 0.154176 0.163208 0.171847 0.180073 0.187864 0.195203 0.202071 0.208453 0.214332 0.219696 0.224529 0.228822 0.232564 0.235746 0.238359 0.240399 0.241859 0.242736 0.243029 0.242736 0.241859 0.240399 0.238359 0.235746 0.232564 0.228822 0.224529 0.219696 0.214332 0.208453 0.202071 0.195203 0.187864 0.180073 0.171847 0.163208 0.154176 0.144772 0.13502 0.124942 0.114563 0.103908 0.0930032 0.081874 0.0705476 0.0590512 0.0474126 0.0356598 0.023821 0.0119249 2.97565e-17 
0 0.00957455 0.019126 0.0286314 0.0380679 0.0474126 0.0566431 0.0657371 0.0746728 0.0834286 0.0919834 0.100317 0.108408 0.116239 0.123789 0.131041 0.137977 0.144581 0.150837 0.156729 0.162244 0.167368 0.172089 0.176395 0.180276 0.183723 0.186727 0.189282 0.19138 0.193018 0.19419 0.194894 0.19513 0.194894 0.19419 0.193018 0.19138 0.189282 0.186727 0.183723 0.180276 0.176395 0.172089 0.167368 0.162244 0.156729 0.150837 0.144581 0.137977 0.131041 0.123789 0.116239 0.108408 0.100317 0.0919834 0.0834286 0.0746728 0.0657371 0.0566431 0.0474126 0.0380679 0.0286314 0.019126 0.00957455 2.38917e-17 
0 0.00720117 0.014385 0.0215342 0.0286314 0.0356598 0.0426022 0.0494419 0.0561626 0.062748 0.0691822 0.0754497 0.0815355 0.0874248 0.0931035 0.098558 0.103775 0.108742 0.113447 0.117879 0.122026 0.12588 0.129431 0.132669 0.135589 0.138181 0.140441 0.142362 0.14394 0.145171 0.146053 0.146583 0.14676 0.146583 0.146053 0.145171 0.14394 0.142362 0.140441 0.138181 0.135589 0.132669 0.129431 0.12588 0.122026 0.117879 0.113447 0.108742 0.103775 0.098558 0.0931035 0.0874248 0.0815355 0.0754497 0.0691822 0.062748 0.0561626 0.0494419 0.0426022 0.0356598 0.0286314 0.0215342 0.014385 0.00720117 1.79693e-17 
0 0.00481044 0.00960929 0.014385 0.019126 0.023821 0.0284586 0.0330276 0.0375171 0.0419161 0.0462142 0.050401 0.0544663 0.0584005 0.0621939 0.0658375 0.0693225 0.0726405 0.0757835 0.0787439 0.0815146 0.084089 0.0864608 0.0886242 0.0905742 0.092306 0.0938154 0.0950988 0.0961531 0.0969757 0.0975648 0.0979187 0.0980368 0.0979187 0.0975648 0.0969757 0.0961531 0.0950988 0.0938154 0.092306 0.0905742 0.0886242 0.0864608 0.084089 0.0815146 0.0787439 0.0757835 0.0726405 0.0693225 0.0658375 0.0621939 0.0584005 0.0544663 0.050401 0.0462142 0.0419161 0.0375171 0.0330276 0.0284586 0.023821 0.019126 0.014385 0.00960929 0.00481044 1.20036e-17 
0 0.00240812 0.00481044 0.00720117 0.00957455 0.0119249 0.0142465 0.0165337 0.0187812 0.0209833 0.023135 0.0252309 0.027266 0.0292354 0.0311345 0.0329585 0.0347031 0.036364 0.0379374 0.0394194 0.0408065 0.0420952 0.0432825 0.0443656 0.0453417 0.0462087 0.0469643 0.0476067 0.0481345 0.0485463 0.0488412 0.0490184 0.0490775 0.0490184 0.0488412 0.0485463 0.0481345 0.0476067 0.0469643 0.0462087 0.0453417 0.0443656 0.0432825 0.0420952 0.0408065 0.0394194 0.0379374 0.036364 0.0347031 0.0329585 0.0311345 0.0292354 0.027266 0.0252309 0.023135 0.0209833 0.0187812 0.0165337 0.0142465 0.0119249 0.00957455 0.00720117 0.00481044 0.00240812 6.00906e-18 
0 6.00906e-18 1.20036e-17 1.79693e-17 2.38917e-17 2.97565e-17 3.55496e-17 4.12571e-17 4.68652e-17 5.23604e-17 5.77295e-17 6.29594e-17 6.80377e-17 7.29521e-17 7.76908e-17 8.22423e-17 8.65956e-17 9.07403e-17 9.46665e-17 9.83646e-17 1.01826e-16 1.05041e-16 1.08004e-16 1.10707e-16 1.13143e-16 1.15306e-16 1.17191e-16 1.18795e-16 1.20112e-16 1.21139e-16 1.21875e-16 1.22317e-16 1.22465e-16 1.22317e-16 1.21875e-16 1.21139e-16 1.20112e-16 1.18795e-16 1.17191e-16 1.15306e-16 1.13143e-16 1.10707e-16 1.08004e-16 1.05041e-16 1.01826e-16 9.83646e-17 9.46665e-17 9.07403e-17 8.65956e-17 8.22423e-17 7.76908e-17 7.29521e-17 6.80377e-17 6.29594e-17 5.77295e-17 5.23604e-17 4.68652e-17 4.12571e-17 3.55496e-17 2.97565e-17 2.38917e-17 1.79693e-17 1.20036e-17 6.00906e-18 1.49976e-32 
