0 0 0 0 0 0 0 0 0 0 0 0 0 0 0 0 0 0 0 0 0 0 0 0 0 0 0 0 0 0 0 0 0 
0 7.72026e-06 1.53662e-05 2.28641e-05 3.01418e-05 3.71293e-05 4.37591e-05 4.99676e-05 5.56948e-05 6.08857e-05 6.54902e-05 6.9464e-05 7.27688e-05 7.53728e-05 7.7251e-05 7.83851e-05 7.87644e-05 7.83851e-05 7.7251e-05 7.53728e-05 7.27688e-05 6.9464e-05 6.54902e-05 6.08857e-05 5.56948e-05 4.99676e-05 4.37591e-05 3.71293e-05 3.01418e-05 2.28641e-05 1.53662e-05 7.72026e-06 0 
0 1.53662e-05 3.05844e-05 4.5508e-05 5.99934e-05 7.3901e-05 8.70969e-05 9.9454e-05 0.000110853 0.000121185 0.00013035 0.000138259 0.000144837 0.00015002 0.000153758 0.000156015 0.00015677 0.000156015 0.000153758 0.00015002 0.000144837 0.000138259 0.00013035 0.000121185 0.000110853 9.9454e-05 8.70969e-05 7.3901e-05 5.99934e-05 4.5508e-05 3.05844e-05 1.53662e-05 0 
0 2.28641e-05 4.5508e-05 6.77136e-05 8.92671e-05 0.000109961 0.000129596 0.000147983 0.000164944 0.000180317 0.000193954 0.000205722 0.00021551 0.000223222 0.000228784 0.000232143 0.000233266 0.000232143 0.000228784 0.000223222 0.00021551 0.000205722 0.000193954 0.000180317 0.000164944 0.000147983 0.000129596 0.000109961 8.92671e-05 6.77136e-05 4.5508e-05 2.28641e-05 0 
0 3.01418e-05 5.99934e-05 8.92671e-05 0.000117681 0.000144962 0.000170847 0.000195086 0.000217447 0.000237713 0.00025569 0.000271205 0.000284108 0.000294274 0.000301607 0.000306035 0.000307516 0.000306035 0.000301607 0.000294274 0.000284108 0.000271205 0.00025569 0.000237713 0.000217447 0.000195086 0.000170847 0.000144962 0.000117681 8.92671e-05 5.99934e-05 3.01418e-05 0 
0 3.71293e-05 7.3901e-05 0.000109961 0.000144962 0.000178567 0.000210452 0.000240311 0.000267855 0.000292819 0.000314964 0.000334075 0.000349969 0.000362493 0.000371525 0.00037698 0.000378804 0.00037698 0.000371525 0.000362493 0.000349969 0.000334075 0.000314964 0.000292819 0.000267855 0.000240311 0.000210452 0.000178567 0.000144962 0.000109961 7.3901e-05 3.71293e-05 0 
0 4.37591e-05 8.70969e-05 0.000129596 0.000170847 0.000210452 0.000248031 0.000283221 0.000315683 0.000345106 0.000371204 0.000393728 0.00041246 0.00042722 0.000437866 0.000444294 0.000446444 0.000444294 0.000437866 0.00042722 0.00041246 0.000393728 0.000371204 0.000345106 0.000315683 0.000283221 0.000248031 0.000210452 0.000170847 0.000129596 8.70969e-05 4.37591e-05 0 
0 4.99676e-05 9.9454e-05 0.000147983 0.000195086 0.000240311 0.000283221 0.000323404 0.000360472 0.000394069 0.00042387 0.00044959 0.000470979 0.000487833 0.000499989 0.00050733 0.000509784 0.00050733 0.000499989 0.000487833 0.000470979 0.00044959 0.00042387 0.000394069 0.000360472 0.000323404 0.000283221 0.000240311 0.000195086 0.000147983 9.9454e-05 4.99676e-05 0 
0 5.56948e-05 0.000110853 0.000164944 0.000217447 0.000267855 0.000315683 0.000360472 0.000401789 0.000439236 0.000472454 0.000501121 0.000524962 0.000543748 0.000557297 0.000565479 0.000568215 0.000565479 0.000557297 0.000543748 0.000524962 0.000501121 0.000472454 0.000439236 0.000401789 0.000360472 0.000315683 0.000267855 0.000217447 0.000164944 0.000110853 5.56948e-05 0 
0 6.08857e-05 0.000121185 0.000180317 0.000237713 0.000292819 0.000345106 0.000394069 0.000439236 0.000480174 0.000516487 0.000547827 0.00057389 0.000594426 0.000609238 0.000618183 0.000621174 0.000618183 0.000609238 0.000594426 0.00057389 0.000547827 0.000516487 0.000480174 0.000439236 0.000394069 0.000345106 0.000292819 0.000237713 0.000180317 0.000121185 6.08857e-05 0 
0 6.54902e-05 0.00013035 0.000193954 0.00025569 0.000314964 0.000371204 0.00042387 0.000472454 0.000516487 0.000555547 0.000589256 0.00061729 0.00063938 0.000655312 0.000664933 0.00066815 0.000664933 0.000655312 0.00063938 0.00061729 0.000589256 0.000555547 0.000516487 0.000472454 0.00042387 0.000371204 0.000314964 0.00025569 0.000193954 0.00013035 6.54902e-05 0 
0 6.9464e-05 0.000138259 0.000205722 0.000271205 0.000334075 0.000393728 0.00044959 0.000501121 0.000547827 0.000589256 0.000625011 0.000654746 0.000678176 0.000695075 0.00070528 0.000708692 0.00070528 0.000695075 0.000678176 0.000654746 0.000625011 0.000589256 0.000547827 0.000501121 0.00044959 0.000393728 0.000334075 0.000271205 0.000205722 0.000138259 6.9464e-05 0 
0 7.27688e-05 0.000144837 0.00021551 0.000284108 0.000349969 0.00041246 0.000470979 0.000524962 0.00057389 0.00061729 0.000654746 0.000685896 0.000710441 0.000728144 0.000738834 0.000742409 0.000738834 0.000728144 0.000710441 0.000685896 0.000654746 0.00061729 0.00057389 0.000524962 0.000470979 0.00041246 0.000349969 0.000284108 0.00021551 0.000144837 7.27688e-05 0 
0 7.53728e-05 0.00015002 0.000223222 0.000294274 0.000362493 0.00042722 0.000487833 0.000543748 0.000594426 0.00063938 0.000678176 0.000710441 0.000735864 0.0007542 0.000765273 0.000768976 0.000765273 0.0007542 0.000735864 0.000710441 0.000678176 0.00063938 0.000594426 0.000543748 0.000487833 0.00042722 0.000362493 0.000294274 0.000223222 0.00015002 7.53728e-05 0 
0 7.7251e-05 0.000153758 0.000228784 0.000301607 0.000371525 0.000437866 0.000499989 0.000557297 0.000609238 0.000655312 0.000695075 0.000728144 0.0007542 0.000772993 0.000784342 0.000788137 0.000784342 0.000772993 0.0007542 0.000728144 0.000695075 0.000655312 0.000609238 0.000557297 0.000499989 0.000437866 0.000371525 0.000301607 0.000228784 0.000153758 7.7251e-05 0 
0 7.83851e-05 0.000156015 0.000232143 0.000306035 0.00037698 0.000444294 0.00050733 0.000565479 0.000618183 0.000664933 0.00070528 0.000738834 0.000765273 0.000784342 0.000795857 0.000799708 0.000795857 0.000784342 0.000765273 0.000738834 0.00070528 0.000664933 0.000618183 0.000565479 0.00050733 0.000444294 0.00037698 0.000306035 0.000232143 0.000156015 7.83851e-05 0 
0 7.87644e-05 0.00015677 0.000233266 0.000307516 0.000378804 0.000446444 0.000509784 0.000568215 0.000621174 0.00066815 0.000708692 0.000742409 0.000768976 0.000788137 0.000799708 0.000803578 0.000799708 0.000788137 0.000768976 0.000742409 0.000708692 0.00066815 0.000621174 0.000568215 0.000509784 0.000446444 0.000378804 0.000307516 0.000233266 0.00015677 7.87644e-05 0 
0 7.83851e-05 0.000156015 0.000232143 0.000306035 0.00037698 0.000444294 0.00050733 0.000565479 0.000618183 0.000664933 0.00070528 0.000738834 0.000765273 0.000784342 0.000795857 0.000799708 0.000795857 0.000784342 0.000765273 0.000738834 0.00070528 0.000664933 0.000618183 0.000565479 0.00050733 0.000444294 0.00037698 0.000306035 0.000232143 0.000156015 7.83851e-05 0 
0 7.7251e-05 0.000153758 0.000228784 0.000301607 0.000371525 0.000437866 0.000499989 0.000557297 0.000609238 0.000655312 0.000695075 0.000728144 0.0007542 0.000772993 0.000784342 0.000788137 0.000784342 0.000772993 0.0007542 0.000728144 0.000695075 0.000655312 0.000609238 0.000557297 0.000499989 0.000437866 0.000371525 0.000301607 0.000228784 0.000153758 7.7251e-05 0 
0 7.53728e-05 0.00015002 0.000223222 0.000294274 0.000362493 0.00042722 0.000487833 0.000543748 0.000594426 0.00063938 0.000678176 0.000710441 0.000735864 0.0007542 0.000765273 0.000768976 0.000765273 0.0007542 0.000735864 0.000710441 0.000678176 0.00063938 0.000594426 0.000543748 0.000487833 0.00042722 0.000362493 0.000294274 0.000223222 0.00015002 7.53728e-05 0 
0 7.27688e-05 0.000144837 0.00021551 0.000284108 0.000349969 0.00041246 0.000470979 0.000524962 0.00057389 0.00061729 0.000654746 0.000685896 0.000710441 0.000728144 0.000738834 0.000742409 0.000738834 0.000728144 0.000710441 0.000685896 0.000654746 0.00061729 0.00057389 0.000524962 0.000470979 0.00041246 0.000349969 0.000284108 0.00021551 0.000144837 7.27688e-05 0 
0 6.9464e-05 0.000138259 0.000205722 0.000271205 0.000334075 0.000393728 0.00044959 0.000501121 0.000547827 0.000589256 0.000625011 0.000654746 0.000678176 0.000695075 0.00070528 0.000708692 0.00070528 0.000695075 0.000678176 0.000654746 0.000625011 0.000589256 0.000547827 0.000501121 0.00044959 0.000393728 0.000334075 0.000271205 0.000205722 0.000138259 6.9464e-05 0 
0 6.54902e-05 0.00013035 0.000193954 0.00025569 0.000314964 0.000371204 0.00042387 0.000472454 0.000516487 0.000555547 0.000589256 0.00061729 0.00063938 0.000655312 0.000664933 0.00066815 0.000664933 0.000655312 0.00063938 0.00061729 0.000589256 0.000555547 0.000516487 0.000472454 0.00042387 0.000371204 0.000314964 0.00025569 0.000193954 0.00013035 6.54902e-05 0 
0 6.08857e-05 0.000121185 0.000180317 0.000237713 0.000292819 0.000345106 0.000394069 0.000439236 0.000480174 0.000516487 0.000547827 0.00057389 0.000594426 0.000609238 0.000618183 0.000621174 0.000618183 0.000609238 0.000594426 0.00057389 0.000547827 0.000516487 0.000480174 0.000439236 0.000394069 0.000345106 0.000292819 0.000237713 0.000180317 0.000121185 6.08857e-05 0 
0 5.56948e-05 0.000110853 0.000164944 0.000217447 0.000267855 0.000315683 0.000360472 0.000401789 0.000439236 0.000472454 0.000501121 0.000524962 0.000543748 0.000557297 0.000565479 0.000568215 0.000565479 0.000557297 0.000543748 0.000524962 0.000501121 0.000472454 0.000439236 0.000401789 0.000360472 0.000315683 0.000267855 0.000217447 0.000164944 0.000110853 5.56948e-05 0 
0 4.99676e-05 9.9454e-05 0.000147983 0.000195086 0.000240311 0.000283221 0.000323404 0.000360472 0.000394069 0.00042387 0.00044959 0.000470979 0.000487833 0.000499989 0.00050733 0.000509784 0.00050733 0.000499989 0.000487833 0.000470979 0.00044959 0.00042387 0.000394069 0.000360472 0.000323404 0.000283221 0.000240311 0.000195086 0.000147983 9.9454e-05 4.99676e-05 0 
0 4.37591e-05 8.70969e-05 0.000129596 0.000170847 0.000210452 0.000248031 0.000283221 0.000315683 0.000345106 0.000371204 0.000393728 0.00041246 0.00042722 0.000437866 0.000444294 0.000446444 0.000444294 0.000437866 0.00042722 0.00041246 0.000393728 0.000371204 0.000345106 0.000315683 0.000283221 0.000248031 0.000210452 0.000170847 0.000129596 8.70969e-05 4.37591e-05 0 
0 3.71293e-05 7.3901e-05 0.000109961 0.000144962 0.000178567 0.000210452 0.000240311 0.000267855 0.000292819 0.000314964 0.000334075 0.000349969 0.000362493 0.000371525 0.00037698 0.000378804 0.00037698 0.000371525 0.000362493 0.000349969 0.000334075 0.000314964 0.000292819 0.000267855 0.000240311 0.000210452 0.000178567 0.000144962 0.000109961 7.3901e-05 3.71293e-05 0 
0 3.01418e-05 5.99934e-05 8.92671e-05 0.000117681 0.000144962 0.000170847 0.000195086 0.000217447 0.000237713 0.00025569 0.000271205 0.000284108 0.000294274 0.000301607 0.000306035 0.000307516 0.000306035 0.000301607 0.000294274 0.000284108 0.000271205 0.00025569 0.000237713 0.000217447 0.000195086 0.000170847 0.000144962 0.000117681 8.92671e-05 5.99934e-05 3.01418e-05 0 
0 2.28641e-05 4.5508e-05 6.77136e-05 8.92671e-05 0.000109961 0.000129596 0.000147983 0.000164944 0.000180317 0.000193954 0.000205722 0.00021551 0.000223222 0.000228784 0.000232143 0.000233266 0.000232143 0.000228784 0.000223222 0.00021551 0.000205722 0.000193954 0.000180317 0.000164944 0.000147983 0.000129596 0.000109961 8.92671e-05 6.77136e-05 4.5508e-05 2.28641e-05 0 
0 1.53662e-05 3.05844e-05 4.5508e-05 5.99934e-05 7.3901e-05 8.70969e-05 9.9454e-05 0.000110853 0.000121185 0.00013035 0.000138259 0.000144837 0.00015002 0.000153758 0.000156015 0.00015677 0.000156015 0.000153758 0.00015002 0.000144837 0.000138259 0.00013035 0.000121185 0.000110853 9.9454e-05 8.70969e-05 7.3901e-05 5.99934e-05 4.5508e-05 3.05844e-05 1.53662e-05 0 
0 7.72026e-06 1.53662e-05 2.28641e-05 3.01418e-05 3.71293e-05 4.37591e-05 4.99676e-05 5.56948e-05 6.08857e-05 6.54902e-05 6.9464e-05 7.27688e-05 7.53728e-05 7.7251e-05 7.83851e-05 7.87644e-05 7.83851e-05 7.7251e-05 7.53728e-05 7.27688e-05 6.9464e-05 6.54902e-05 6.08857e-05 5.56948e-05 4.99676e-05 4.37591e-05 3.71293e-05 3.01418e-05 2.28641e-05 1.53662e-05 7.72026e-06 0 
0 0 0 0 0 0 0 0 0 0 0 0 0 0 0 0 0 0 0 0 0 0 0 0 0 0 0 0 0 0 0 0 0 
