0 5.07407e-16 0.0117188 0.046875 0.117188 0.234375 0.410156 0.65625 0.984375 
5.26666e-16 6.57815e-16 0.0117188 0.046875 0.117188 0.234375 0.410156 0.65625 0.984375 
0.0117188 0.0117188 0.0234375 0.0585938 0.128906 0.246094 0.421875 0.667969 0.996094 
0.046875 0.046875 0.0585938 0.09375 0.164063 0.28125 0.457031 0.703125 1.03125 
0.117188 0.117188 0.128906 0.164063 0.234375 0.351563 0.527344 0.773438 1.10156 
0.234375 0.234375 0.246094 0.28125 0.351563 0.46875 0.644531 0.890625 1.21875 
0.410156 0.410156 0.421875 0.457031 0.527344 0.644531 0.820313 1.06641 1.39453 
0.65625 0.65625 0.667969 0.703125 0.773438 0.890625 1.06641 1.3125 1.64063 
0.984375 0.984375 0.996094 1.03125 1.10156 1.21875 1.39453 1.64063 1.96875 
