0 0 0 0 0 0 0 0 0 0 0 0 0 0 0 0 0 
0 0 0 0 0 0 0.175735 0.187989 0.192796 0.189851 0.179309 0.161653 0.13763 0.108215 0.0745743 0.0380273 2.38917e-17 
0 0 0 0 0 0 0.344303 0.36867 0.378302 0.372546 0.351833 0.317164 0.270017 0.212299 0.146298 0.0746001 4.68652e-17 
0 0 0 0 0 0 0.495535 0.535144 0.549689 0.541256 0.511052 0.460621 0.392108 0.308273 0.212427 0.108318 6.80377e-17 
0 0 0 0 0 0.57416 0.640768 0.684669 0.701215 0.689723 0.650922 0.586542 0.499228 0.392459 0.270426 0.137889 8.65956e-17 
0 0 0 0 0.57416 0.679575 0.758336 0.808073 0.826255 0.812026 0.765998 0.690062 0.587252 0.461617 0.318063 0.162175 1.01826e-16 
0 0.175735 0.344303 0.495535 0.640768 0.758336 0.845697 0.900151 0.919597 0.903247 0.85175 0.767149 0.652768 0.513075 0.353502 0.180239 1.13143e-16 
0 0.187989 0.36867 0.535144 0.684669 0.808073 0.900151 0.957368 0.977499 0.959746 0.904793 0.814785 0.693225 0.544835 0.375368 0.191384 1.20112e-16 
0 0.192796 0.378302 0.549689 0.701215 0.826255 0.919597 0.977499 0.997662 0.979271 0.923024 0.831093 0.707037 0.555658 0.38281 0.195174 1.22465e-16 
0 0.189851 0.372546 0.541256 0.689723 0.812026 0.903247 0.959746 0.979271 0.961029 0.905701 0.815414 0.69365 0.545111 0.375533 0.191461 1.20112e-16 
0 0.179309 0.351833 0.511052 0.650922 0.765998 0.85175 0.904793 0.923024 0.905701 0.85347 0.768332 0.653563 0.51359 0.353809 0.180383 1.13143e-16 
0 0.161653 0.317164 0.460621 0.586542 0.690062 0.767149 0.814785 0.831093 0.815414 0.768332 0.691648 0.58831 0.462299 0.318469 0.162364 1.01826e-16 
0 0.13763 0.270017 0.392108 0.499228 0.587252 0.652768 0.693225 0.707037 0.69365 0.653563 0.58831 0.500397 0.393208 0.270869 0.138095 8.65956e-17 
0 0.108215 0.212299 0.308273 0.392459 0.461617 0.513075 0.544835 0.555658 0.545111 0.51359 0.462299 0.393208 0.308974 0.212841 0.10851 6.80377e-17 
0 0.0745743 0.146298 0.212427 0.270426 0.318063 0.353502 0.375368 0.38281 0.375533 0.353809 0.318469 0.270869 0.212841 0.146618 0.0747481 4.68652e-17 
0 0.0380273 0.0746001 0.108318 0.137889 0.162175 0.180239 0.191384 0.195174 0.191461 0.180383 0.162364 0.138095 0.10851 0.0747481 0.0381077 2.38917e-17 
0 2.38917e-17 4.68652e-17 6.80377e-17 8.65956e-17 1.01826e-16 1.13143e-16 1.20112e-16 1.22465e-16 1.20112e-16 1.13143e-16 1.01826e-16 8.65956e-17 6.80377e-17 4.68652e-17 2.38917e-17 1.49976e-32 
