0 0 0 0 0 0 0 0 0 0 0 0 0 0 0 0 0 
0 0.0381827 0.0748982 0.108735 0.138394 0.162734 0.18082 0.191958 0.195718 0.191958 0.18082 0.162734 0.138394 0.108735 0.0748982 0.0381827 2.38917e-17 
0 0.0748982 0.146918 0.213292 0.271469 0.319214 0.354691 0.376538 0.383915 0.376538 0.354691 0.319214 0.271469 0.213292 0.146918 0.0748982 4.68652e-17 
0 0.108735 0.213292 0.309652 0.394112 0.463427 0.514932 0.546649 0.557359 0.546649 0.514932 0.463427 0.394112 0.309652 0.213292 0.108735 6.80377e-17 
0 0.138394 0.271469 0.394112 0.501609 0.58983 0.655384 0.695752 0.709383 0.695752 0.655384 0.58983 0.501609 0.394112 0.271469 0.138394 8.65956e-17 
0 0.162734 0.319214 0.463427 0.58983 0.693567 0.77065 0.818118 0.834146 0.818118 0.77065 0.693567 0.58983 0.463427 0.319214 0.162734 1.01826e-16 
0 0.18082 0.354691 0.514932 0.655384 0.77065 0.856301 0.909044 0.926853 0.909044 0.856301 0.77065 0.655384 0.514932 0.354691 0.18082 1.13143e-16 
0 0.191958 0.376538 0.546649 0.695752 0.818118 0.909044 0.965036 0.983942 0.965036 0.909044 0.818118 0.695752 0.546649 0.376538 0.191958 1.20112e-16 
0 0.195718 0.383915 0.557359 0.709383 0.834146 0.926853 0.983942 1.00322 0.983942 0.926853 0.834146 0.709383 0.557359 0.383915 0.195718 1.22465e-16 
0 0.191958 0.376538 0.546649 0.695752 0.818118 0.909044 0.965036 0.983942 0.965036 0.909044 0.818118 0.695752 0.546649 0.376538 0.191958 1.20112e-16 
0 0.18082 0.354691 0.514932 0.655384 0.77065 0.856301 0.909044 0.926853 0.909044 0.856301 0.77065 0.655384 0.514932 0.354691 0.18082 1.13143e-16 
0 0.162734 0.319214 0.463427 0.58983 0.693567 0.77065 0.818118 0.834146 0.818118 0.77065 0.693567 0.58983 0.463427 0.319214 0.162734 1.01826e-16 
0 0.138394 0.271469 0.394112 0.501609 0.58983 0.655384 0.695752 0.709383 0.695752 0.655384 0.58983 0.501609 0.394112 0.271469 0.138394 8.65956e-17 
0 0.108735 0.213292 0.309652 0.394112 0.463427 0.514932 0.546649 0.557359 0.546649 0.514932 0.463427 0.394112 0.309652 0.213292 0.108735 6.80377e-17 
0 0.0748982 0.146918 0.213292 0.271469 0.319214 0.354691 0.376538 0.383915 0.376538 0.354691 0.319214 0.271469 0.213292 0.146918 0.0748982 4.68652e-17 
0 0.0381827 0.0748982 0.108735 0.138394 0.162734 0.18082 0.191958 0.195718 0.191958 0.18082 0.162734 0.138394 0.108735 0.0748982 0.0381827 2.38917e-17 
0 2.38917e-17 4.68652e-17 6.80377e-17 8.65956e-17 1.01826e-16 1.13143e-16 1.20112e-16 1.22465e-16 1.20112e-16 1.13143e-16 1.01826e-16 8.65956e-17 6.80377e-17 4.68652e-17 2.38917e-17 1.49976e-32 
