0 0 0 0 0 0 0 0 0 
0 0.125901 0.150344 0.168987 0.182813 0.193163 0.200994 0.20695 0 
0 0.150344 0.160041 0.170723 0.180754 0.189935 0.198401 0.206285 0 
0 0.168987 0.170723 0.175687 0.182334 0.189996 0.198363 0.207218 0 
0 0.182813 0.180754 0.182334 0.186541 0.192719 0.200411 0.209245 0 
0 0.193163 0.189935 0.189996 0.192719 0.197572 0.204107 0.211942 0 
0 0.200994 0.198401 0.198363 0.200411 0.204107 0.20908 0.215039 0 
0 0.20695 0.206285 0.207218 0.209245 0.211942 0.215039 0.218424 0 
0 0 0 0 0 0 0 0 0 
