0 3.8147e-06 3.05176e-05 0.000102997 0.000244141 0.000476837 0.000823975 0.00130844 0.00195312 0.00278091 0.0038147 0.00507736 0.0065918 0.00838089 0.0104675 0.0128746 0.015625 0.0187416 0.0222473 0.026165 0.0305176 0.0353279 0.0406189 0.0464134 0.0527344 0.0596046 0.0670471 0.0750847 0.0837402 0.0930367 0.102997 0.113644 0.125 0.137089 0.149933 0.163555 0.177979 0.193226 0.20932 0.226284 0.244141 0.262913 0.282623 0.303295 0.324951 0.347614 0.371307 0.396053 0.421875 0.448795 0.476837 0.506023 0.536377 0.567921 0.600677 0.63467 0.669922 0.706455 0.744293 0.783459 0.823975 0.865864 0.909149 0.953854 1 
3.8147e-06 0 0 0 0 0 0 0 0 0 0 0 0 0 0 0 0 0 0 0 0 0 0 0 0.0527263 0.0597964 0.0672322 0.0752411 0.0838741 0.0931548 0.103104 0.113741 0.12509 0.137172 0.15001 0.163627 0.178045 0.193288 0.209378 0.226337 0.24419 0.262959 0.282666 0.303335 0.324988 0.347649 0.371339 0.396083 0.421902 0.448821 0.476861 0.506045 0.536397 0.567939 0.600694 0.634686 0.669936 0.706468 0.744304 0.783469 0.823983 0.865871 0.909155 0.953859 1 
3.05176e-05 0 0 0 0 0 0 0 0 0 0 0 0 0 0 0 0 0 0 0 0 0 0 0 0 0.0602175 0.0674622 0.0754142 0.0840241 0.0932916 0.103231 0.113861 0.125202 0.137278 0.15011 0.163721 0.178135 0.193372 0.209458 0.226414 0.244263 0.263028 0.282732 0.303397 0.325048 0.347706 0.371394 0.396135 0.421953 0.448869 0.476907 0.50609 0.53644 0.56798 0.600734 0.634724 0.669973 0.706503 0.744338 0.783501 0.824015 0.865902 0.909184 0.953887 1.00003 
0.000102997 0 0 0 0 0 0 0 0 0 0 0 0 0 0 0 0 0 0 0 0 0 0 0 0 0.0602963 0.0676258 0.0755933 0.0842031 0.0934662 0.1034 0.114023 0.125359 0.137429 0.150255 0.163861 0.178269 0.193502 0.209583 0.226535 0.24438 0.263142 0.282842 0.303505 0.325153 0.347808 0.371494 0.396233 0.422048 0.448962 0.476999 0.50618 0.536528 0.568067 0.600819 0.634808 0.670055 0.706584 0.744418 0.78358 0.824092 0.865978 0.909259 0.95396 1.0001 
0.000244141 0 0 0 0 0 0 0 0 0 0 0 0 0 0 0 0 0 0 0 0 0 0 0 0 0.0604058 0.0678151 0.0758167 0.0844382 0.093703 0.103634 0.114252 0.125582 0.137646 0.150467 0.164068 0.178471 0.193699 0.209776 0.226724 0.244565 0.263324 0.283021 0.303681 0.325326 0.347979 0.371662 0.396399 0.422212 0.449124 0.477159 0.506338 0.536685 0.568222 0.600973 0.63496 0.670206 0.706734 0.744567 0.783727 0.824238 0.866122 0.909403 0.954102 1.00024 
0.000476837 0 0 0 0 0 0 0 0 0 0 0 0 0 0 0 0 0 0 0 0 0 0 0 0 0.0606302 0.0680986 0.0761296 0.0847626 0.0940294 0.103957 0.114571 0.125896 0.137954 0.150769 0.164365 0.178763 0.193987 0.210059 0.227003 0.244841 0.263596 0.283291 0.303948 0.32559 0.34824 0.371921 0.396656 0.422467 0.449378 0.47741 0.506588 0.536933 0.568469 0.601218 0.635203 0.670448 0.706975 0.744806 0.783965 0.824475 0.866358 0.909638 0.954336 1.00048 
0.000823975 0 0 0 0 0 0 0 0 0 0 0 0 0 0 0 0 0 0 0 0 0 0 0 0 0.0610315 0.0685293 0.0765728 0.0852086 0.094473 0.104396 0.115004 0.126322 0.138374 0.151184 0.164774 0.179167 0.194387 0.210455 0.227395 0.24523 0.263982 0.283673 0.304327 0.325967 0.348615 0.372294 0.397027 0.422836 0.449744 0.477775 0.506951 0.537295 0.568829 0.601577 0.635561 0.670805 0.70733 0.74516 0.784318 0.824827 0.866709 0.909987 0.954685 1.00082 
0.00130844 0 0 0 0 0 0 0 0 0 0 0 0 0 0 0 0 0 0 0 0 0 0 0 0 0.061661 0.0691467 0.077179 0.0858044 0.0950591 0.104973 0.115573 0.126884 0.13893 0.151734 0.165319 0.179707 0.194922 0.210987 0.227923 0.245754 0.264503 0.284192 0.304843 0.326481 0.349126 0.372803 0.397534 0.423341 0.450248 0.478277 0.507452 0.537794 0.569327 0.602073 0.636056 0.671298 0.707822 0.745651 0.784808 0.825316 0.867197 0.910474 0.95517 1.00131 
0.00195312 0 0 0 0 0 0 0 0 0 0 0 0 0 0 0 0 0 0 0 0 0 0 0 0 0.06254 0.0699729 0.0779702 0.0865718 0.0958098 0.105711 0.116302 0.127605 0.139643 0.152441 0.166021 0.180405 0.195616 0.211676 0.228609 0.246437 0.265183 0.284869 0.305518 0.327153 0.349797 0.373471 0.3982 0.424006 0.450911 0.478939 0.508111 0.538452 0.569984 0.602729 0.636711 0.671952 0.708475 0.746303 0.785458 0.825965 0.867844 0.911121 0.955816 1.00195 
0.00278091 0 0 0 0 0 0 0 0 0 0 0 0 0 0 0 0 0 0 0 0 0 0 0 0 0.0636637 0.071013 0.078958 0.0875271 0.0967437 0.10663 0.11721 0.128504 0.140536 0.153328 0.166903 0.181282 0.196489 0.212546 0.229476 0.247301 0.266044 0.285728 0.306375 0.328007 0.350649 0.374322 0.399049 0.424853 0.451756 0.479782 0.508954 0.539293 0.570824 0.603567 0.637548 0.672788 0.70931 0.747136 0.786291 0.826796 0.868675 0.91195 0.956645 1.00278 
0.0038147 0 0 0 0 0 0 0 0 0 0 0 0 0 0 0 0 0 0 0 0 0 0 0 0 0.0650143 0.0722584 0.0801458 0.0886816 0.0978772 0.10775 0.118318 0.129605 0.14163 0.154417 0.167986 0.182362 0.197565 0.213619 0.230546 0.248369 0.267109 0.28679 0.307435 0.329066 0.351706 0.375377 0.400102 0.425905 0.452807 0.480831 0.510001 0.54034 0.571869 0.604611 0.638591 0.673829 0.71035 0.748176 0.78733 0.827834 0.869712 0.912986 0.957679 1.00381 
0.00507736 0 0 0 0 0 0 0 0 0 0 0 0 0 0 0 0 0 0 0 0 0 0 0 0 0.066552 0.0736844 0.081532 0.090046 0.0992267 0.109088 0.119648 0.130928 0.142947 0.155729 0.169295 0.183667 0.198867 0.214918 0.231842 0.249662 0.268401 0.28808 0.308723 0.330352 0.35299 0.376659 0.401383 0.427184 0.454085 0.482108 0.511277 0.541614 0.573142 0.605884 0.639862 0.6751 0.711619 0.749444 0.788597 0.8291 0.870977 0.914251 0.958943 1.00508 
0.0065918 0 0 0 0 0 0 0 0 0 0 0 0 0 0 0 0 0 0 0 0 0 0 0 0.061014 0.0679432 0.0752421 0.0831215 0.0916363 0.100811 0.110666 0.12122 0.132494 0.144509 0.157287 0.17085 0.185219 0.200416 0.216465 0.233387 0.251205 0.269941 0.289619 0.31026 0.331887 0.354524 0.378192 0.402915 0.428714 0.455614 0.483636 0.512804 0.54314 0.574666 0.607407 0.641384 0.676621 0.71314 0.750964 0.790116 0.830618 0.872494 0.915767 0.960458 1.00659 
0.00838089 0 0 0 0 0 0 0 0 0 0 0 0 0 0 0 0 0 0 0 0 0 0 0 0.0630884 0.0698115 0.077089 0.0849683 0.0934821 0.102654 0.112505 0.123056 0.134327 0.146339 0.159114 0.172674 0.187041 0.202236 0.218283 0.235203 0.253019 0.271754 0.29143 0.31207 0.333696 0.356331 0.379998 0.404719 0.430518 0.457416 0.485437 0.514604 0.544939 0.576465 0.609205 0.643181 0.678417 0.714935 0.752758 0.791909 0.832411 0.874286 0.917557 0.962248 1.00838 
0.0104675 0 0 0 0 0 0 0 0 0 0 0 0 0 0 0 0 0 0 0 0 0 0 0 0.0654501 0.0719951 0.0792269 0.0870962 0.0956081 0.104779 0.114629 0.125179 0.136448 0.148459 0.161232 0.17479 0.189155 0.204349 0.220394 0.237313 0.255128 0.273862 0.293536 0.314175 0.3358 0.358434 0.3821 0.40682 0.432618 0.459515 0.487535 0.516701 0.547035 0.57856 0.611299 0.645274 0.680509 0.717027 0.754849 0.793999 0.8345 0.876375 0.919645 0.964335 1.01047 
0.0128746 0 0 0 0 0 0 0 0 0 0 0 0 0 0 0 0 0 0 0 0 0 0 0.061457 0.0677099 0.0743845 0.0816426 0.08952 0.0980361 0.10721 0.117061 0.127611 0.138881 0.150891 0.163664 0.177221 0.191585 0.206778 0.222823 0.23974 0.257554 0.276287 0.295961 0.316598 0.338222 0.360855 0.38452 0.40924 0.435036 0.461933 0.489952 0.519117 0.549451 0.580975 0.613713 0.647688 0.682922 0.719439 0.75726 0.79641 0.83691 0.878784 0.922054 0.966743 1.01287 
0.015625 0 0 0 0 0 0 0 0 0 0 0 0 0 0 0 0 0 0 0 0 0 0 0.0644169 0.0704407 0.0771058 0.0843775 0.0922664 0.100791 0.10997 0.119825 0.130377 0.141648 0.153659 0.166432 0.17999 0.194354 0.209547 0.22559 0.242508 0.260321 0.279053 0.298726 0.319363 0.340986 0.363618 0.387283 0.412001 0.437797 0.464693 0.492712 0.521876 0.552209 0.583732 0.61647 0.650444 0.685677 0.722193 0.760014 0.799163 0.839663 0.881536 0.924806 0.969494 1.01562 
0.0187416 0 0 0 0 0 0 0 0 0 0 0 0 0 0 0 0 0 0 0 0 0 0.0615712 0.0672844 0.0734458 0.0801589 0.0874565 0.0953618 0.103897 0.113084 0.122945 0.133501 0.144774 0.156787 0.169561 0.18312 0.197484 0.212677 0.22872 0.245637 0.263451 0.282182 0.301855 0.322491 0.344114 0.366746 0.390409 0.415127 0.440923 0.467818 0.495836 0.525 0.555332 0.586855 0.619592 0.653565 0.688798 0.725314 0.763134 0.802283 0.842782 0.884654 0.927923 0.972611 1.01874 
0.0222473 0 0 0 0 0 0 0 0 0 0 0 0 0 0 0 0 0 0 0 0 0.0595735 0.0648793 0.0706193 0.0768374 0.083589 0.0909118 0.0988343 0.107382 0.116577 0.126444 0.137005 0.148282 0.160297 0.173074 0.186633 0.200998 0.216192 0.232236 0.249153 0.266966 0.285698 0.30537 0.326006 0.347629 0.37026 0.393924 0.418641 0.444436 0.471331 0.499349 0.528512 0.558843 0.590366 0.623102 0.657076 0.692308 0.728823 0.766643 0.805791 0.846289 0.888161 0.93143 0.976118 1.02225 
0.026165 0 0 0 0 0 0 0 0 0 0 0 0 0 0 0 0 0 0 0 0.0585463 0.0633868 0.0686688 0.0744147 0.0806567 0.0874322 0.0947744 0.102712 0.111271 0.120475 0.130349 0.140915 0.152196 0.164214 0.176993 0.190554 0.204921 0.220115 0.23616 0.253078 0.270891 0.289623 0.309295 0.329931 0.351554 0.374185 0.397848 0.422566 0.44836 0.475255 0.503272 0.532435 0.562766 0.594288 0.627024 0.660997 0.696229 0.732744 0.770563 0.809711 0.850209 0.89208 0.935348 0.980036 1.02617 
0.0305176 0 0 0 0 0 0 0 0 0 0 0 0 0 0 0 0 0 0 0.0585463 0.0628813 0.067674 0.0729327 0.0786752 0.0849266 0.0917158 0.0990717 0.107021 0.11559 0.124803 0.134683 0.145254 0.156539 0.168561 0.181342 0.194906 0.209274 0.22447 0.240516 0.257434 0.275248 0.29398 0.313653 0.334289 0.355912 0.378543 0.402206 0.426923 0.452718 0.479612 0.507629 0.536792 0.567123 0.598645 0.63138 0.665353 0.700585 0.737099 0.774918 0.814065 0.854563 0.896434 0.939702 0.984389 1.03052 
0.0353279 0 0 0 0 0 0 0 0 0 0 0 0 0 0 0 0 0 0.0595735 0.0633868 0.067674 0.0724338 0.0776742 0.0834111 0.0896657 0.0964628 0.103828 0.111787 0.120364 0.129584 0.139471 0.150047 0.161336 0.173362 0.186146 0.199712 0.214082 0.229279 0.245326 0.262246 0.280061 0.298793 0.318466 0.339103 0.360726 0.383357 0.40702 0.431738 0.457532 0.484426 0.512443 0.541606 0.571936 0.603458 0.636193 0.670166 0.705397 0.741911 0.77973 0.818877 0.859374 0.901245 0.944513 0.989199 1.03533 
0.0406189 0 0 0 0 0 0 0 0 0 0 0 0 0 0 0 0 0.0615712 0.0648793 0.0686688 0.0729327 0.0776742 0.0829034 0.0886362 0.0948924 0.101695 0.109067 0.117033 0.125617 0.134843 0.144735 0.155317 0.16661 0.178639 0.191426 0.204995 0.219367 0.234566 0.250615 0.267535 0.285351 0.304085 0.323758 0.344396 0.366019 0.38865 0.412314 0.437031 0.462826 0.48972 0.517737 0.546899 0.57723 0.608751 0.641487 0.675459 0.71069 0.747204 0.785022 0.824169 0.864666 0.906537 0.949804 0.994491 1.04062 
0.0464134 0 0 0 0 0 0 0 0 0 0 0 0 0 0 0.061457 0.0644169 0.0672844 0.0706193 0.0744147 0.0786752 0.0834111 0.0886362 0.0943679 0.100626 0.107432 0.11481 0.122782 0.131372 0.140604 0.150501 0.161087 0.172385 0.184417 0.197208 0.210779 0.225153 0.240354 0.256404 0.273326 0.291143 0.309877 0.329552 0.35019 0.371813 0.394446 0.418109 0.442827 0.468621 0.495516 0.523533 0.552695 0.583026 0.614547 0.647283 0.681254 0.716486 0.752999 0.790818 0.829964 0.870461 0.912332 0.955599 1.00029 1.04641 
0.0527344 0.0527263 0 0 0 0 0 0 0 0 0 0 0.061014 0.0630884 0.0654501 0.0677099 0.0704407 0.0734458 0.0768374 0.0806567 0.0849266 0.0896657 0.0948924 0.100626 0.106887 0.113697 0.12108 0.129057 0.137653 0.14689 0.156792 0.167382 0.178684 0.190719 0.203513 0.217086 0.231463 0.246666 0.262718 0.279641 0.297459 0.316195 0.33587 0.356509 0.378133 0.400766 0.42443 0.449148 0.474943 0.501837 0.529854 0.559017 0.589348 0.620869 0.653604 0.687576 0.722807 0.759321 0.797139 0.836286 0.876783 0.918653 0.96192 1.00661 1.05273 
0.0596046 0.0597964 0.0602175 0.0602963 0.0604058 0.0606302 0.0610315 0.061661 0.06254 0.0636637 0.0650143 0.066552 0.0679432 0.0698115 0.0719951 0.0743845 0.0771058 0.0801589 0.083589 0.0874322 0.0917158 0.0964628 0.101695 0.107432 0.113697 0.120512 0.127899 0.135881 0.144482 0.153724 0.16363 0.174224 0.18553 0.197569 0.210365 0.223941 0.23832 0.253525 0.269579 0.286504 0.304323 0.32306 0.342736 0.363376 0.385001 0.407634 0.431298 0.456017 0.481812 0.508707 0.536724 0.565887 0.596218 0.627739 0.660475 0.694447 0.729678 0.766191 0.80401 0.843156 0.883653 0.925524 0.968791 1.01348 1.0596 
0.0670471 0.0672322 0.0674622 0.0676258 0.0678151 0.0680986 0.0685293 0.0691467 0.0699729 0.071013 0.0722584 0.0736844 0.0752421 0.077089 0.0792269 0.0816426 0.0843775 0.0874565 0.0909118 0.0947744 0.0990717 0.103828 0.109067 0.11481 0.12108 0.127899 0.135291 0.143278 0.151883 0.161129 0.171039 0.181638 0.192946 0.204989 0.217788 0.231367 0.245748 0.260955 0.27701 0.293937 0.311758 0.330496 0.350173 0.370813 0.392439 0.415073 0.438738 0.463457 0.489253 0.516148 0.544166 0.573329 0.60366 0.635181 0.667917 0.701889 0.73712 0.773634 0.811452 0.850599 0.891096 0.932966 0.976233 1.02092 1.06705 
0.0750847 0.0752411 0.0754142 0.0755933 0.0758167 0.0761296 0.0765728 0.077179 0.0779702 0.078958 0.0801458 0.081532 0.0831215 0.0849683 0.0870962 0.08952 0.0922664 0.0953618 0.0988343 0.102712 0.107021 0.111787 0.117033 0.122782 0.129057 0.135881 0.143278 0.151269 0.159878 0.169128 0.179043 0.189645 0.200957 0.213002 0.225804 0.239386 0.253769 0.268978 0.285035 0.301964 0.319786 0.338525 0.358204 0.378845 0.400471 0.423106 0.446772 0.471491 0.497288 0.524183 0.552201 0.581365 0.611696 0.643218 0.675954 0.709926 0.745157 0.781671 0.819489 0.858636 0.899133 0.941004 0.984271 1.02896 1.07508 
0.0837402 0.0838741 0.0840241 0.0842031 0.0844382 0.0847626 0.0852086 0.0858044 0.0865718 0.0875271 0.0886816 0.090046 0.0916363 0.0934821 0.0956081 0.0980361 0.100791 0.103897 0.107382 0.111271 0.11559 0.120364 0.125617 0.131372 0.137653 0.144482 0.151883 0.159878 0.168491 0.177746 0.187664 0.198269 0.209584 0.221633 0.234437 0.248021 0.262407 0.277618 0.293677 0.310607 0.328431 0.347171 0.366851 0.387493 0.409121 0.431756 0.455422 0.480143 0.50594 0.532836 0.560854 0.590018 0.620349 0.651872 0.684608 0.71858 0.753812 0.790326 0.828144 0.867291 0.907788 0.949659 0.992926 1.03761 1.08374 
0.0930367 0.0931548 0.0932916 0.0934662 0.093703 0.0940294 0.094473 0.0950591 0.0958098 0.0967437 0.0978772 0.0992267 0.100811 0.102654 0.104779 0.10721 0.10997 0.113084 0.116577 0.120475 0.124803 0.129584 0.134843 0.140604 0.14689 0.153724 0.161129 0.169128 0.177746 0.187003 0.196925 0.207533 0.218852 0.230903 0.24371 0.257297 0.271685 0.286898 0.302958 0.31989 0.337715 0.356457 0.376138 0.396781 0.41841 0.441046 0.464713 0.489434 0.515232 0.542128 0.570147 0.599311 0.629643 0.661166 0.693902 0.727875 0.763107 0.799621 0.83744 0.876587 0.917084 0.958955 1.00222 1.04691 1.09304 
0.102997 0.103104 0.103231 0.1034 0.103634 0.103957 0.104396 0.104973 0.105711 0.10663 0.10775 0.109088 0.110666 0.112505 0.114629 0.117061 0.119825 0.122945 0.126444 0.130349 0.134683 0.139471 0.144735 0.150501 0.156792 0.16363 0.171039 0.179043 0.187664 0.196925 0.20685 0.217461 0.228783 0.240837 0.253646 0.267235 0.281625 0.29684 0.312903 0.329836 0.347662 0.366405 0.386088 0.406732 0.428362 0.450999 0.474667 0.499388 0.525187 0.552084 0.580103 0.609268 0.6396 0.671123 0.70386 0.737833 0.773065 0.80958 0.847399 0.886546 0.927043 0.968914 1.01218 1.05687 1.103 
0.113644 0.113741 0.113861 0.114023 0.114252 0.114571 0.115004 0.115573 0.116302 0.11721 0.118318 0.119648 0.12122 0.123056 0.125179 0.127611 0.130377 0.133501 0.137005 0.140915 0.145254 0.150047 0.155317 0.161087 0.167382 0.174224 0.181638 0.189645 0.198269 0.207533 0.217461 0.228076 0.2394 0.251456 0.264269 0.277859 0.292252 0.307468 0.323533 0.340467 0.358296 0.37704 0.396723 0.417369 0.438999 0.461638 0.485306 0.510029 0.535828 0.562726 0.590746 0.619911 0.650244 0.681767 0.714504 0.748477 0.78371 0.820225 0.858044 0.897191 0.937689 0.979561 1.02283 1.06751 1.11364 
0.125 0.12509 0.125202 0.125359 0.125582 0.125896 0.126322 0.126884 0.127605 0.128504 0.129605 0.130928 0.132494 0.134327 0.136448 0.138881 0.141648 0.144774 0.148282 0.152196 0.156539 0.161336 0.16661 0.172385 0.178684 0.18553 0.192946 0.200957 0.209584 0.218852 0.228783 0.2394 0.250726 0.262785 0.2756 0.289193 0.303587 0.318806 0.334872 0.351808 0.369637 0.388383 0.408068 0.428714 0.450346 0.472985 0.496655 0.521378 0.547177 0.574076 0.602097 0.631262 0.661596 0.69312 0.725857 0.759831 0.795064 0.831579 0.869399 0.908546 0.949044 0.990916 1.03418 1.07887 1.125 
0.137089 0.137172 0.137278 0.137429 0.137646 0.137954 0.138374 0.13893 0.139643 0.140536 0.14163 0.142947 0.144509 0.146339 0.148459 0.150891 0.153659 0.156787 0.160297 0.164214 0.168561 0.173362 0.178639 0.184417 0.190719 0.197569 0.204989 0.213002 0.221633 0.230903 0.240837 0.251456 0.262785 0.274847 0.287663 0.301258 0.315654 0.330875 0.346942 0.36388 0.381711 0.400458 0.420144 0.440792 0.462424 0.485064 0.508735 0.533459 0.559259 0.586159 0.61418 0.643346 0.67368 0.705204 0.737942 0.771917 0.80715 0.843665 0.881486 0.920633 0.961132 1.003 1.04627 1.09096 1.13709 
0.149933 0.15001 0.15011 0.150255 0.150467 0.150769 0.151184 0.151734 0.152441 0.153328 0.154417 0.155729 0.157287 0.159114 0.161232 0.163664 0.166432 0.169561 0.173074 0.176993 0.181342 0.186146 0.191426 0.197208 0.203513 0.210365 0.217788 0.225804 0.234437 0.24371 0.253646 0.264269 0.2756 0.287663 0.300482 0.314079 0.328477 0.343699 0.359768 0.376707 0.39454 0.413288 0.432975 0.453624 0.475258 0.497899 0.52157 0.546295 0.572096 0.598996 0.627018 0.656185 0.686519 0.718044 0.750783 0.784757 0.819991 0.856507 0.894327 0.933476 0.973975 1.01585 1.05912 1.1038 1.14993 
0.163555 0.163627 0.163721 0.163861 0.164068 0.164365 0.164774 0.165319 0.166021 0.166903 0.167986 0.169295 0.17085 0.172674 0.17479 0.177221 0.17999 0.18312 0.186633 0.190554 0.194906 0.199712 0.204995 0.210779 0.217086 0.223941 0.231367 0.239386 0.248021 0.257297 0.267235 0.277859 0.289193 0.301258 0.314079 0.327677 0.342077 0.357301 0.373372 0.390312 0.408146 0.426896 0.446584 0.467234 0.488868 0.51151 0.535183 0.559908 0.58571 0.612611 0.640634 0.669801 0.700136 0.731662 0.764401 0.798376 0.83361 0.870126 0.907947 0.947096 0.987595 1.02947 1.07274 1.11743 1.16356 
0.177979 0.178045 0.178135 0.178269 0.178471 0.178763 0.179167 0.179707 0.180405 0.181282 0.182362 0.183667 0.185219 0.187041 0.189155 0.191585 0.194354 0.197484 0.200998 0.204921 0.209274 0.214082 0.219367 0.225153 0.231463 0.23832 0.245748 0.253769 0.262407 0.271685 0.281625 0.292252 0.303587 0.315654 0.328477 0.342077 0.356478 0.371704 0.387776 0.404718 0.422553 0.441304 0.460993 0.481645 0.50328 0.525923 0.549596 0.574323 0.600125 0.627027 0.65505 0.684218 0.714554 0.74608 0.77882 0.812795 0.84803 0.884547 0.922368 0.961517 1.00202 1.04389 1.08716 1.13185 1.17798 
0.193226 0.193288 0.193372 0.193502 0.193699 0.193987 0.194387 0.194922 0.195616 0.196489 0.197565 0.198867 0.200416 0.202236 0.204349 0.206778 0.209547 0.212677 0.216192 0.220115 0.22447 0.229279 0.234566 0.240354 0.246666 0.253525 0.260955 0.268978 0.277618 0.286898 0.29684 0.307468 0.318806 0.330875 0.343699 0.357301 0.371704 0.386931 0.403004 0.419948 0.437784 0.456536 0.476227 0.496879 0.518515 0.541159 0.564833 0.589561 0.615364 0.642266 0.67029 0.699459 0.729795 0.761322 0.794062 0.828038 0.863274 0.899791 0.937613 0.976763 1.01726 1.05914 1.10241 1.14709 1.19323 
0.20932 0.209378 0.209458 0.209583 0.209776 0.210059 0.210455 0.210987 0.211676 0.212546 0.213619 0.214918 0.216465 0.218283 0.220394 0.222823 0.22559 0.22872 0.232236 0.23616 0.240516 0.245326 0.250615 0.256404 0.262718 0.269579 0.27701 0.285035 0.293677 0.302958 0.312903 0.323533 0.334872 0.346942 0.359768 0.373372 0.387776 0.403004 0.419079 0.436024 0.453862 0.472615 0.492307 0.51296 0.534597 0.557242 0.580917 0.605645 0.631449 0.658352 0.686377 0.715547 0.745884 0.777411 0.810152 0.844128 0.879364 0.915882 0.953704 0.992854 1.03336 1.07523 1.1185 1.16319 1.20932 
0.226284 0.226337 0.226414 0.226535 0.226724 0.227003 0.227395 0.227923 0.228609 0.229476 0.230546 0.231842 0.233387 0.235203 0.237313 0.23974 0.242508 0.245637 0.249153 0.253078 0.257434 0.262246 0.267535 0.273326 0.279641 0.286504 0.293937 0.301964 0.310607 0.31989 0.329836 0.340467 0.351808 0.36388 0.376707 0.390312 0.404718 0.419948 0.436024 0.45297 0.470809 0.489563 0.509256 0.52991 0.551549 0.574194 0.59787 0.622599 0.648404 0.675308 0.703333 0.732504 0.762841 0.794369 0.82711 0.861088 0.896324 0.932842 0.970665 1.00982 1.05032 1.09219 1.13546 1.18015 1.22628 
0.244141 0.24419 0.244263 0.24438 0.244565 0.244841 0.24523 0.245754 0.246437 0.247301 0.248369 0.249662 0.251205 0.253019 0.255128 0.257554 0.260321 0.263451 0.266966 0.270891 0.275248 0.280061 0.285351 0.291143 0.297459 0.304323 0.311758 0.319786 0.328431 0.337715 0.347662 0.358296 0.369637 0.381711 0.39454 0.408146 0.422553 0.437784 0.453862 0.470809 0.488649 0.507404 0.527098 0.547753 0.569392 0.592039 0.615716 0.640446 0.666251 0.693156 0.721182 0.750353 0.780691 0.81222 0.844962 0.87894 0.914177 0.950695 0.988519 1.02767 1.06817 1.11005 1.15332 1.19801 1.24414 
0.262913 0.262959 0.263028 0.263142 0.263324 0.263596 0.263982 0.264503 0.265183 0.266044 0.267109 0.268401 0.269941 0.271754 0.273862 0.276287 0.279053 0.282182 0.285698 0.289623 0.29398 0.298793 0.304085 0.309877 0.316195 0.32306 0.330496 0.338525 0.347171 0.356457 0.366405 0.37704 0.388383 0.400458 0.413288 0.426896 0.441304 0.456536 0.472615 0.489563 0.507404 0.52616 0.545855 0.566511 0.588152 0.610799 0.634477 0.659208 0.685014 0.711919 0.739946 0.769118 0.799457 0.830986 0.863728 0.897707 0.932944 0.969464 1.00729 1.04644 1.08694 1.12882 1.17209 1.21678 1.26291 
0.282623 0.282666 0.282732 0.282842 0.283021 0.283291 0.283673 0.284192 0.284869 0.285728 0.28679 0.28808 0.289619 0.29143 0.293536 0.295961 0.298726 0.301855 0.30537 0.309295 0.313653 0.318466 0.323758 0.329552 0.33587 0.342736 0.350173 0.358204 0.366851 0.376138 0.386088 0.396723 0.408068 0.420144 0.432975 0.446584 0.460993 0.476227 0.492307 0.509256 0.527098 0.545855 0.565551 0.586208 0.607849 0.630498 0.654176 0.678908 0.704715 0.731621 0.759649 0.788821 0.81916 0.85069 0.883433 0.917413 0.952651 0.989171 1.027 1.06615 1.10665 1.14853 1.1918 1.23649 1.28262 
0.303295 0.303335 0.303397 0.303505 0.303681 0.303948 0.304327 0.304843 0.305518 0.306375 0.307435 0.308723 0.31026 0.31207 0.314175 0.316598 0.319363 0.322491 0.326006 0.329931 0.334289 0.339103 0.344396 0.35019 0.356509 0.363376 0.370813 0.378845 0.387493 0.396781 0.406732 0.417369 0.428714 0.440792 0.453624 0.467234 0.481645 0.496879 0.51296 0.52991 0.547753 0.566511 0.586208 0.606866 0.628508 0.651157 0.674837 0.699569 0.725377 0.752284 0.780312 0.809485 0.839825 0.871356 0.9041 0.938079 0.973318 1.00984 1.04766 1.08682 1.12732 1.1692 1.21247 1.25716 1.3033 
0.324951 0.324988 0.325048 0.325153 0.325326 0.32559 0.325967 0.326481 0.327153 0.328007 0.329066 0.330352 0.331887 0.333696 0.3358 0.338222 0.340986 0.344114 0.347629 0.351554 0.355912 0.360726 0.366019 0.371813 0.378133 0.385001 0.392439 0.400471 0.409121 0.41841 0.428362 0.438999 0.450346 0.462424 0.475258 0.488868 0.50328 0.518515 0.534597 0.551549 0.569392 0.588152 0.607849 0.628508 0.650151 0.672801 0.696481 0.721214 0.747023 0.773931 0.80196 0.831133 0.861474 0.893005 0.92575 0.95973 0.99497 1.03149 1.06932 1.10847 1.14897 1.19085 1.23412 1.27882 1.32495 
0.347614 0.347649 0.347706 0.347808 0.347979 0.34824 0.348615 0.349126 0.349797 0.350649 0.351706 0.35299 0.354524 0.356331 0.358434 0.360855 0.363618 0.366746 0.37026 0.374185 0.378543 0.383357 0.38865 0.394446 0.400766 0.407634 0.415073 0.423106 0.431756 0.441046 0.450999 0.461638 0.472985 0.485064 0.497899 0.51151 0.525923 0.541159 0.557242 0.574194 0.592039 0.610799 0.630498 0.651157 0.672801 0.695452 0.719133 0.743867 0.769676 0.796585 0.824614 0.853789 0.88413 0.915662 0.948407 0.982388 1.01763 1.05415 1.09198 1.13113 1.17163 1.21351 1.25679 1.30148 1.34761 
0.371307 0.371339 0.371394 0.371494 0.371662 0.371921 0.372294 0.372803 0.373471 0.374322 0.375377 0.376659 0.378192 0.379998 0.3821 0.38452 0.387283 0.390409 0.393924 0.397848 0.402206 0.40702 0.412314 0.418109 0.42443 0.431298 0.438738 0.446772 0.455422 0.464713 0.474667 0.485306 0.496655 0.508735 0.52157 0.535183 0.549596 0.564833 0.580917 0.59787 0.615716 0.634477 0.654176 0.674837 0.696481 0.719133 0.742815 0.767549 0.79336 0.820268 0.848299 0.877474 0.907816 0.939349 0.972094 1.00608 1.04132 1.07784 1.11567 1.15482 1.19533 1.2372 1.28048 1.32517 1.37131 
0.396053 0.396083 0.396135 0.396233 0.396399 0.396656 0.397027 0.397534 0.3982 0.399049 0.400102 0.401383 0.402915 0.404719 0.40682 0.40924 0.412001 0.415127 0.418641 0.422566 0.426923 0.431738 0.437031 0.442827 0.449148 0.456017 0.463457 0.471491 0.480143 0.489434 0.499388 0.510029 0.521378 0.533459 0.546295 0.559908 0.574323 0.589561 0.605645 0.622599 0.640446 0.659208 0.678908 0.699569 0.721214 0.743867 0.767549 0.792284 0.818095 0.845005 0.873036 0.902212 0.932555 0.964088 0.996834 1.03082 1.06606 1.10258 1.14041 1.17956 1.22007 1.26195 1.30522 1.34992 1.39605 
0.421875 0.421902 0.421953 0.422048 0.422212 0.422467 0.422836 0.423341 0.424006 0.424853 0.425905 0.427184 0.428714 0.430518 0.432618 0.435036 0.437797 0.440923 0.444436 0.44836 0.452718 0.457532 0.462826 0.468621 0.474943 0.481812 0.489253 0.497288 0.50594 0.515232 0.525187 0.535828 0.547177 0.559259 0.572096 0.58571 0.600125 0.615364 0.631449 0.648404 0.666251 0.685014 0.704715 0.725377 0.747023 0.769676 0.79336 0.818095 0.843907 0.870817 0.898849 0.928026 0.958369 0.989903 1.02265 1.05663 1.09187 1.1284 1.16623 1.20538 1.24589 1.28777 1.33104 1.37574 1.42188 
0.448795 0.448821 0.448869 0.448962 0.449124 0.449378 0.449744 0.450248 0.450911 0.451756 0.452807 0.454085 0.455614 0.457416 0.459515 0.461933 0.464693 0.467818 0.471331 0.475255 0.479612 0.484426 0.48972 0.495516 0.501837 0.508707 0.516148 0.524183 0.532836 0.542128 0.552084 0.562726 0.574076 0.586159 0.598996 0.612611 0.627027 0.642266 0.658352 0.675308 0.693156 0.711919 0.731621 0.752284 0.773931 0.796585 0.820268 0.845005 0.870817 0.897728 0.925761 0.954938 0.985282 1.01682 1.04956 1.08355 1.11879 1.15531 1.19314 1.2323 1.27281 1.31469 1.35796 1.40266 1.4488 
0.476837 0.476861 0.476907 0.476999 0.477159 0.47741 0.477775 0.478277 0.478939 0.479782 0.480831 0.482108 0.483636 0.485437 0.487535 0.489952 0.492712 0.495836 0.499349 0.503272 0.507629 0.512443 0.517737 0.523533 0.529854 0.536724 0.544166 0.552201 0.560854 0.570147 0.580103 0.590746 0.602097 0.61418 0.627018 0.640634 0.65505 0.67029 0.686377 0.703333 0.721182 0.739946 0.759649 0.780312 0.80196 0.824614 0.848299 0.873036 0.898849 0.925761 0.953794 0.982972 1.01332 1.04485 1.0776 1.11158 1.14683 1.18335 1.22118 1.26034 1.30085 1.34273 1.386 1.4307 1.47684 
0.506023 0.506045 0.50609 0.50618 0.506338 0.506588 0.506951 0.507452 0.508111 0.508954 0.510001 0.511277 0.512804 0.514604 0.516701 0.519117 0.521876 0.525 0.528512 0.532435 0.536792 0.541606 0.546899 0.552695 0.559017 0.565887 0.573329 0.581365 0.590018 0.599311 0.609268 0.619911 0.631262 0.643346 0.656185 0.669801 0.684218 0.699459 0.715547 0.732504 0.750353 0.769118 0.788821 0.809485 0.831133 0.853789 0.877474 0.902212 0.928026 0.954938 0.982972 1.01215 1.0425 1.07403 1.10678 1.14076 1.17601 1.21253 1.25036 1.28952 1.33003 1.37191 1.41519 1.45988 1.50602 
0.536377 0.536397 0.53644 0.536528 0.536685 0.536933 0.537295 0.537794 0.538452 0.539293 0.54034 0.541614 0.54314 0.544939 0.547035 0.549451 0.552209 0.555332 0.558843 0.562766 0.567123 0.571936 0.57723 0.583026 0.589348 0.596218 0.60366 0.611696 0.620349 0.629643 0.6396 0.650244 0.661596 0.67368 0.686519 0.700136 0.714554 0.729795 0.745884 0.762841 0.780691 0.799457 0.81916 0.839825 0.861474 0.88413 0.907816 0.932555 0.958369 0.985282 1.01332 1.0425 1.07284 1.10438 1.13713 1.17111 1.20636 1.24288 1.28071 1.31987 1.36038 1.40226 1.44554 1.49024 1.53638 
0.567921 0.567939 0.56798 0.568067 0.568222 0.568469 0.568829 0.569327 0.569984 0.570824 0.571869 0.573142 0.574666 0.576465 0.57856 0.580975 0.583732 0.586855 0.590366 0.594288 0.598645 0.603458 0.608751 0.614547 0.620869 0.627739 0.635181 0.643218 0.651872 0.661166 0.671123 0.681767 0.69312 0.705204 0.718044 0.731662 0.74608 0.761322 0.777411 0.794369 0.81222 0.830986 0.85069 0.871356 0.893005 0.915662 0.939349 0.964088 0.989903 1.01682 1.04485 1.07403 1.10438 1.13592 1.16867 1.20265 1.2379 1.27442 1.31225 1.35141 1.39192 1.4338 1.47708 1.52178 1.56792 
0.600677 0.600694 0.600734 0.600819 0.600973 0.601218 0.601577 0.602073 0.602729 0.603567 0.604611 0.605884 0.607407 0.609205 0.611299 0.613713 0.61647 0.619592 0.623102 0.627024 0.63138 0.636193 0.641487 0.647283 0.653604 0.660475 0.667917 0.675954 0.684608 0.693902 0.70386 0.714504 0.725857 0.737942 0.750783 0.764401 0.77882 0.794062 0.810152 0.82711 0.844962 0.863728 0.883433 0.9041 0.92575 0.948407 0.972094 0.996834 1.02265 1.04956 1.0776 1.10678 1.13713 1.16867 1.20142 1.2354 1.27065 1.30718 1.34501 1.38417 1.42468 1.46656 1.50984 1.55454 1.60068 
0.63467 0.634686 0.634724 0.634808 0.63496 0.635203 0.635561 0.636056 0.636711 0.637548 0.638591 0.639862 0.641384 0.643181 0.645274 0.647688 0.650444 0.653565 0.657076 0.660997 0.665353 0.670166 0.675459 0.681254 0.687576 0.694447 0.701889 0.709926 0.71858 0.727875 0.737833 0.748477 0.759831 0.771917 0.784757 0.798376 0.812795 0.828038 0.844128 0.861088 0.87894 0.897707 0.917413 0.938079 0.95973 0.982388 1.00608 1.03082 1.05663 1.08355 1.11158 1.14076 1.17111 1.20265 1.2354 1.26939 1.30464 1.34116 1.379 1.41816 1.45867 1.50055 1.54383 1.58853 1.63467 
0.669922 0.669936 0.669973 0.670055 0.670206 0.670448 0.670805 0.671298 0.671952 0.672788 0.673829 0.6751 0.676621 0.678417 0.680509 0.682922 0.685677 0.688798 0.692308 0.696229 0.700585 0.705397 0.71069 0.716486 0.722807 0.729678 0.73712 0.745157 0.753812 0.763107 0.773065 0.78371 0.795064 0.80715 0.819991 0.83361 0.84803 0.863274 0.879364 0.896324 0.914177 0.932944 0.952651 0.973318 0.99497 1.01763 1.04132 1.06606 1.09187 1.11879 1.14683 1.17601 1.20636 1.2379 1.27065 1.30464 1.33988 1.37641 1.41424 1.4534 1.49392 1.5358 1.57908 1.62378 1.66992 
0.706455 0.706468 0.706503 0.706584 0.706734 0.706975 0.70733 0.707822 0.708475 0.70931 0.71035 0.711619 0.71314 0.714935 0.717027 0.719439 0.722193 0.725314 0.728823 0.732744 0.737099 0.741911 0.747204 0.752999 0.759321 0.766191 0.773634 0.781671 0.790326 0.799621 0.80958 0.820225 0.831579 0.843665 0.856507 0.870126 0.884547 0.899791 0.915882 0.932842 0.950695 0.969464 0.989171 1.00984 1.03149 1.05415 1.07784 1.10258 1.1284 1.15531 1.18335 1.21253 1.24288 1.27442 1.30718 1.34116 1.37641 1.41294 1.45077 1.48994 1.53045 1.57233 1.61561 1.66031 1.70646 
0.744293 0.744304 0.744338 0.744418 0.744567 0.744806 0.74516 0.745651 0.746303 0.747136 0.748176 0.749444 0.750964 0.752758 0.754849 0.75726 0.760014 0.763134 0.766643 0.770563 0.774918 0.77973 0.785022 0.790818 0.797139 0.80401 0.811452 0.819489 0.828144 0.83744 0.847399 0.858044 0.869399 0.881486 0.894327 0.907947 0.922368 0.937613 0.953704 0.970665 0.988519 1.00729 1.027 1.04766 1.06932 1.09198 1.11567 1.14041 1.16623 1.19314 1.22118 1.25036 1.28071 1.31225 1.34501 1.379 1.41424 1.45077 1.48861 1.52777 1.56828 1.61017 1.65345 1.69815 1.74429 
0.783459 0.783469 0.783501 0.78358 0.783727 0.783965 0.784318 0.784808 0.785458 0.786291 0.78733 0.788597 0.790116 0.791909 0.793999 0.79641 0.799163 0.802283 0.805791 0.809711 0.814065 0.818877 0.824169 0.829964 0.836286 0.843156 0.850599 0.858636 0.867291 0.876587 0.886546 0.897191 0.908546 0.920633 0.933476 0.947096 0.961517 0.976763 0.992854 1.00982 1.02767 1.04644 1.06615 1.08682 1.10847 1.13113 1.15482 1.17956 1.20538 1.2323 1.26034 1.28952 1.31987 1.35141 1.38417 1.41816 1.4534 1.48994 1.52777 1.56693 1.60745 1.64933 1.69261 1.73732 1.78346 
0.823975 0.823983 0.824015 0.824092 0.824238 0.824475 0.824827 0.825316 0.825965 0.826796 0.827834 0.8291 0.830618 0.832411 0.8345 0.83691 0.839663 0.842782 0.846289 0.850209 0.854563 0.859374 0.864666 0.870461 0.876783 0.883653 0.891096 0.899133 0.907788 0.917084 0.927043 0.937689 0.949044 0.961132 0.973975 0.987595 1.00202 1.01726 1.03336 1.05032 1.06817 1.08694 1.10665 1.12732 1.14897 1.17163 1.19533 1.22007 1.24589 1.27281 1.30085 1.33003 1.36038 1.39192 1.42468 1.45867 1.49392 1.53045 1.56828 1.60745 1.64796 1.68985 1.73313 1.77783 1.82397 
0.865864 0.865871 0.865902 0.865978 0.866122 0.866358 0.866709 0.867197 0.867844 0.868675 0.869712 0.870977 0.872494 0.874286 0.876375 0.878784 0.881536 0.884654 0.888161 0.89208 0.896434 0.901245 0.906537 0.912332 0.918653 0.925524 0.932966 0.941004 0.949659 0.958955 0.968914 0.979561 0.990916 1.003 1.01585 1.02947 1.04389 1.05914 1.07523 1.09219 1.11005 1.12882 1.14853 1.1692 1.19085 1.21351 1.2372 1.26195 1.28777 1.31469 1.34273 1.37191 1.40226 1.4338 1.46656 1.50055 1.5358 1.57233 1.61017 1.64933 1.68985 1.73173 1.77502 1.81972 1.86586 
0.909149 0.909155 0.909184 0.909259 0.909403 0.909638 0.909987 0.910474 0.911121 0.91195 0.912986 0.914251 0.915767 0.917557 0.919645 0.922054 0.924806 0.927923 0.93143 0.935348 0.939702 0.944513 0.949804 0.955599 0.96192 0.968791 0.976233 0.984271 0.992926 1.00222 1.01218 1.02283 1.03418 1.04627 1.05912 1.07274 1.08716 1.10241 1.1185 1.13546 1.15332 1.17209 1.1918 1.21247 1.23412 1.25679 1.28048 1.30522 1.33104 1.35796 1.386 1.41519 1.44554 1.47708 1.50984 1.54383 1.57908 1.61561 1.65345 1.69261 1.73313 1.77502 1.8183 1.863 1.90915 
0.953854 0.953859 0.953887 0.95396 0.954102 0.954336 0.954685 0.95517 0.955816 0.956645 0.957679 0.958943 0.960458 0.962248 0.964335 0.966743 0.969494 0.972611 0.976118 0.980036 0.984389 0.989199 0.994491 1.00029 1.00661 1.01348 1.02092 1.02896 1.03761 1.04691 1.05687 1.06751 1.07887 1.09096 1.1038 1.11743 1.13185 1.14709 1.16319 1.18015 1.19801 1.21678 1.23649 1.25716 1.27882 1.30148 1.32517 1.34992 1.37574 1.40266 1.4307 1.45988 1.49024 1.52178 1.55454 1.58853 1.62378 1.66031 1.69815 1.73732 1.77783 1.81972 1.863 1.90771 1.95385 
1 1 1.00003 1.0001 1.00024 1.00048 1.00082 1.00131 1.00195 1.00278 1.00381 1.00508 1.00659 1.00838 1.01047 1.01287 1.01562 1.01874 1.02225 1.02617 1.03052 1.03533 1.04062 1.04641 1.05273 1.0596 1.06705 1.07508 1.08374 1.09304 1.103 1.11364 1.125 1.13709 1.14993 1.16356 1.17798 1.19323 1.20932 1.22628 1.24414 1.26291 1.28262 1.3033 1.32495 1.34761 1.37131 1.39605 1.42188 1.4488 1.47684 1.50602 1.53638 1.56792 1.60068 1.63467 1.66992 1.70646 1.74429 1.78346 1.82397 1.86586 1.90915 1.95385 2 
