0 0 0 0 0 0 0 0 0 
0 0 0 0 0.00842856 0.00374409 0.00176538 0.000725731 0 
0 0 0 0.0127101 0.00823304 0.00478243 0.00259169 0.00113755 0 
0 0 0.0127101 0.00986058 0.0070111 0.0045609 0.00268139 0.00123277 0 
0 0.00842856 0.00823304 0.0070111 0.00538988 0.00376867 0.00234022 0.00111215 0 
0 0.00374409 0.00478243 0.0045609 0.00376867 0.00278366 0.00179866 0.000875617 0 
0 0.00176538 0.00259169 0.00268139 0.00234022 0.00179866 0.00119516 0.00059165 0 
0 0.000725731 0.00113755 0.00123277 0.00111215 0.000875617 0.00059165 0.000295825 0 
0 0 0 0 0 0 0 0 0 
