0 0 0 0 0 0 0 0 0 0 0 0 0 0 0 0 0 0 0 0 0 0 0 0 0 0 0 0 0 0 0 0 0 0 0 0 0 0 0 0 0 0 0 0 0 0 0 0 0 0 0 0 0 0 0 0 0 0 0 0 0 0 0 0 0 
0 0 0 0 0 0 0 0 0 0 0 0 0 0 0 0 0 0 0 0 0 0 0 0 0.0452991 0.0459257 0.0466738 0.0473409 0.0478916 0.048322 0.0486324 0.0488236 0.0488957 0.0488488 0.0486833 0.0483996 0.0479983 0.0474804 0.0468472 0.0461003 0.0452414 0.0442729 0.0431969 0.0420161 0.0407336 0.0393523 0.0378756 0.0363073 0.034651 0.0329108 0.031091 0.029196 0.0272303 0.0251987 0.0231062 0.0209579 0.0187588 0.0165144 0.0142301 0.0119113 0.0095638 0.00719315 0.00480511 0.00240546 6.00906e-18 
0 0 0 0 0 0 0 0 0 0 0 0 0 0 0 0 0 0 0 0 0 0 0 0 0 0.0915072 0.0932025 0.0945688 0.0956718 0.0965299 0.0971488 0.09753 0.0976738 0.0975802 0.0972496 0.0966828 0.0958812 0.0948466 0.0935818 0.0920898 0.0903742 0.0884393 0.08629 0.0839313 0.0813692 0.07861 0.0756602 0.0725273 0.0692187 0.0657425 0.0621073 0.0583217 0.0543951 0.0503369 0.0461569 0.0418653 0.0374725 0.0329891 0.0284259 0.023794 0.0191046 0.014369 0.00959866 0.00480514 1.20036e-17 
0 0 0 0 0 0 0 0 0 0 0 0 0 0 0 0 0 0 0 0 0 0 0 0 0 0.137237 0.139608 0.141602 0.143233 0.14451 0.145433 0.146002 0.146217 0.146077 0.145582 0.144734 0.143534 0.141985 0.140092 0.137858 0.13529 0.132393 0.129176 0.125645 0.121809 0.117679 0.113263 0.108573 0.10362 0.0984161 0.0929742 0.0873072 0.081429 0.0753539 0.0690965 0.062672 0.056096 0.0493844 0.0425533 0.0356194 0.0285994 0.0215102 0.0143691 0.00719325 1.79693e-17 
0 0 0 0 0 0 0 0 0 0 0 0 0 0 0 0 0 0 0 0 0 0 0 0 0 0.182674 0.185714 0.188312 0.190457 0.192144 0.193367 0.194122 0.194408 0.194222 0.193564 0.192437 0.190841 0.188782 0.186265 0.183295 0.179881 0.176029 0.171751 0.167056 0.161957 0.156465 0.150593 0.144357 0.137772 0.130853 0.123617 0.116083 0.108267 0.10019 0.0918699 0.083328 0.0745845 0.0656608 0.0565783 0.0473591 0.0380254 0.0285997 0.019105 0.00956405 2.38917e-17 
0 0 0 0 0 0 0 0 0 0 0 0 0 0 0 0 0 0 0 0 0 0 0 0 0 0.227649 0.231364 0.234562 0.237217 0.239311 0.240833 0.241774 0.24213 0.241899 0.241081 0.239677 0.23769 0.235126 0.231991 0.228292 0.224039 0.219242 0.213914 0.208066 0.201715 0.194874 0.187562 0.179795 0.171593 0.162975 0.153963 0.144579 0.134845 0.124784 0.114422 0.103783 0.0928936 0.0817793 0.0704672 0.0589848 0.0473598 0.0356204 0.0237949 0.0119118 2.97565e-17 
0 0 0 0 0 0 0 0 0 0 0 0 0 0 0 0 0 0 0 0 0 0 0 0 0 0.272004 0.276409 0.280218 0.283389 0.285892 0.287713 0.288841 0.289269 0.288995 0.288018 0.286342 0.283969 0.280905 0.27716 0.272741 0.26766 0.261929 0.255563 0.248577 0.240988 0.232816 0.224079 0.2148 0.205001 0.194706 0.183939 0.172727 0.161098 0.149079 0.136699 0.123989 0.110979 0.0977009 0.0841865 0.0704686 0.0565804 0.0425554 0.0284275 0.0142309 3.55496e-17 
0 0 0 0 0 0 0 0 0 0 0 0 0 0 0 0 0 0 0 0 0 0 0 0 0 0.315564 0.320711 0.325158 0.328855 0.331773 0.333895 0.33521 0.335711 0.335395 0.334264 0.332319 0.329565 0.32601 0.321663 0.316534 0.310637 0.303986 0.296597 0.288489 0.279682 0.270197 0.260058 0.249289 0.237916 0.225968 0.213472 0.20046 0.186964 0.173015 0.158647 0.143897 0.128798 0.113388 0.0977032 0.0817828 0.0656647 0.0493879 0.0329917 0.0165158 4.12571e-17 
0 0 0 0 0 0 0 0 0 0 0 0 0 0 0 0 0 0 0 0 0 0 0 0 0 0.358217 0.364161 0.369271 0.373507 0.376845 0.379269 0.380771 0.381345 0.38099 0.379706 0.377498 0.374371 0.370333 0.365394 0.359568 0.352869 0.345313 0.336919 0.327709 0.317704 0.306929 0.295411 0.283178 0.270259 0.256686 0.242492 0.227711 0.21238 0.196534 0.180214 0.163458 0.146306 0.128801 0.110985 0.0929002 0.074591 0.0561016 0.0374765 0.0187609 4.68652e-17 
0 0 0 0 0 0 0 0 0 0 0 0 0 0 0 0 0 0 0 0 0 0 0 0 0 0.399904 0.406679 0.412469 0.417249 0.421006 0.423731 0.425418 0.426065 0.425671 0.424239 0.421772 0.418278 0.413766 0.408248 0.401738 0.394253 0.38581 0.376432 0.366141 0.354962 0.342924 0.330055 0.316386 0.301952 0.286787 0.270928 0.254414 0.237285 0.219581 0.201347 0.182625 0.163463 0.143905 0.123999 0.103794 0.0833378 0.0626802 0.0418711 0.0209609 5.23604e-17 
0 0 0 0 0 0 0 0 0 0 0 0 0 0 0 0 0 0 0 0 0 0 0 0 0 0.440578 0.44821 0.454678 0.459993 0.46416 0.467179 0.469047 0.469765 0.469334 0.467755 0.465036 0.461183 0.456208 0.450123 0.442945 0.43469 0.425381 0.41504 0.403693 0.391367 0.378094 0.363904 0.348834 0.332919 0.316199 0.298713 0.280505 0.261619 0.242099 0.221995 0.201354 0.180226 0.158662 0.136715 0.114438 0.091884 0.069108 0.046165 0.0231104 5.77295e-17 
0 0 0 0 0 0 0 0 0 0 0 0 0 0 0 0 0 0 0 0 0 0 0 0 0 0.480236 0.48873 0.495837 0.501658 0.506216 0.509516 0.511558 0.512343 0.511873 0.510152 0.507185 0.502982 0.497555 0.490917 0.483087 0.474084 0.46393 0.452651 0.440275 0.426832 0.412355 0.396879 0.380442 0.363085 0.344849 0.325779 0.305921 0.285323 0.264035 0.242109 0.219598 0.196555 0.173038 0.149102 0.124807 0.100209 0.0753695 0.0503477 0.0252043 6.29594e-17 
0 0 0 0 0 0 0 0 0 0 0 0 0 0 0 0 0 0 0 0 0 0 0 0 0.50954 0.51938 0.528265 0.535879 0.542156 0.547079 0.550645 0.552852 0.5537 0.55319 0.551327 0.548119 0.543576 0.537709 0.530534 0.52207 0.512339 0.501365 0.489175 0.475799 0.46127 0.445624 0.428899 0.411136 0.392378 0.37267 0.352062 0.330601 0.308341 0.285336 0.261641 0.237313 0.212412 0.186997 0.161131 0.134875 0.108293 0.0814495 0.0544093 0.0272375 6.80377e-17 
0 0 0 0 0 0 0 0 0 0 0 0 0 0 0 0 0 0 0 0 0 0 0 0 0.546059 0.556956 0.566511 0.574662 0.58138 0.586652 0.590469 0.592831 0.593735 0.593185 0.591185 0.587741 0.582866 0.576573 0.568877 0.5598 0.549364 0.537595 0.524523 0.510179 0.4946 0.477822 0.459888 0.440841 0.420727 0.399595 0.377497 0.354486 0.330617 0.30595 0.280543 0.254457 0.227757 0.200506 0.172771 0.144618 0.116116 0.0873335 0.0583398 0.0292052 7.29521e-17 
0 0 0 0 0 0 0 0 0 0 0 0 0 0 0 0 0 0 0 0 0 0 0 0 0.581264 0.593173 0.603412 0.612094 0.619236 0.624838 0.628893 0.631399 0.632355 0.631763 0.629627 0.625956 0.62076 0.614054 0.605856 0.596186 0.585069 0.572534 0.55861 0.543333 0.52674 0.508871 0.489771 0.469485 0.448064 0.425558 0.402024 0.377517 0.352098 0.325827 0.298769 0.270989 0.242554 0.213533 0.183996 0.154014 0.12366 0.0930073 0.06213 0.0311026 7.76908e-17 
0 0 0 0 0 0 0 0 0 0 0 0 0 0 0 0 0 0 0 0 0 0 0 0.602261 0.615859 0.628182 0.638944 0.648099 0.655635 0.661546 0.665823 0.668464 0.669466 0.668831 0.666563 0.662671 0.657165 0.650062 0.641379 0.63114 0.619369 0.606096 0.591355 0.575181 0.557613 0.538696 0.518476 0.497 0.474323 0.450498 0.425584 0.39964 0.372731 0.344921 0.316277 0.286869 0.256767 0.226045 0.194777 0.163038 0.130906 0.0984572 0.0657706 0.032925 8.22423e-17 
0 0 0 0 0 0 0 0 0 0 0 0 0 0 0 0 0 0 0 0 0 0 0 0.633997 0.648738 0.661704 0.672985 0.682583 0.690486 0.696685 0.70117 0.703935 0.704978 0.704299 0.701903 0.697797 0.691994 0.68451 0.675363 0.664578 0.65218 0.638202 0.622678 0.605645 0.587146 0.567226 0.545933 0.52332 0.49944 0.474353 0.448119 0.420802 0.392467 0.363184 0.333023 0.302058 0.270362 0.238014 0.20509 0.171671 0.137837 0.10367 0.0692528 0.0346683 8.65956e-17 
0 0 0 0 0 0 0 0 0 0 0 0 0 0 0 0 0 0 0 0 0 0 0.648537 0.665122 0.680244 0.693704 0.70545 0.715456 0.7237 0.730167 0.734845 0.737725 0.738804 0.738081 0.73556 0.73125 0.725163 0.717315 0.707725 0.696419 0.683425 0.668774 0.652504 0.634653 0.615267 0.594391 0.572077 0.54838 0.523356 0.497067 0.469576 0.44095 0.411259 0.380573 0.348968 0.31652 0.283306 0.249409 0.214909 0.17989 0.144436 0.108633 0.0725683 0.036328 9.07403e-17 
0 0 0 0 0 0 0 0 0 0 0 0 0 0 0 0 0 0 0 0 0 0.658552 0.677264 0.694482 0.710114 0.724054 0.736238 0.746626 0.755189 0.761907 0.766764 0.76975 0.77086 0.770094 0.767454 0.762949 0.756591 0.748397 0.738387 0.726587 0.713026 0.697738 0.680761 0.662135 0.641907 0.620126 0.596845 0.57212 0.546013 0.518585 0.489903 0.460038 0.42906 0.397046 0.364073 0.33022 0.295569 0.260204 0.224211 0.187676 0.150687 0.113335 0.0757091 0.0379003 9.46665e-17 
0 0 0 0 0 0 0 0 0 0 0 0 0 0 0 0 0 0 0 0 0.663684 0.684721 0.704199 0.72206 0.738235 0.752653 0.765258 0.776007 0.78487 0.791822 0.796846 0.79993 0.801068 0.800259 0.797506 0.792815 0.786201 0.77768 0.767274 0.755008 0.740913 0.725024 0.70738 0.688024 0.667003 0.644369 0.620176 0.594484 0.567355 0.538854 0.509051 0.478017 0.445829 0.412563 0.378301 0.343125 0.307119 0.270372 0.232972 0.19501 0.156576 0.117764 0.0786676 0.0393814 9.83646e-17 
0 0 0 0 0 0 0 0 0 0 0 0 0 0 0 0 0 0 0 0.663684 0.68724 0.70913 0.729338 0.747823 0.764536 0.77942 0.792429 0.803521 0.812665 0.819836 0.825015 0.82819 0.829353 0.828503 0.825641 0.820777 0.813922 0.805094 0.794316 0.781613 0.767018 0.750566 0.732298 0.712257 0.690494 0.667061 0.642015 0.615417 0.587332 0.557826 0.526973 0.494847 0.461524 0.427087 0.391618 0.355203 0.317931 0.27989 0.241173 0.201874 0.162087 0.121909 0.0814367 0.0407676 1.01826e-16 
0 0 0 0 0 0 0 0 0 0 0 0 0 0 0 0 0 0 0.658552 0.684721 0.70913 0.731783 0.752664 0.771738 0.788963 0.804291 0.817682 0.829096 0.838503 0.845878 0.851201 0.85446 0.855645 0.854755 0.851793 0.846765 0.839686 0.830573 0.819448 0.806338 0.791278 0.774302 0.755453 0.734777 0.712324 0.688148 0.662309 0.634869 0.605895 0.575456 0.543627 0.510484 0.476109 0.440583 0.403993 0.366427 0.327976 0.288733 0.248793 0.208252 0.167209 0.125761 0.0840098 0.0420557 1.05041e-16 
0 0 0 0 0 0 0 0 0 0 0 0 0 0 0 0 0 0.648537 0.677264 0.704199 0.729338 0.752664 0.774153 0.793767 0.811466 0.827209 0.840955 0.852669 0.86232 0.869883 0.875339 0.878673 0.879879 0.878952 0.875895 0.870717 0.86343 0.854053 0.842608 0.829124 0.813633 0.796175 0.77679 0.755528 0.732438 0.707579 0.681008 0.652792 0.622999 0.5917 0.558972 0.524893 0.489547 0.453018 0.415395 0.376768 0.337232 0.296882 0.255814 0.214129 0.171927 0.12931 0.0863805 0.0432424 1.08004e-16 
0 0 0 0 0 0 0 0 0 0 0 0 0 0 0 0.602261 0.633997 0.665122 0.694482 0.72206 0.747823 0.771738 0.793767 0.813868 0.831999 0.848121 0.862194 0.874182 0.884056 0.891791 0.897368 0.900772 0.901994 0.901033 0.89789 0.892573 0.885096 0.875477 0.86374 0.849913 0.834031 0.816131 0.796258 0.77446 0.75079 0.725305 0.698068 0.669144 0.638603 0.606519 0.572971 0.538038 0.501806 0.464362 0.425796 0.386202 0.345676 0.304315 0.262219 0.219491 0.176232 0.132547 0.0885431 0.0443251 1.10707e-16 
0 0.0452991 0 0 0 0 0 0 0 0 0 0 0.50954 0.546059 0.581264 0.615859 0.648738 0.680244 0.710114 0.738235 0.764536 0.788963 0.811466 0.831999 0.850518 0.866981 0.881347 0.893583 0.903659 0.911549 0.917234 0.9207 0.921937 0.920944 0.917723 0.912281 0.904632 0.894795 0.882793 0.868657 0.85242 0.834122 0.813809 0.791528 0.767334 0.741286 0.713447 0.683884 0.65267 0.619878 0.58559 0.549887 0.512857 0.474587 0.435172 0.394706 0.353288 0.311016 0.267993 0.224323 0.180112 0.135466 0.0904926 0.045301 1.13143e-16 
0 0.0459257 0.0915072 0.137237 0.182674 0.227649 0.272004 0.315564 0.358217 0.399904 0.440578 0.480236 0.51938 0.556956 0.593173 0.628182 0.661704 0.693704 0.724054 0.752653 0.77942 0.804291 0.827209 0.848121 0.866981 0.883744 0.898371 0.910826 0.92108 0.929108 0.934889 0.938409 0.939659 0.938637 0.935345 0.929791 0.921989 0.911957 0.89972 0.885309 0.868757 0.850105 0.8294 0.806689 0.78203 0.755482 0.727108 0.696978 0.665164 0.631744 0.596799 0.560412 0.522672 0.48367 0.4435 0.40226 0.360048 0.316967 0.273121 0.228616 0.183558 0.138058 0.0922241 0.0461678 1.15306e-16 
0 0.0466738 0.0932025 0.139608 0.185714 0.231364 0.276409 0.320711 0.364161 0.406679 0.44821 0.48873 0.528265 0.566511 0.603412 0.638944 0.672985 0.70545 0.736238 0.765258 0.792429 0.817682 0.840955 0.862194 0.881347 0.898371 0.913223 0.925869 0.936278 0.944424 0.950288 0.953855 0.955116 0.954068 0.950714 0.945062 0.937125 0.926923 0.914481 0.899828 0.883002 0.864041 0.842993 0.819908 0.794843 0.767858 0.739018 0.708393 0.676057 0.642089 0.606571 0.569587 0.531229 0.491588 0.45076 0.408844 0.365941 0.322155 0.277591 0.232357 0.186562 0.140317 0.0937334 0.0469234 1.17191e-16 
0 0.0473409 0.0945688 0.141602 0.188312 0.234562 0.280218 0.325158 0.369271 0.412469 0.454678 0.495837 0.535879 0.574662 0.612094 0.648099 0.682583 0.715456 0.746626 0.776007 0.803521 0.829096 0.852669 0.874182 0.893583 0.910826 0.925869 0.938676 0.949216 0.957462 0.963396 0.967001 0.96827 0.9672 0.963792 0.958055 0.950003 0.939656 0.927038 0.912181 0.895119 0.875895 0.854556 0.831152 0.805741 0.778384 0.749147 0.718102 0.685322 0.650887 0.614881 0.577391 0.538506 0.498322 0.456934 0.414444 0.370953 0.326567 0.281393 0.235539 0.189117 0.142239 0.095017 0.0475659 1.18795e-16 
0 0.0478916 0.0956718 0.143233 0.190457 0.237217 0.283389 0.328855 0.373507 0.417249 0.459993 0.501658 0.542156 0.58138 0.619236 0.655635 0.690486 0.7237 0.755189 0.78487 0.812665 0.838503 0.86232 0.884056 0.903659 0.92108 0.936278 0.949216 0.959861 0.968189 0.974178 0.977815 0.97909 0.977999 0.974546 0.968739 0.960592 0.950125 0.937362 0.922335 0.90508 0.88564 0.86406 0.840394 0.814699 0.787036 0.757473 0.72608 0.692935 0.658117 0.621711 0.583803 0.544486 0.503855 0.462008 0.419046 0.375072 0.330193 0.284517 0.238154 0.191217 0.143818 0.0960718 0.0480939 1.20112e-16 
0 0.048322 0.0965299 0.14451 0.192144 0.239311 0.285892 0.331773 0.376845 0.421006 0.46416 0.506216 0.547079 0.586652 0.624838 0.661546 0.696685 0.730167 0.761907 0.791822 0.819836 0.845878 0.869883 0.891791 0.911549 0.929108 0.944424 0.957462 0.968189 0.976578 0.98261 0.986269 0.987547 0.98644 0.982951 0.977088 0.968866 0.958303 0.945427 0.930267 0.912861 0.89325 0.871483 0.847611 0.821693 0.793791 0.763973 0.73231 0.69888 0.663762 0.627043 0.588809 0.549155 0.508175 0.465969 0.422638 0.378287 0.333023 0.286955 0.240195 0.192855 0.14505 0.096895 0.048506 1.21139e-16 
0 0.0486324 0.0971488 0.145433 0.193367 0.240833 0.287713 0.333895 0.379269 0.423731 0.467179 0.509516 0.550645 0.590469 0.628893 0.665823 0.70117 0.734845 0.766764 0.796846 0.825015 0.851201 0.875339 0.897368 0.917234 0.934889 0.950288 0.963396 0.974178 0.98261 0.98867 0.992344 0.993623 0.992502 0.988986 0.983082 0.974804 0.964172 0.951213 0.935957 0.918441 0.898708 0.876806 0.852786 0.826708 0.798634 0.768633 0.736776 0.70314 0.667808 0.630864 0.592397 0.5525 0.51127 0.468807 0.425212 0.38059 0.335051 0.288702 0.241657 0.194029 0.145933 0.0974849 0.0488013 1.21875e-16 
0 0.0488236 0.09753 0.146002 0.194122 0.241774 0.288841 0.33521 0.380771 0.425418 0.469047 0.511558 0.552852 0.592831 0.631399 0.668464 0.703935 0.737725 0.76975 0.79993 0.82819 0.85446 0.878673 0.900772 0.9207 0.938409 0.953855 0.967001 0.977815 0.986269 0.992344 0.996025 0.997301 0.99617 0.992635 0.986704 0.978391 0.967717 0.954706 0.939391 0.921808 0.902001 0.880015 0.855906 0.829731 0.801553 0.77144 0.739466 0.705707 0.670245 0.633165 0.594557 0.554515 0.513134 0.470515 0.426761 0.381977 0.336271 0.289754 0.242538 0.194736 0.146465 0.0978399 0.0489791 1.22317e-16 
0 0.0488957 0.0976738 0.146217 0.194408 0.24213 0.289269 0.335711 0.381345 0.426065 0.469765 0.512343 0.5537 0.593735 0.632355 0.669466 0.704978 0.738804 0.77086 0.801068 0.829353 0.855645 0.879879 0.901994 0.921937 0.939659 0.955116 0.96827 0.97909 0.987547 0.993623 0.997301 0.998573 0.997435 0.993891 0.987948 0.97962 0.968928 0.955898 0.940561 0.922954 0.903119 0.881104 0.856963 0.830754 0.80254 0.772389 0.740375 0.706573 0.671067 0.633941 0.595285 0.555193 0.513762 0.47109 0.427282 0.382443 0.336682 0.290108 0.242834 0.194974 0.146643 0.0979592 0.0490388 1.22465e-16 
0 0.0488488 0.0975802 0.146077 0.194222 0.241899 0.288995 0.335395 0.38099 0.425671 0.469334 0.511873 0.55319 0.593185 0.631763 0.668831 0.704299 0.738081 0.770094 0.800259 0.828503 0.854755 0.878952 0.901033 0.920944 0.938637 0.954068 0.9672 0.977999 0.98644 0.992502 0.99617 0.997435 0.996294 0.992749 0.986808 0.978487 0.967804 0.954786 0.939463 0.921874 0.90206 0.88007 0.855955 0.829776 0.801593 0.771477 0.739499 0.705737 0.670272 0.633189 0.594579 0.554534 0.513151 0.47053 0.426774 0.381988 0.336281 0.289762 0.242544 0.194741 0.146469 0.0978425 0.0489803 1.22317e-16 
0 0.0486833 0.0972496 0.145582 0.193564 0.241081 0.288018 0.334264 0.379706 0.424239 0.467755 0.510152 0.551327 0.591185 0.629627 0.666563 0.701903 0.73556 0.767454 0.797506 0.825641 0.851793 0.875895 0.89789 0.917723 0.935345 0.950714 0.963792 0.974546 0.982951 0.988986 0.992635 0.993891 0.992749 0.989212 0.983289 0.974993 0.964345 0.951371 0.936101 0.918572 0.898827 0.876914 0.852884 0.826797 0.798715 0.768705 0.736841 0.7032 0.667861 0.630912 0.59244 0.552538 0.511304 0.468836 0.425238 0.380613 0.33507 0.288719 0.241671 0.19404 0.145941 0.0974901 0.0488039 1.21875e-16 
0 0.0483996 0.0966828 0.144734 0.192437 0.239677 0.286342 0.332319 0.377498 0.421772 0.465036 0.507185 0.548119 0.587741 0.625956 0.662671 0.697797 0.73125 0.762949 0.792815 0.820777 0.846765 0.870717 0.892573 0.912281 0.929791 0.945062 0.958055 0.968739 0.977088 0.983082 0.986704 0.987948 0.986808 0.983289 0.977397 0.969148 0.958561 0.945662 0.930481 0.913056 0.893428 0.871644 0.847758 0.821826 0.793911 0.764081 0.732408 0.698968 0.663842 0.627114 0.588873 0.549211 0.508225 0.466013 0.422676 0.37832 0.333051 0.286979 0.240215 0.192871 0.145062 0.0969027 0.0485099 1.21139e-16 
0 0.0479983 0.0958812 0.143534 0.190841 0.23769 0.283969 0.329565 0.374371 0.418278 0.461183 0.502982 0.543576 0.582866 0.62076 0.657165 0.691994 0.725163 0.756591 0.786201 0.813922 0.839686 0.86343 0.885096 0.904632 0.921989 0.937125 0.950003 0.960592 0.968866 0.974804 0.978391 0.97962 0.978487 0.974993 0.969148 0.960966 0.950466 0.937673 0.922618 0.905338 0.885874 0.864273 0.840587 0.814873 0.787194 0.757616 0.72621 0.693052 0.658222 0.621804 0.583887 0.544561 0.503922 0.462066 0.419097 0.375116 0.330231 0.284549 0.23818 0.191237 0.143833 0.0960818 0.0480989 1.20112e-16 
0 0.0474804 0.0948466 0.141985 0.188782 0.235126 0.280905 0.32601 0.370333 0.413766 0.456208 0.497555 0.537709 0.576573 0.614054 0.650062 0.68451 0.717315 0.748397 0.77768 0.805094 0.830573 0.854053 0.875477 0.894795 0.911957 0.926923 0.939656 0.950125 0.958303 0.964172 0.967717 0.968928 0.967804 0.964345 0.958561 0.950466 0.940078 0.927423 0.912531 0.895438 0.876185 0.854819 0.831391 0.805957 0.778579 0.749324 0.718261 0.685465 0.651016 0.614997 0.577494 0.538598 0.498403 0.457006 0.414507 0.371008 0.326614 0.281432 0.235571 0.189143 0.142258 0.0950295 0.0475721 1.18795e-16 
0 0.0468472 0.0935818 0.140092 0.186265 0.231991 0.27716 0.321663 0.365394 0.408248 0.450123 0.490917 0.530534 0.568877 0.605856 0.641379 0.675363 0.707725 0.738387 0.767274 0.794316 0.819448 0.842608 0.86374 0.882793 0.89972 0.914481 0.927038 0.937362 0.945427 0.951213 0.954706 0.955898 0.954786 0.951371 0.945662 0.937673 0.927423 0.914936 0.900243 0.883378 0.864383 0.843303 0.82019 0.795098 0.768088 0.739226 0.708581 0.676226 0.642241 0.606707 0.569709 0.531338 0.491684 0.450845 0.408919 0.366006 0.32221 0.277637 0.232395 0.186592 0.140339 0.0937481 0.0469306 1.17191e-16 
0 0.0461003 0.0920898 0.137858 0.183295 0.228292 0.272741 0.316534 0.359568 0.401738 0.442945 0.483087 0.52207 0.5598 0.596186 0.63114 0.664578 0.696419 0.726587 0.755008 0.781613 0.806338 0.829124 0.849913 0.868657 0.885309 0.899828 0.912181 0.922335 0.930267 0.935957 0.939391 0.940561 0.939463 0.936101 0.930481 0.922618 0.912531 0.900243 0.885784 0.869189 0.850497 0.829755 0.807011 0.782322 0.755745 0.727346 0.697193 0.665358 0.631918 0.596955 0.560551 0.522796 0.48378 0.443597 0.402345 0.360122 0.31703 0.273174 0.228659 0.183592 0.138083 0.0922408 0.0461761 1.15306e-16 
0 0.0452414 0.0903742 0.13529 0.179881 0.224039 0.26766 0.310637 0.352869 0.394253 0.43469 0.474084 0.512339 0.549364 0.585069 0.619369 0.65218 0.683425 0.713026 0.740913 0.767018 0.791278 0.813633 0.834031 0.85242 0.868757 0.883002 0.895119 0.90508 0.912861 0.918441 0.921808 0.922954 0.921874 0.918572 0.913056 0.905338 0.895438 0.883378 0.869189 0.852903 0.834561 0.814206 0.791888 0.76766 0.74158 0.713713 0.684124 0.652886 0.620072 0.585764 0.550043 0.512995 0.47471 0.43528 0.394801 0.353369 0.311086 0.268052 0.224371 0.18015 0.135494 0.0905112 0.0453103 1.13143e-16 
0 0.0442729 0.0884393 0.132393 0.176029 0.219242 0.261929 0.303986 0.345313 0.38581 0.425381 0.46393 0.501365 0.537595 0.572534 0.606096 0.638202 0.668774 0.697738 0.725024 0.750566 0.774302 0.796175 0.816131 0.834122 0.850105 0.864041 0.875895 0.88564 0.89325 0.898708 0.902001 0.903119 0.90206 0.898827 0.893428 0.885874 0.876185 0.864383 0.850497 0.834561 0.816612 0.796694 0.774855 0.751147 0.725628 0.698359 0.669407 0.638839 0.606732 0.573161 0.538208 0.501957 0.464496 0.425914 0.386306 0.345766 0.304392 0.262284 0.219543 0.176273 0.132578 0.0885636 0.0443352 1.10707e-16 
0 0.0431969 0.08629 0.129176 0.171751 0.213914 0.255563 0.296597 0.336919 0.376432 0.41504 0.452651 0.489175 0.524523 0.55861 0.591355 0.622678 0.652504 0.680761 0.70738 0.732298 0.755453 0.77679 0.796258 0.813809 0.8294 0.842993 0.854556 0.86406 0.871483 0.876806 0.880015 0.881104 0.88007 0.876914 0.871644 0.864273 0.854819 0.843303 0.829755 0.814206 0.796694 0.777261 0.755953 0.732823 0.707926 0.681322 0.653075 0.623253 0.591929 0.559177 0.525076 0.48971 0.453162 0.415522 0.37688 0.337329 0.296964 0.255884 0.214186 0.171972 0.129343 0.0864024 0.0432534 1.08004e-16 
0 0.0420161 0.0839313 0.125645 0.167056 0.208066 0.248577 0.288489 0.327709 0.366141 0.403693 0.440275 0.475799 0.510179 0.543333 0.575181 0.605645 0.634653 0.662135 0.688024 0.712257 0.734777 0.755528 0.77446 0.791528 0.806689 0.819908 0.831152 0.840394 0.847611 0.852786 0.855906 0.856963 0.855955 0.852884 0.847758 0.840587 0.831391 0.82019 0.807011 0.791888 0.774855 0.755953 0.735229 0.712733 0.688518 0.662643 0.63517 0.606165 0.575699 0.543845 0.510679 0.476282 0.440736 0.404128 0.366545 0.328079 0.288821 0.248867 0.208313 0.167256 0.125796 0.0840331 0.0420673 1.05041e-16 
0 0.0407336 0.0813692 0.121809 0.161957 0.201715 0.240988 0.279682 0.317704 0.354962 0.391367 0.426832 0.46127 0.4946 0.52674 0.557613 0.587146 0.615267 0.641907 0.667003 0.690494 0.712324 0.732438 0.75079 0.767334 0.78203 0.794843 0.805741 0.814699 0.821693 0.826708 0.829731 0.830754 0.829776 0.826797 0.821826 0.814873 0.805957 0.795098 0.782322 0.76766 0.751147 0.732823 0.712733 0.690924 0.667449 0.642365 0.615733 0.587615 0.558081 0.527202 0.495051 0.461706 0.427248 0.39176 0.355327 0.318038 0.279982 0.24125 0.201937 0.162137 0.121946 0.0814612 0.0407798 1.01826e-16 
0 0.0393523 0.07861 0.117679 0.156465 0.194874 0.232816 0.270197 0.306929 0.342924 0.378094 0.412355 0.445624 0.477822 0.508871 0.538696 0.567226 0.594391 0.620126 0.644369 0.667061 0.688148 0.707579 0.725305 0.741286 0.755482 0.767858 0.778384 0.787036 0.793791 0.798634 0.801553 0.80254 0.801593 0.798715 0.793911 0.787194 0.778579 0.768088 0.755745 0.74158 0.725628 0.707926 0.688518 0.667449 0.644772 0.62054 0.594812 0.567649 0.539118 0.509288 0.478229 0.446017 0.41273 0.378448 0.343253 0.307231 0.270468 0.233052 0.195075 0.156627 0.117802 0.078693 0.039394 9.83646e-17 
0 0.0378756 0.0756602 0.113263 0.150593 0.187562 0.224079 0.260058 0.295411 0.330055 0.363904 0.396879 0.428899 0.459888 0.489771 0.518476 0.545933 0.572077 0.596845 0.620176 0.642015 0.662309 0.681008 0.698068 0.713447 0.727108 0.739018 0.749147 0.757473 0.763973 0.768633 0.77144 0.772389 0.771477 0.768705 0.764081 0.757616 0.749324 0.739226 0.727346 0.713713 0.698359 0.681322 0.662643 0.642365 0.62054 0.597218 0.572456 0.546315 0.518856 0.490146 0.460255 0.429253 0.397217 0.364223 0.330351 0.295683 0.260301 0.224292 0.187743 0.15074 0.113374 0.0757351 0.0379133 9.46665e-17 
0 0.0363073 0.0725273 0.108573 0.144357 0.179795 0.2148 0.249289 0.283178 0.316386 0.348834 0.380442 0.411136 0.440841 0.469485 0.497 0.52332 0.54838 0.57212 0.594484 0.615417 0.634869 0.652792 0.669144 0.683884 0.696978 0.708393 0.718102 0.72608 0.73231 0.736776 0.739466 0.740375 0.739499 0.736841 0.732408 0.72621 0.718261 0.708581 0.697193 0.684124 0.669407 0.653075 0.63517 0.615733 0.594812 0.572456 0.548721 0.523663 0.497343 0.469823 0.441171 0.411455 0.380747 0.349121 0.316653 0.283422 0.249508 0.214992 0.179958 0.14449 0.108673 0.0725947 0.0363412 9.07403e-17 
0 0.034651 0.0692187 0.10362 0.137772 0.171593 0.205001 0.237916 0.270259 0.301952 0.332919 0.363085 0.392378 0.420727 0.448064 0.474323 0.49944 0.523356 0.546013 0.567355 0.587332 0.605895 0.622999 0.638603 0.65267 0.665164 0.676057 0.685322 0.692935 0.69888 0.70314 0.705707 0.706573 0.705737 0.7032 0.698968 0.693052 0.685465 0.676226 0.665358 0.652886 0.638839 0.623253 0.606165 0.587615 0.567649 0.546315 0.523663 0.499749 0.47463 0.448367 0.421023 0.392664 0.363359 0.333177 0.302192 0.270479 0.238113 0.205174 0.171739 0.137891 0.10371 0.0692793 0.0346815 8.65956e-17 
0 0.0329108 0.0657425 0.0984161 0.130853 0.162975 0.194706 0.225968 0.256686 0.286787 0.316199 0.344849 0.37267 0.399595 0.425558 0.450498 0.474353 0.497067 0.518585 0.538854 0.557826 0.575456 0.5917 0.606519 0.619878 0.631744 0.642089 0.650887 0.658117 0.663762 0.667808 0.670245 0.671067 0.670272 0.667861 0.663842 0.658222 0.651016 0.642241 0.631918 0.620072 0.606732 0.591929 0.575699 0.558081 0.539118 0.518856 0.497343 0.47463 0.450774 0.425831 0.399861 0.372927 0.345095 0.31643 0.287003 0.256883 0.226144 0.19486 0.163107 0.13096 0.0984971 0.0657969 0.0329382 8.22423e-17 
0 0.031091 0.0621073 0.0929742 0.123617 0.153963 0.183939 0.213472 0.242492 0.270928 0.298713 0.325779 0.352062 0.377497 0.402024 0.425584 0.448119 0.469576 0.489903 0.509051 0.526973 0.543627 0.558972 0.572971 0.58559 0.596799 0.606571 0.614881 0.621711 0.627043 0.630864 0.633165 0.633941 0.633189 0.630912 0.627114 0.621804 0.614997 0.606707 0.596955 0.585764 0.573161 0.559177 0.543845 0.527202 0.509288 0.490146 0.469823 0.448367 0.425831 0.402268 0.377735 0.352292 0.325999 0.29892 0.271121 0.242668 0.213631 0.184078 0.154081 0.123713 0.0930466 0.062156 0.0311155 7.76908e-17 
0 0.029196 0.0583217 0.0873072 0.116083 0.144579 0.172727 0.20046 0.227711 0.254414 0.280505 0.305921 0.330601 0.354486 0.377517 0.39964 0.420802 0.44095 0.460038 0.478017 0.494847 0.510484 0.524893 0.538038 0.549887 0.560412 0.569587 0.577391 0.583803 0.588809 0.592397 0.594557 0.595285 0.594579 0.59244 0.588873 0.583887 0.577494 0.569709 0.560551 0.550043 0.538208 0.525076 0.510679 0.495051 0.478229 0.460255 0.441171 0.421023 0.399861 0.377735 0.354698 0.330807 0.306117 0.28069 0.254586 0.227869 0.200602 0.172851 0.144684 0.116168 0.0873719 0.0583652 0.0292178 7.29521e-17 
0 0.0272303 0.0543951 0.081429 0.108267 0.134845 0.161098 0.186964 0.21238 0.237285 0.261619 0.285323 0.308341 0.330617 0.352098 0.372731 0.392467 0.411259 0.42906 0.445829 0.461524 0.476109 0.489547 0.501806 0.512857 0.522672 0.531229 0.538506 0.544486 0.549155 0.5525 0.554515 0.555193 0.554534 0.552538 0.549211 0.544561 0.538598 0.531338 0.522796 0.512995 0.501957 0.48971 0.476282 0.461706 0.446017 0.429253 0.411455 0.392664 0.372927 0.352292 0.330807 0.308524 0.285498 0.261783 0.237438 0.21252 0.187089 0.161208 0.134938 0.108343 0.0814866 0.0544338 0.0272497 6.80377e-17 
0 0.0251987 0.0503369 0.0753539 0.10019 0.124784 0.149079 0.173015 0.196534 0.219581 0.242099 0.264035 0.285336 0.30595 0.325827 0.344921 0.363184 0.380573 0.397046 0.412563 0.427087 0.440583 0.453018 0.464362 0.474587 0.48367 0.491588 0.498322 0.503855 0.508175 0.51127 0.513134 0.513762 0.513151 0.511304 0.508225 0.503922 0.498403 0.491684 0.48378 0.47471 0.464496 0.453162 0.440736 0.427248 0.41273 0.397217 0.380747 0.363359 0.345095 0.325999 0.306117 0.285498 0.26419 0.242245 0.219717 0.196658 0.173126 0.149176 0.124867 0.100257 0.0754049 0.0503711 0.025216 6.29594e-17 
0 0.0231062 0.0461569 0.0690965 0.0918699 0.114422 0.136699 0.158647 0.180214 0.201347 0.221995 0.242109 0.261641 0.280543 0.298769 0.316277 0.333023 0.348968 0.364073 0.378301 0.391618 0.403993 0.415395 0.425796 0.435172 0.4435 0.45076 0.456934 0.462008 0.465969 0.468807 0.470515 0.47109 0.47053 0.468836 0.466013 0.462066 0.457006 0.450845 0.443597 0.43528 0.425914 0.415522 0.404128 0.39176 0.378448 0.364223 0.349121 0.333177 0.31643 0.29892 0.28069 0.261783 0.242245 0.222123 0.201466 0.180323 0.158746 0.136785 0.114495 0.0919291 0.0691414 0.0461871 0.0231214 5.77295e-17 
0 0.0209579 0.0418653 0.062672 0.083328 0.103783 0.123989 0.143897 0.163458 0.182625 0.201354 0.219598 0.237313 0.254457 0.270989 0.286869 0.302058 0.31652 0.33022 0.343125 0.355203 0.366427 0.376768 0.386202 0.394706 0.40226 0.408844 0.414444 0.419046 0.422638 0.425212 0.426761 0.427282 0.426774 0.425238 0.422676 0.419097 0.414507 0.408919 0.402345 0.394801 0.386306 0.37688 0.366545 0.355327 0.343253 0.330351 0.316653 0.302192 0.287003 0.271121 0.254586 0.237438 0.219717 0.201466 0.18273 0.163553 0.143982 0.124064 0.103847 0.0833797 0.0627113 0.0418917 0.0209711 5.23604e-17 
0 0.0187588 0.0374725 0.056096 0.0745845 0.0928936 0.110979 0.128798 0.146306 0.163463 0.180226 0.196555 0.212412 0.227757 0.242554 0.256767 0.270362 0.283306 0.295569 0.307119 0.317931 0.327976 0.337232 0.345676 0.353288 0.360048 0.365941 0.370953 0.375072 0.378287 0.38059 0.381977 0.382443 0.381988 0.380613 0.37832 0.375116 0.371008 0.366006 0.360122 0.353369 0.345766 0.337329 0.328079 0.318038 0.307231 0.295683 0.283422 0.270479 0.256883 0.242668 0.227869 0.21252 0.196658 0.180323 0.163553 0.146389 0.128872 0.111044 0.0929488 0.0746293 0.05613 0.0374953 0.0187703 4.68652e-17 
0 0.0165144 0.0329891 0.0493844 0.0656608 0.0817793 0.0977009 0.113388 0.128801 0.143905 0.158662 0.173038 0.186997 0.200506 0.213533 0.226045 0.238014 0.249409 0.260204 0.270372 0.27989 0.288733 0.296882 0.304315 0.311016 0.316967 0.322155 0.326567 0.330193 0.333023 0.335051 0.336271 0.336682 0.336281 0.33507 0.333051 0.330231 0.326614 0.32221 0.31703 0.311086 0.304392 0.296964 0.288821 0.279982 0.270468 0.260301 0.249508 0.238113 0.226144 0.213631 0.200602 0.187089 0.173126 0.158746 0.143982 0.128872 0.113451 0.0977565 0.0818264 0.0656991 0.0494134 0.0330086 0.0165242 4.12571e-17 
0 0.0142301 0.0284259 0.0425533 0.0565783 0.0704672 0.0841865 0.0977032 0.110985 0.123999 0.136715 0.149102 0.161131 0.172771 0.183996 0.194777 0.20509 0.214909 0.224211 0.232972 0.241173 0.248793 0.255814 0.262219 0.267993 0.273121 0.277591 0.281393 0.284517 0.286955 0.288702 0.289754 0.290108 0.289762 0.288719 0.286979 0.284549 0.281432 0.277637 0.273174 0.268052 0.262284 0.255884 0.248867 0.24125 0.233052 0.224292 0.214992 0.205174 0.19486 0.184078 0.172851 0.161208 0.149176 0.136785 0.124064 0.111044 0.0977565 0.0842332 0.0705068 0.0566105 0.0425777 0.0284423 0.0142383 3.55496e-17 
0 0.0119113 0.023794 0.0356194 0.0473591 0.0589848 0.0704686 0.0817828 0.0929002 0.103794 0.114438 0.124807 0.134875 0.144618 0.154014 0.163038 0.171671 0.17989 0.187676 0.19501 0.201874 0.208252 0.214129 0.219491 0.224323 0.228616 0.232357 0.235539 0.238154 0.240195 0.241657 0.242538 0.242834 0.242544 0.241671 0.240215 0.23818 0.235571 0.232395 0.228659 0.224371 0.219543 0.214186 0.208313 0.201937 0.195075 0.187743 0.179958 0.171739 0.163107 0.154081 0.144684 0.134938 0.124867 0.114495 0.103847 0.0929488 0.0818264 0.0705068 0.0590172 0.0473854 0.0356394 0.0238074 0.0119181 2.97565e-17 
0 0.0095638 0.0191046 0.0285994 0.0380254 0.0473598 0.0565804 0.0656647 0.074591 0.0833378 0.091884 0.100209 0.108293 0.116116 0.12366 0.130906 0.137837 0.144436 0.150687 0.156576 0.162087 0.167209 0.171927 0.176232 0.180112 0.183558 0.186562 0.189117 0.191217 0.192855 0.194029 0.194736 0.194974 0.194741 0.19404 0.192871 0.191237 0.189143 0.186592 0.183592 0.18015 0.176273 0.171972 0.167256 0.162137 0.156627 0.15074 0.14449 0.137891 0.13096 0.123713 0.116168 0.108343 0.100257 0.0919291 0.0833797 0.0746293 0.0656991 0.0566105 0.0473854 0.0380461 0.0286151 0.0191152 0.00956912 2.38917e-17 
0 0.00719315 0.014369 0.0215102 0.0285997 0.0356204 0.0425554 0.0493879 0.0561016 0.0626802 0.069108 0.0753695 0.0814495 0.0873335 0.0930073 0.0984572 0.10367 0.108633 0.113335 0.117764 0.121909 0.125761 0.12931 0.132547 0.135466 0.138058 0.140317 0.142239 0.143818 0.14505 0.145933 0.146465 0.146643 0.146469 0.145941 0.145062 0.143833 0.142258 0.140339 0.138083 0.135494 0.132578 0.129343 0.125796 0.121946 0.117802 0.113374 0.108673 0.10371 0.0984971 0.0930466 0.0873719 0.0814866 0.0754049 0.0691414 0.0627113 0.05613 0.0494134 0.0425777 0.0356394 0.0286151 0.0215219 0.0143768 0.00719709 1.79693e-17 
0 0.00480511 0.00959866 0.0143691 0.019105 0.0237949 0.0284275 0.0329917 0.0374765 0.0418711 0.046165 0.0503477 0.0544093 0.0583398 0.06213 0.0657706 0.0692528 0.0725683 0.0757091 0.0786676 0.0814367 0.0840098 0.0863805 0.0885431 0.0904926 0.0922241 0.0937334 0.095017 0.0960718 0.096895 0.0974849 0.0978399 0.0979592 0.0978425 0.0974901 0.0969027 0.0960818 0.0950295 0.0937481 0.0922408 0.0905112 0.0885636 0.0864024 0.0840331 0.0814612 0.078693 0.0757351 0.0725947 0.0692793 0.0657969 0.062156 0.0583652 0.0544338 0.0503711 0.0461871 0.0418917 0.0374953 0.0330086 0.0284423 0.0238074 0.0191152 0.0143768 0.00960385 0.00480772 1.20036e-17 
0 0.00240546 0.00480514 0.00719325 0.00956405 0.0119118 0.0142309 0.0165158 0.0187609 0.0209609 0.0231104 0.0252043 0.0272375 0.0292052 0.0311026 0.032925 0.0346683 0.036328 0.0379003 0.0393814 0.0407676 0.0420557 0.0432424 0.0443251 0.045301 0.0461678 0.0469234 0.0475659 0.0480939 0.048506 0.0488013 0.0489791 0.0490388 0.0489803 0.0488039 0.0485099 0.0480989 0.0475721 0.0469306 0.0461761 0.0453103 0.0443352 0.0432534 0.0420673 0.0407798 0.039394 0.0379133 0.0363412 0.0346815 0.0329382 0.0311155 0.0292178 0.0272497 0.025216 0.0231214 0.0209711 0.0187703 0.0165242 0.0142383 0.0119181 0.00956912 0.00719709 0.00480772 0.00240676 6.00906e-18 
0 6.00906e-18 1.20036e-17 1.79693e-17 2.38917e-17 2.97565e-17 3.55496e-17 4.12571e-17 4.68652e-17 5.23604e-17 5.77295e-17 6.29594e-17 6.80377e-17 7.29521e-17 7.76908e-17 8.22423e-17 8.65956e-17 9.07403e-17 9.46665e-17 9.83646e-17 1.01826e-16 1.05041e-16 1.08004e-16 1.10707e-16 1.13143e-16 1.15306e-16 1.17191e-16 1.18795e-16 1.20112e-16 1.21139e-16 1.21875e-16 1.22317e-16 1.22465e-16 1.22317e-16 1.21875e-16 1.21139e-16 1.20112e-16 1.18795e-16 1.17191e-16 1.15306e-16 1.13143e-16 1.10707e-16 1.08004e-16 1.05041e-16 1.01826e-16 9.83646e-17 9.46665e-17 9.07403e-17 8.65956e-17 8.22423e-17 7.76908e-17 7.29521e-17 6.80377e-17 6.29594e-17 5.77295e-17 5.23604e-17 4.68652e-17 4.12571e-17 3.55496e-17 2.97565e-17 2.38917e-17 1.79693e-17 1.20036e-17 6.00906e-18 1.49976e-32 
