0 0 0 0 0 0 0 0 0 0 0 0 0 0 0 0 0 0 0 0 0 0 0 0 0 0 0 0 0 0 0 0 0 0 0 0 0 0 0 0 0 0 0 0 0 0 0 0 0 0 0 0 0 0 0 0 0 0 0 0 0 0 0 0 0 
0 0.00204401 0.00248191 0.00282629 0.00309527 0.00331177 0.00349158 0.00364484 0.00377814 0.00389594 0.00400137 0.00409669 0.00418359 0.00426336 0.00433701 0.00440534 0.00446899 0.00452849 0.00458428 0.00463671 0.00468609 0.00473269 0.00477672 0.00481838 0.00485784 0.00489524 0.00493071 0.00496438 0.00499633 0.00502666 0.00505545 0.00508278 0.00510871 0.00513332 0.00515664 0.00517875 0.00519968 0.00521949 0.00523821 0.0052559 0.00527258 0.0052883 0.00530309 0.00531698 0.00533001 0.00534222 0.00535362 0.00536426 0.00537415 0.00538334 0.00539184 0.00539968 0.00540689 0.00541349 0.0054195 0.00542496 0.00542987 0.00543426 0.00543816 0.00544156 0.0054445 0.00544699 0.00544903 0.00545064 0 
0 0.00248191 0.00272279 0.00296368 0.00317863 0.0033652 0.00352713 0.00366888 0.00379428 0.00390635 0.00400743 0.00409933 0.00418344 0.0042609 0.00433257 0.0043992 0.00446136 0.00451953 0.00457414 0.00462551 0.00467395 0.00471969 0.00476296 0.00480394 0.00484278 0.00487964 0.00491464 0.00494789 0.0049795 0.00500954 0.0050381 0.00506526 0.00509107 0.00511561 0.00513893 0.00516108 0.00518211 0.00520206 0.00522098 0.00523891 0.00525588 0.00527194 0.00528711 0.00530143 0.00531493 0.00532764 0.00533959 0.00535082 0.00536133 0.00537118 0.00538037 0.00538893 0.00539689 0.00540427 0.00541109 0.00541737 0.00542314 0.0054284 0.00543318 0.00543749 0.00544135 0.00544477 0.00544776 0.00545032 0 
0 0.00282629 0.00296368 0.00312702 0.00329038 0.00344331 0.0035829 0.00370931 0.00382379 0.0039278 0.00402273 0.00410979 0.00419002 0.00426426 0.00433325 0.00439759 0.00445777 0.00451422 0.00456731 0.00461734 0.00466458 0.00470926 0.00475158 0.00479171 0.0048298 0.004866 0.00490041 0.00493315 0.00496432 0.00499399 0.00502225 0.00504917 0.00507481 0.00509923 0.00512249 0.00514463 0.00516571 0.00518576 0.00520483 0.00522296 0.00524019 0.00525655 0.00527206 0.00528677 0.00530071 0.0053139 0.00532637 0.00533815 0.00534926 0.00535973 0.00536958 0.00537884 0.00538752 0.00539566 0.00540326 0.00541034 0.00541694 0.00542305 0.0054287 0.0054339 0.00543866 0.005443 0.00544692 0.00545042 0 
0 0.00309527 0.00317863 0.00329038 0.00341257 0.00353479 0.00365187 0.00376172 0.00386382 0.00395839 0.00404596 0.00412717 0.00420265 0.00427298 0.00433868 0.00440022 0.004458 0.00451237 0.00456364 0.00461207 0.00465789 0.00470131 0.00474251 0.00478164 0.00481885 0.00485426 0.00488799 0.00492013 0.00495077 0.00498 0.00500789 0.0050345 0.0050599 0.00508415 0.00510729 0.00512938 0.00515046 0.00517058 0.00518976 0.00520806 0.0052255 0.00524212 0.00525795 0.00527302 0.00528736 0.00530099 0.00531395 0.00532625 0.00533793 0.005349 0.00535948 0.00536941 0.00537879 0.00538765 0.005396 0.00540387 0.00541127 0.00541821 0.00542471 0.00543078 0.00543643 0.00544167 0.0054465 0.00545094 0 
0 0.00331177 0.0033652 0.00344331 0.00353479 0.00363145 0.00372814 0.00382196 0.00391145 0.00399605 0.00407564 0.00415037 0.00422053 0.00428643 0.00434839 0.00440675 0.00446178 0.00451377 0.00456296 0.00460955 0.00465376 0.00469574 0.00473567 0.00477367 0.00480987 0.0048444 0.00487733 0.00490878 0.00493883 0.00496754 0.00499498 0.00502123 0.00504634 0.00507036 0.00509334 0.00511533 0.00513637 0.0051565 0.00517576 0.00519419 0.00521181 0.00522866 0.00524476 0.00526016 0.00527486 0.00528891 0.00530232 0.00531512 0.00532733 0.00533897 0.00535006 0.00536063 0.00537068 0.00538024 0.00538933 0.00539795 0.00540613 0.00541388 0.00542121 0.00542813 0.00543464 0.00544077 0.00544651 0.00545186 0 
0 0.00349158 0.00352713 0.0035829 0.00365187 0.00372814 0.00380734 0.00388658 0.00396408 0.00403882 0.00411028 0.00417828 0.0042428 0.00430394 0.00436186 0.00441675 0.00446878 0.00451815 0.00456504 0.00460962 0.00465204 0.00469244 0.00473095 0.0047677 0.0048028 0.00483633 0.0048684 0.00489907 0.00492844 0.00495657 0.00498351 0.00500934 0.0050341 0.00505784 0.00508062 0.00510246 0.00512342 0.00514353 0.00516282 0.00518134 0.0051991 0.00521615 0.0052325 0.00524818 0.00526323 0.00527766 0.00529149 0.00530476 0.00531747 0.00532965 0.00534132 0.0053525 0.0053632 0.00537343 0.00538322 0.00539258 0.00540152 0.00541005 0.00541818 0.00542593 0.00543329 0.00544029 0.00544691 0.00545318 0 
0 0.00364484 0.00366888 0.00370931 0.00376172 0.00382196 0.00388658 0.00395305 0.00401958 0.00408498 0.00414853 0.00420981 0.00426861 0.00432485 0.00437855 0.00442978 0.00447864 0.00452522 0.00456966 0.00461207 0.00465257 0.00469126 0.00472826 0.00476365 0.00479754 0.00483 0.00486111 0.00489095 0.00491957 0.00494705 0.00497344 0.00499879 0.00502316 0.00504658 0.0050691 0.00509076 0.00511159 0.00513164 0.00515094 0.0051695 0.00518738 0.00520458 0.00522114 0.00523709 0.00525244 0.00526722 0.00528145 0.00529515 0.00530834 0.00532104 0.00533326 0.00534502 0.00535633 0.00536722 0.00537768 0.00538775 0.00539742 0.00540671 0.00541563 0.00542418 0.00543237 0.00544022 0.00544771 0.00545487 0 
0 0.00377814 0.00379428 0.00382379 0.00386382 0.00391145 0.00396408 0.00401958 0.00407632 0.00413313 0.0041892 0.00424399 0.00429715 0.00434849 0.00439792 0.00444542 0.00449099 0.00453468 0.00457656 0.00461669 0.00465517 0.00469206 0.00472745 0.00476141 0.00479401 0.00482532 0.00485541 0.00488435 0.00491218 0.00493895 0.00496473 0.00498956 0.00501348 0.00503654 0.00505876 0.0050802 0.00510088 0.00512083 0.00514008 0.00515867 0.00517662 0.00519395 0.0052107 0.00522687 0.0052425 0.0052576 0.00527219 0.0052863 0.00529993 0.00531311 0.00532585 0.00533817 0.00535008 0.00536158 0.0053727 0.00538345 0.00539383 0.00540385 0.00541353 0.00542287 0.00543187 0.00544054 0.00544889 0.00545691 0 
0 0.00389594 0.00390635 0.0039278 0.00395839 0.00399605 0.00403882 0.00408498 0.00413313 0.00418219 0.00423133 0.00427997 0.00432771 0.00437427 0.00441947 0.00446322 0.00450548 0.00454623 0.00458548 0.00462328 0.00465966 0.00469469 0.0047284 0.00476085 0.00479211 0.00482222 0.00485123 0.00487921 0.00490619 0.00493222 0.00495735 0.00498161 0.00500505 0.0050277 0.00504959 0.00507076 0.00509125 0.00511107 0.00513025 0.00514883 0.00516682 0.00518425 0.00520114 0.00521752 0.00523339 0.00524878 0.00526371 0.00527819 0.00529224 0.00530588 0.00531911 0.00533196 0.00534442 0.00535652 0.00536827 0.00537967 0.00539073 0.00540147 0.00541188 0.00542198 0.00543176 0.00544124 0.00545042 0.0054593 0 
0 0.00400137 0.00400743 0.00402273 0.00404596 0.00407564 0.00411028 0.00414853 0.0041892 0.00423133 0.00427415 0.00431708 0.00435969 0.00440164 0.00444273 0.0044828 0.00452177 0.00455957 0.00459618 0.00463161 0.00466587 0.00469897 0.00473096 0.00476187 0.00479173 0.00482059 0.00484849 0.00487546 0.00490156 0.0049268 0.00495123 0.00497489 0.00499781 0.00502002 0.00504155 0.00506243 0.00508269 0.00510234 0.00512143 0.00513996 0.00515797 0.00517546 0.00519247 0.00520902 0.0052251 0.00524076 0.00525599 0.00527082 0.00528526 0.00529933 0.00531302 0.00532637 0.00533937 0.00535203 0.00536438 0.00537641 0.00538813 0.00539954 0.00541067 0.0054215 0.00543205 0.00544231 0.0054523 0.005462 0 
0 0.00409669 0.00409933 0.00410979 0.00412717 0.00415037 0.00417828 0.00420981 0.00424399 0.00427997 0.00431708 0.00435476 0.00439256 0.00443015 0.00446729 0.0045038 0.00453954 0.00457444 0.00460843 0.00464148 0.0046736 0.00470477 0.00473501 0.00476434 0.00479278 0.00482036 0.00484711 0.00487305 0.00489822 0.00492264 0.00494635 0.00496938 0.00499174 0.00501348 0.00503462 0.00505517 0.00507517 0.00509463 0.00511359 0.00513205 0.00515004 0.00516758 0.00518468 0.00520136 0.00521763 0.00523352 0.00524903 0.00526418 0.00527898 0.00529344 0.00530758 0.00532139 0.0053349 0.0053481 0.00536102 0.00537364 0.00538599 0.00539807 0.00540988 0.00542142 0.0054327 0.00544372 0.00545449 0.00546501 0 
0 0.00418359 0.00418344 0.00419002 0.00420265 0.00422053 0.0042428 0.00426861 0.00429715 0.00432771 0.00435969 0.00439256 0.00442591 0.00445942 0.00449281 0.00452589 0.00455852 0.00459058 0.00462199 0.0046527 0.00468269 0.00471193 0.00474041 0.00476815 0.00479515 0.00482143 0.004847 0.00487189 0.00489611 0.00491969 0.00494265 0.00496501 0.0049868 0.00500804 0.00502876 0.00504896 0.00506867 0.00508792 0.00510672 0.00512508 0.00514303 0.00516057 0.00517774 0.00519453 0.00521097 0.00522706 0.00524282 0.00525826 0.00527339 0.00528822 0.00530276 0.00531702 0.005331 0.00534472 0.00535818 0.00537138 0.00538433 0.00539703 0.00540949 0.00542172 0.00543371 0.00544547 0.00545699 0.00546829 0 
0 0.00426336 0.0042609 0.00426426 0.00427298 0.00428643 0.00430394 0.00432485 0.00434849 0.00437427 0.00440164 0.00443015 0.00445942 0.00448911 0.00451898 0.00454881 0.00457844 0.00460776 0.00463666 0.00466508 0.00469297 0.00472029 0.00474704 0.00477319 0.00479875 0.00482371 0.0048481 0.00487191 0.00489517 0.00491788 0.00494008 0.00496176 0.00498295 0.00500367 0.00502394 0.00504377 0.00506317 0.00508218 0.00510079 0.00511903 0.00513691 0.00515444 0.00517164 0.00518852 0.00520509 0.00522136 0.00523734 0.00525305 0.00526848 0.00528365 0.00529857 0.00531325 0.00532768 0.00534187 0.00535584 0.00536959 0.00538311 0.00539641 0.00540951 0.00542239 0.00543506 0.00544752 0.00545978 0.00547183 0 
0 0.00433701 0.00433257 0.00433325 0.00433868 0.00434839 0.00436186 0.00437855 0.00439792 0.00441947 0.00444273 0.00446729 0.00449281 0.00451898 0.00454554 0.0045723 0.00459909 0.00462578 0.00465226 0.00467845 0.00470429 0.00472974 0.00475476 0.00477934 0.00480346 0.00482712 0.00485032 0.00487305 0.00489534 0.00491718 0.00493858 0.00495957 0.00498015 0.00500033 0.00502013 0.00503957 0.00505865 0.00507738 0.00509579 0.00511388 0.00513167 0.00514916 0.00516638 0.00518331 0.00519999 0.00521641 0.00523259 0.00524853 0.00526424 0.00527973 0.005295 0.00531005 0.00532491 0.00533955 0.00535401 0.00536826 0.00538233 0.00539621 0.0054099 0.0054234 0.00543673 0.00544987 0.00546282 0.0054756 0 
0 0.00440534 0.0043992 0.00439759 0.00440022 0.00440675 0.00441675 0.00442978 0.00444542 0.00446322 0.0044828 0.0045038 0.00452589 0.00454881 0.0045723 0.00459619 0.00462028 0.00464447 0.00466862 0.00469266 0.00471651 0.00474013 0.00476347 0.0047865 0.00480921 0.00483157 0.00485358 0.00487524 0.00489655 0.00491751 0.00493812 0.0049584 0.00497835 0.00499798 0.00501731 0.00503633 0.00505506 0.00507351 0.0050917 0.00510962 0.00512729 0.00514472 0.00516192 0.0051789 0.00519566 0.0052122 0.00522855 0.0052447 0.00526066 0.00527643 0.00529202 0.00530743 0.00532268 0.00533775 0.00535265 0.00536739 0.00538197 0.00539639 0.00541065 0.00542475 0.0054387 0.00545248 0.00546611 0.00547958 0 
0 0.00446899 0.00446136 0.00445777 0.004458 0.00446178 0.00446878 0.00447864 0.00449099 0.00450548 0.00452177 0.00453954 0.00455852 0.00457844 0.00459909 0.00462028 0.00464185 0.00466366 0.0046856 0.00470758 0.00472952 0.00475136 0.00477306 0.00479458 0.00481589 0.00483698 0.00485782 0.00487841 0.00489875 0.00491883 0.00493865 0.00495821 0.00497753 0.0049966 0.00501543 0.00503402 0.00505239 0.00507054 0.00508848 0.00510622 0.00512376 0.0051411 0.00515827 0.00517526 0.00519207 0.00520872 0.00522521 0.00524154 0.00525772 0.00527375 0.00528963 0.00530537 0.00532098 0.00533644 0.00535177 0.00536697 0.00538203 0.00539696 0.00541175 0.00542642 0.00544095 0.00545535 0.00546962 0.00548376 0 
0 0.00452849 0.00451953 0.00451422 0.00451237 0.00451377 0.00451815 0.00452522 0.00453468 0.00454623 0.00455957 0.00457444 0.00459058 0.00460776 0.00462578 0.00464447 0.00466366 0.00468323 0.00470307 0.00472308 0.00474318 0.00476332 0.00478343 0.00480348 0.00482344 0.00484327 0.00486297 0.00488251 0.00490188 0.00492108 0.00494011 0.00495896 0.00497763 0.00499613 0.00501446 0.00503262 0.00505061 0.00506845 0.00508613 0.00510366 0.00512104 0.00513829 0.00515539 0.00517237 0.00518922 0.00520595 0.00522255 0.00523904 0.00525541 0.00527167 0.00528782 0.00530386 0.0053198 0.00533562 0.00535135 0.00536696 0.00538248 0.00539788 0.00541318 0.00542838 0.00544347 0.00545845 0.00547333 0.00548809 0 
0 0.00458428 0.00457414 0.00456731 0.00456364 0.00456296 0.00456504 0.00456966 0.00457656 0.00458548 0.00459618 0.00460843 0.00462199 0.00463666 0.00465226 0.00466862 0.0046856 0.00470307 0.00472092 0.00473907 0.00475742 0.00477592 0.0047945 0.00481313 0.00483177 0.00485038 0.00486895 0.00488746 0.00490588 0.00492422 0.00494246 0.0049606 0.00497863 0.00499655 0.00501437 0.00503209 0.0050497 0.0050672 0.00508461 0.00510192 0.00511913 0.00513625 0.00515328 0.00517023 0.00518709 0.00520387 0.00522056 0.00523718 0.00525372 0.00527019 0.00528657 0.00530288 0.00531912 0.00533528 0.00535136 0.00536737 0.0053833 0.00539916 0.00541493 0.00543062 0.00544623 0.00546177 0.00547721 0.00549258 0 
0 0.00463671 0.00462551 0.00461734 0.00461207 0.00460955 0.00460962 0.00461207 0.00461669 0.00462328 0.00463161 0.00464148 0.0046527 0.00466508 0.00467845 0.00469266 0.00470758 0.00472308 0.00473907 0.00475544 0.00477213 0.00478906 0.00480619 0.00482345 0.00484081 0.00485825 0.00487572 0.00489321 0.00491071 0.00492819 0.00494565 0.00496309 0.00498048 0.00499783 0.00501514 0.0050324 0.00504962 0.00506678 0.0050839 0.00510098 0.005118 0.00513498 0.00515192 0.00516881 0.00518566 0.00520247 0.00521924 0.00523596 0.00525264 0.00526928 0.00528587 0.00530243 0.00531893 0.0053354 0.00535181 0.00536818 0.00538449 0.00540076 0.00541697 0.00543313 0.00544923 0.00546527 0.00548126 0.00549718 0 
0 0.00468609 0.00467395 0.00466458 0.00465789 0.00465376 0.00465204 0.00465257 0.00465517 0.00465966 0.00466587 0.0046736 0.00468269 0.00469297 0.00470429 0.00471651 0.00472952 0.00474318 0.00475742 0.00477213 0.00478724 0.00480269 0.00481841 0.00483437 0.00485051 0.0048668 0.00488321 0.00489972 0.00491631 0.00493296 0.00494965 0.00496639 0.00498315 0.00499993 0.00501672 0.00503353 0.00505035 0.00506717 0.00508399 0.00510081 0.00511764 0.00513446 0.00515129 0.00516811 0.00518493 0.00520174 0.00521855 0.00523535 0.00525215 0.00526894 0.00528571 0.00530248 0.00531923 0.00533596 0.00535267 0.00536937 0.00538604 0.00540268 0.00541929 0.00543588 0.00545243 0.00546895 0.00548543 0.00550188 0 
0 0.00473269 0.00471969 0.00470926 0.00470131 0.00469574 0.00469244 0.00469126 0.00469206 0.00469469 0.00469897 0.00470477 0.00471193 0.00472029 0.00472974 0.00474013 0.00475136 0.00476332 0.00477592 0.00478906 0.00480269 0.00481673 0.00483112 0.00484583 0.00486079 0.00487598 0.00489137 0.00490693 0.00492264 0.00493847 0.00495442 0.00497047 0.0049866 0.00500281 0.0050191 0.00503545 0.00505186 0.00506833 0.00508484 0.00510141 0.00511802 0.00513467 0.00515137 0.0051681 0.00518486 0.00520166 0.00521849 0.00523535 0.00525224 0.00526915 0.00528608 0.00530302 0.00531998 0.00533695 0.00535394 0.00537092 0.00538791 0.0054049 0.00542188 0.00543886 0.00545583 0.00547278 0.00548973 0.00550666 0 
0 0.00477672 0.00476296 0.00475158 0.00474251 0.00473567 0.00473095 0.00472826 0.00472745 0.0047284 0.00473096 0.00473501 0.00474041 0.00474704 0.00475476 0.00476347 0.00477306 0.00478343 0.0047945 0.00480619 0.00481841 0.00483112 0.00484426 0.00485777 0.00487162 0.00488576 0.00490016 0.0049148 0.00492965 0.0049447 0.00495991 0.00497529 0.0049908 0.00500646 0.00502224 0.00503813 0.00505413 0.00507024 0.00508644 0.00510274 0.00511912 0.00513559 0.00515214 0.00516876 0.00518546 0.00520222 0.00521905 0.00523594 0.00525289 0.00526989 0.00528695 0.00530405 0.00532119 0.00533837 0.00535558 0.00537283 0.0053901 0.0054074 0.00542472 0.00544205 0.0054594 0.00547675 0.00549412 0.00551149 0 
0 0.00481838 0.00480394 0.00479171 0.00478164 0.00477367 0.0047677 0.00476365 0.00476141 0.00476085 0.00476187 0.00476434 0.00476815 0.00477319 0.00477934 0.0047865 0.00479458 0.00480348 0.00481313 0.00482345 0.00483437 0.00484583 0.00485777 0.00487015 0.00488293 0.00489607 0.00490953 0.00492329 0.00493731 0.00495159 0.00496609 0.00498081 0.00499573 0.00501083 0.0050261 0.00504154 0.00505714 0.00507288 0.00508877 0.00510478 0.00512093 0.0051372 0.00515359 0.00517008 0.00518669 0.0052034 0.0052202 0.0052371 0.00525409 0.00527116 0.00528831 0.00530554 0.00532283 0.00534019 0.0053576 0.00537508 0.0053926 0.00541017 0.00542778 0.00544543 0.00546312 0.00548084 0.00549859 0.00551637 0 
0 0.00485784 0.00484278 0.0048298 0.00481885 0.00480987 0.0048028 0.00479754 0.00479401 0.00479211 0.00479173 0.00479278 0.00479515 0.00479875 0.00480346 0.00480921 0.00481589 0.00482344 0.00483177 0.00484081 0.00485051 0.00486079 0.00487162 0.00488293 0.0048947 0.00490688 0.00491944 0.00493235 0.00494558 0.00495912 0.00497293 0.00498701 0.00500134 0.0050159 0.00503068 0.00504567 0.00506086 0.00507623 0.00509179 0.00510752 0.00512342 0.00513948 0.00515569 0.00517205 0.00518855 0.00520518 0.00522194 0.00523883 0.00525583 0.00527294 0.00529016 0.00530748 0.00532489 0.00534239 0.00535998 0.00537764 0.00539538 0.00541319 0.00543106 0.00544899 0.00546698 0.00548502 0.00550311 0.00552125 0 
0 0.00489524 0.00487964 0.004866 0.00485426 0.0048444 0.00483633 0.00483 0.00482532 0.00482222 0.00482059 0.00482036 0.00482143 0.00482371 0.00482712 0.00483157 0.00483698 0.00484327 0.00485038 0.00485825 0.0048668 0.00487598 0.00488576 0.00489607 0.00490688 0.00491815 0.00492985 0.00494195 0.00495443 0.00496725 0.0049804 0.00499386 0.00500761 0.00502164 0.00503593 0.00505048 0.00506526 0.00508027 0.0050955 0.00511094 0.00512658 0.00514242 0.00515844 0.00517464 0.00519102 0.00520755 0.00522425 0.00524109 0.00525808 0.00527521 0.00529247 0.00530986 0.00532736 0.00534498 0.0053627 0.00538052 0.00539844 0.00541645 0.00543454 0.00545271 0.00547096 0.00548928 0.00550768 0.00552614 0 
0 0.00493071 0.00491464 0.00490041 0.00488799 0.00487733 0.0048684 0.00486111 0.00485541 0.00485123 0.00484849 0.00484711 0.004847 0.0048481 0.00485032 0.00485358 0.00485782 0.00486297 0.00486895 0.00487572 0.00488321 0.00489137 0.00490016 0.00490953 0.00491944 0.00492985 0.00494074 0.00495207 0.00496382 0.00497596 0.00498847 0.00500133 0.00501452 0.00502803 0.00504185 0.00505595 0.00507033 0.00508497 0.00509987 0.00511501 0.00513039 0.00514599 0.00516182 0.00517785 0.00519408 0.0052105 0.00522711 0.00524389 0.00526085 0.00527797 0.00529524 0.00531266 0.00533022 0.00534792 0.00536575 0.00538369 0.00540176 0.00541993 0.0054382 0.00545658 0.00547505 0.00549361 0.00551226 0.005531 0 
0 0.00496438 0.00494789 0.00493315 0.00492013 0.00490878 0.00489907 0.00489095 0.00488435 0.00487921 0.00487546 0.00487305 0.00487189 0.00487191 0.00487305 0.00487524 0.00487841 0.00488251 0.00488746 0.00489321 0.00489972 0.00490693 0.0049148 0.00492329 0.00493235 0.00494195 0.00495207 0.00496267 0.00497372 0.00498521 0.0049971 0.00500938 0.00502204 0.00503504 0.00504839 0.00506206 0.00507604 0.00509032 0.00510488 0.00511972 0.00513483 0.00515019 0.0051658 0.00518164 0.00519771 0.005214 0.0052305 0.00524721 0.0052641 0.00528119 0.00529845 0.00531588 0.00533347 0.00535121 0.00536911 0.00538715 0.00540532 0.00542362 0.00544204 0.00546058 0.00547923 0.00549799 0.00551685 0.00553582 0 
0 0.00499633 0.0049795 0.00496432 0.00495077 0.00493883 0.00492844 0.00491957 0.00491218 0.00490619 0.00490156 0.00489822 0.00489611 0.00489517 0.00489534 0.00489655 0.00489875 0.00490188 0.00490588 0.00491071 0.00491631 0.00492264 0.00492965 0.00493731 0.00494558 0.00495443 0.00496382 0.00497372 0.00498412 0.00499498 0.00500628 0.00501801 0.00503014 0.00504266 0.00505554 0.00506879 0.00508237 0.00509629 0.00511052 0.00512505 0.00513988 0.00515499 0.00517037 0.00518602 0.00520191 0.00521805 0.00523443 0.00525102 0.00526784 0.00528486 0.00530208 0.00531949 0.00533708 0.00535484 0.00537277 0.00539086 0.00540911 0.0054275 0.00544602 0.00546469 0.00548348 0.00550239 0.00552143 0.00554059 0 
0 0.00502666 0.00500954 0.00499399 0.00498 0.00496754 0.00495657 0.00494705 0.00493895 0.00493222 0.0049268 0.00492264 0.00491969 0.00491788 0.00491718 0.00491751 0.00491883 0.00492108 0.00492422 0.00492819 0.00493296 0.00493847 0.0049447 0.00495159 0.00495912 0.00496725 0.00497596 0.00498521 0.00499498 0.00500524 0.00501598 0.00502718 0.0050388 0.00505084 0.00506329 0.00507611 0.00508931 0.00510286 0.00511675 0.00513098 0.00514552 0.00516037 0.00517552 0.00519095 0.00520666 0.00522263 0.00523886 0.00525533 0.00527203 0.00528897 0.00530612 0.00532348 0.00534104 0.00535879 0.00537673 0.00539484 0.00541312 0.00543156 0.00545015 0.0054689 0.00548779 0.00550682 0.00552599 0.00554529 0 
0 0.00505545 0.0050381 0.00502225 0.00500789 0.00499498 0.00498351 0.00497344 0.00496473 0.00495735 0.00495123 0.00494635 0.00494265 0.00494008 0.00493858 0.00493812 0.00493865 0.00494011 0.00494246 0.00494565 0.00494965 0.00495442 0.00495991 0.00496609 0.00497293 0.0049804 0.00498847 0.0049971 0.00500628 0.00501598 0.00502618 0.00503687 0.00504801 0.00505959 0.0050716 0.00508401 0.00509683 0.00511002 0.00512358 0.00513749 0.00515174 0.00516632 0.00518122 0.00519643 0.00521193 0.00522772 0.00524378 0.0052601 0.00527668 0.00529351 0.00531056 0.00532784 0.00534534 0.00536305 0.00538095 0.00539905 0.00541733 0.00543579 0.00545441 0.0054732 0.00549215 0.00551125 0.0055305 0.0055499 0 
0 0.00508278 0.00506526 0.00504917 0.0050345 0.00502123 0.00500934 0.00499879 0.00498956 0.00498161 0.00497489 0.00496938 0.00496501 0.00496176 0.00495957 0.0049584 0.00495821 0.00495896 0.0049606 0.00496309 0.00496639 0.00497047 0.00497529 0.00498081 0.00498701 0.00499386 0.00500133 0.00500938 0.00501801 0.00502718 0.00503687 0.00504706 0.00505773 0.00506887 0.00508046 0.00509247 0.00510491 0.00511774 0.00513097 0.00514456 0.00515852 0.00517283 0.00518747 0.00520244 0.00521772 0.00523331 0.00524918 0.00526534 0.00528177 0.00529845 0.00531539 0.00533257 0.00534997 0.0053676 0.00538545 0.00540349 0.00542174 0.00544017 0.00545879 0.00547758 0.00549654 0.00551567 0.00553496 0.00555441 0 
0 0.00510871 0.00509107 0.00507481 0.0050599 0.00504634 0.0050341 0.00502316 0.00501348 0.00500505 0.00499781 0.00499174 0.0049868 0.00498295 0.00498015 0.00497835 0.00497753 0.00497763 0.00497863 0.00498048 0.00498315 0.0049866 0.0049908 0.00499573 0.00500134 0.00500761 0.00501452 0.00502204 0.00503014 0.0050388 0.00504801 0.00505773 0.00506796 0.00507867 0.00508985 0.00510147 0.00511354 0.00512602 0.00513891 0.00515219 0.00516585 0.00517987 0.00519425 0.00520897 0.00522402 0.00523938 0.00525506 0.00527102 0.00528728 0.0053038 0.00532059 0.00533763 0.00535492 0.00537244 0.00539019 0.00540815 0.00542632 0.0054447 0.00546326 0.00548202 0.00550096 0.00552007 0.00553936 0.00555882 0 
0 0.00513332 0.00511561 0.00509923 0.00508415 0.00507036 0.00505784 0.00504658 0.00503654 0.0050277 0.00502002 0.00501348 0.00500804 0.00500367 0.00500033 0.00499798 0.0049966 0.00499613 0.00499655 0.00499783 0.00499993 0.00500281 0.00500646 0.00501083 0.0050159 0.00502164 0.00502803 0.00503504 0.00504266 0.00505084 0.00505959 0.00506887 0.00507867 0.00508897 0.00509975 0.005111 0.0051227 0.00513483 0.00514738 0.00516035 0.0051737 0.00518744 0.00520154 0.005216 0.0052308 0.00524593 0.00526138 0.00527714 0.00529319 0.00530954 0.00532615 0.00534303 0.00536017 0.00537755 0.00539517 0.00541301 0.00543108 0.00544935 0.00546783 0.00548651 0.00550538 0.00552444 0.00554368 0.0055631 0 
0 0.00515664 0.00513893 0.00512249 0.00510729 0.00509334 0.00508062 0.0050691 0.00505876 0.00504959 0.00504155 0.00503462 0.00502876 0.00502394 0.00502013 0.00501731 0.00501543 0.00501446 0.00501437 0.00501514 0.00501672 0.0050191 0.00502224 0.0050261 0.00503068 0.00503593 0.00504185 0.00504839 0.00505554 0.00506329 0.0050716 0.00508046 0.00508985 0.00509975 0.00511015 0.00512102 0.00513237 0.00514415 0.00515638 0.00516902 0.00518207 0.00519551 0.00520933 0.00522351 0.00523805 0.00525293 0.00526814 0.00528367 0.00529951 0.00531564 0.00533206 0.00534875 0.00536571 0.00538292 0.00540038 0.00541807 0.00543599 0.00545413 0.00547249 0.00549105 0.00550981 0.00552877 0.00554791 0.00556725 0 
0 0.00517875 0.00516108 0.00514463 0.00512938 0.00511533 0.00510246 0.00509076 0.0050802 0.00507076 0.00506243 0.00505517 0.00504896 0.00504377 0.00503957 0.00503633 0.00503402 0.00503262 0.00503209 0.0050324 0.00503353 0.00503545 0.00503813 0.00504154 0.00504567 0.00505048 0.00505595 0.00506206 0.00506879 0.00507611 0.00508401 0.00509247 0.00510147 0.005111 0.00512102 0.00513154 0.00514253 0.00515398 0.00516587 0.00517819 0.00519093 0.00520407 0.0052176 0.0052315 0.00524576 0.00526038 0.00527533 0.00529061 0.00530621 0.00532211 0.00533831 0.00535478 0.00537153 0.00538854 0.00540581 0.00542331 0.00544106 0.00545902 0.00547721 0.00549562 0.00551423 0.00553304 0.00555205 0.00557126 0 
0 0.00519968 0.00518211 0.00516571 0.00515046 0.00513637 0.00512342 0.00511159 0.00510088 0.00509125 0.00508269 0.00507517 0.00506867 0.00506317 0.00505865 0.00505506 0.00505239 0.00505061 0.0050497 0.00504962 0.00505035 0.00505186 0.00505413 0.00505714 0.00506086 0.00506526 0.00507033 0.00507604 0.00508237 0.00508931 0.00509683 0.00510491 0.00511354 0.0051227 0.00513237 0.00514253 0.00515318 0.00516429 0.00517586 0.00518785 0.00520028 0.00521311 0.00522633 0.00523994 0.00525392 0.00526826 0.00528294 0.00529795 0.00531329 0.00532893 0.00534488 0.00536111 0.00537762 0.0053944 0.00541144 0.00542873 0.00544626 0.00546402 0.00548201 0.00550021 0.00551863 0.00553726 0.00555609 0.00557513 0 
0 0.00521949 0.00520206 0.00518576 0.00517058 0.0051565 0.00514353 0.00513164 0.00512083 0.00511107 0.00510234 0.00509463 0.00508792 0.00508218 0.00507738 0.00507351 0.00507054 0.00506845 0.0050672 0.00506678 0.00506717 0.00506833 0.00507024 0.00507288 0.00507623 0.00508027 0.00508497 0.00509032 0.00509629 0.00510286 0.00511002 0.00511774 0.00512602 0.00513483 0.00514415 0.00515398 0.00516429 0.00517507 0.00518631 0.00519799 0.00521009 0.00522261 0.00523553 0.00524883 0.00526251 0.00527655 0.00529094 0.00530567 0.00532072 0.00533609 0.00535176 0.00536772 0.00538397 0.00540049 0.00541727 0.00543431 0.00545159 0.00546911 0.00548685 0.00550483 0.00552301 0.00554142 0.00556003 0.00557884 0 
0 0.00523821 0.00522098 0.00520483 0.00518976 0.00517576 0.00516282 0.00515094 0.00514008 0.00513025 0.00512143 0.00511359 0.00510672 0.00510079 0.00509579 0.0050917 0.00508848 0.00508613 0.00508461 0.0050839 0.00508399 0.00508484 0.00508644 0.00508877 0.00509179 0.0050955 0.00509987 0.00510488 0.00511052 0.00511675 0.00512358 0.00513097 0.00513891 0.00514738 0.00515638 0.00516587 0.00517586 0.00518631 0.00519722 0.00520857 0.00522036 0.00523256 0.00524516 0.00525815 0.00527152 0.00528525 0.00529933 0.00531375 0.0053285 0.00534357 0.00535895 0.00537461 0.00539057 0.0054068 0.00542329 0.00544004 0.00545704 0.00547428 0.00549175 0.00550945 0.00552737 0.0055455 0.00556384 0.0055824 0 
0 0.0052559 0.00523891 0.00522296 0.00520806 0.00519419 0.00518134 0.0051695 0.00515867 0.00514883 0.00513996 0.00513205 0.00512508 0.00511903 0.00511388 0.00510962 0.00510622 0.00510366 0.00510192 0.00510098 0.00510081 0.00510141 0.00510274 0.00510478 0.00510752 0.00511094 0.00511501 0.00511972 0.00512505 0.00513098 0.00513749 0.00514456 0.00515219 0.00516035 0.00516902 0.00517819 0.00518785 0.00519799 0.00520857 0.00521961 0.00523107 0.00524294 0.00525522 0.00526789 0.00528093 0.00529434 0.0053081 0.0053222 0.00533663 0.00535137 0.00536642 0.00538177 0.00539741 0.00541332 0.00542949 0.00544593 0.00546261 0.00547953 0.00549669 0.00551408 0.00553168 0.00554951 0.00556754 0.00558579 0 
0 0.00527258 0.00525588 0.00524019 0.0052255 0.00521181 0.0051991 0.00518738 0.00517662 0.00516682 0.00515797 0.00515004 0.00514303 0.00513691 0.00513167 0.00512729 0.00512376 0.00512104 0.00511913 0.005118 0.00511764 0.00511802 0.00511912 0.00512093 0.00512342 0.00512658 0.00513039 0.00513483 0.00513988 0.00514552 0.00515174 0.00515852 0.00516585 0.0051737 0.00518207 0.00519093 0.00520028 0.00521009 0.00522036 0.00523107 0.0052422 0.00525375 0.00526569 0.00527803 0.00529074 0.00530381 0.00531723 0.00533099 0.00534507 0.00535948 0.00537418 0.00538919 0.00540447 0.00542004 0.00543587 0.00545195 0.00546828 0.00548486 0.00550167 0.0055187 0.00553596 0.00555344 0.00557112 0.00558902 0 
0 0.0052883 0.00527194 0.00525655 0.00524212 0.00522866 0.00521615 0.00520458 0.00519395 0.00518425 0.00517546 0.00516758 0.00516057 0.00515444 0.00514916 0.00514472 0.0051411 0.00513829 0.00513625 0.00513498 0.00513446 0.00513467 0.00513559 0.0051372 0.00513948 0.00514242 0.00514599 0.00515019 0.00515499 0.00516037 0.00516632 0.00517283 0.00517987 0.00518744 0.00519551 0.00520407 0.00521311 0.00522261 0.00523256 0.00524294 0.00525375 0.00526496 0.00527657 0.00528856 0.00530092 0.00531364 0.00532671 0.00534011 0.00535384 0.00536788 0.00538222 0.00539685 0.00541176 0.00542695 0.0054424 0.00545811 0.00547406 0.00549025 0.00550668 0.00552333 0.0055402 0.00555728 0.00557458 0.00559209 0 
0 0.00530309 0.00528711 0.00527206 0.00525795 0.00524476 0.0052325 0.00522114 0.0052107 0.00520114 0.00519247 0.00518468 0.00517774 0.00517164 0.00516638 0.00516192 0.00515827 0.00515539 0.00515328 0.00515192 0.00515129 0.00515137 0.00515214 0.00515359 0.00515569 0.00515844 0.00516182 0.0051658 0.00517037 0.00517552 0.00518122 0.00518747 0.00519425 0.00520154 0.00520933 0.0052176 0.00522633 0.00523553 0.00524516 0.00525522 0.00526569 0.00527657 0.00528783 0.00529947 0.00531148 0.00532384 0.00533653 0.00534956 0.00536291 0.00537656 0.00539051 0.00540475 0.00541927 0.00543405 0.0054491 0.00546439 0.00547993 0.00549571 0.00551171 0.00552794 0.00554439 0.00556105 0.00557792 0.00559499 0 
0 0.00531698 0.00530143 0.00528677 0.00527302 0.00526016 0.00524818 0.00523709 0.00522687 0.00521752 0.00520902 0.00520136 0.00519453 0.00518852 0.00518331 0.0051789 0.00517526 0.00517237 0.00517023 0.00516881 0.00516811 0.0051681 0.00516876 0.00517008 0.00517205 0.00517464 0.00517785 0.00518164 0.00518602 0.00519095 0.00519643 0.00520244 0.00520897 0.005216 0.00522351 0.0052315 0.00523994 0.00524883 0.00525815 0.00526789 0.00527803 0.00528856 0.00529947 0.00531075 0.00532239 0.00533437 0.00534669 0.00535932 0.00537227 0.00538552 0.00539906 0.00541288 0.00542698 0.00544133 0.00545594 0.0054708 0.0054859 0.00550122 0.00551677 0.00553255 0.00554853 0.00556472 0.00558113 0.00559773 0 
0 0.00533001 0.00531493 0.00530071 0.00528736 0.00527486 0.00526323 0.00525244 0.0052425 0.00523339 0.0052251 0.00521763 0.00521097 0.00520509 0.00519999 0.00519566 0.00519207 0.00518922 0.00518709 0.00518566 0.00518493 0.00518486 0.00518546 0.00518669 0.00518855 0.00519102 0.00519408 0.00519771 0.00520191 0.00520666 0.00521193 0.00521772 0.00522402 0.0052308 0.00523805 0.00524576 0.00525392 0.00526251 0.00527152 0.00528093 0.00529074 0.00530092 0.00531148 0.00532239 0.00533365 0.00534524 0.00535716 0.00536939 0.00538192 0.00539475 0.00540786 0.00542124 0.00543488 0.00544879 0.00546293 0.00547732 0.00549194 0.00550679 0.00552186 0.00553714 0.00555263 0.00556832 0.00558421 0.00560031 0 
0 0.00534222 0.00532764 0.0053139 0.00530099 0.00528891 0.00527766 0.00526722 0.0052576 0.00524878 0.00524076 0.00523352 0.00522706 0.00522136 0.00521641 0.0052122 0.00520872 0.00520595 0.00520387 0.00520247 0.00520174 0.00520166 0.00520222 0.0052034 0.00520518 0.00520755 0.0052105 0.005214 0.00521805 0.00522263 0.00522772 0.00523331 0.00523938 0.00524593 0.00525293 0.00526038 0.00526826 0.00527655 0.00528525 0.00529434 0.00530381 0.00531364 0.00532384 0.00533437 0.00534524 0.00535644 0.00536794 0.00537975 0.00539185 0.00540423 0.00541689 0.00542981 0.00544298 0.0054564 0.00547006 0.00548396 0.00549807 0.00551241 0.00552696 0.00554172 0.00555667 0.00557183 0.00558718 0.00560273 0 
0 0.00535362 0.00533959 0.00532637 0.00531395 0.00530232 0.00529149 0.00528145 0.00527219 0.00526371 0.00525599 0.00524903 0.00524282 0.00523734 0.00523259 0.00522855 0.00522521 0.00522255 0.00522056 0.00521924 0.00521855 0.00521849 0.00521905 0.0052202 0.00522194 0.00522425 0.00522711 0.0052305 0.00523443 0.00523886 0.00524378 0.00524918 0.00525506 0.00526138 0.00526814 0.00527533 0.00528294 0.00529094 0.00529933 0.0053081 0.00531723 0.00532671 0.00533653 0.00534669 0.00535716 0.00536794 0.00537903 0.0053904 0.00540205 0.00541397 0.00542615 0.00543859 0.00545127 0.00546418 0.00547733 0.0054907 0.00550428 0.00551808 0.00553208 0.00554628 0.00556067 0.00557526 0.00559003 0.00560499 0 
0 0.00536426 0.00535082 0.00533815 0.00532625 0.00531512 0.00530476 0.00529515 0.0052863 0.00527819 0.00527082 0.00526418 0.00525826 0.00525305 0.00524853 0.0052447 0.00524154 0.00523904 0.00523718 0.00523596 0.00523535 0.00523535 0.00523594 0.0052371 0.00523883 0.00524109 0.00524389 0.00524721 0.00525102 0.00525533 0.0052601 0.00526534 0.00527102 0.00527714 0.00528367 0.00529061 0.00529795 0.00530567 0.00531375 0.0053222 0.00533099 0.00534011 0.00534956 0.00535932 0.00536939 0.00537975 0.0053904 0.00540132 0.0054125 0.00542394 0.00543563 0.00544756 0.00545973 0.00547212 0.00548472 0.00549754 0.00551057 0.0055238 0.00553722 0.00555083 0.00556463 0.00557861 0.00559277 0.00560711 0 
0 0.00537415 0.00536133 0.00534926 0.00533793 0.00532733 0.00531747 0.00530834 0.00529993 0.00529224 0.00528526 0.00527898 0.00527339 0.00526848 0.00526424 0.00526066 0.00525772 0.00525541 0.00525372 0.00525264 0.00525215 0.00525224 0.00525289 0.00525409 0.00525583 0.00525808 0.00526085 0.0052641 0.00526784 0.00527203 0.00527668 0.00528177 0.00528728 0.00529319 0.00529951 0.00530621 0.00531329 0.00532072 0.0053285 0.00533663 0.00534507 0.00535384 0.00536291 0.00537227 0.00538192 0.00539185 0.00540205 0.0054125 0.0054232 0.00543415 0.00544533 0.00545674 0.00546836 0.0054802 0.00549225 0.00550449 0.00551693 0.00552956 0.00554237 0.00555537 0.00556854 0.00558189 0.0055954 0.00560909 0 
0 0.00538334 0.00537118 0.00535973 0.005349 0.00533897 0.00532965 0.00532104 0.00531311 0.00530588 0.00529933 0.00529344 0.00528822 0.00528365 0.00527973 0.00527643 0.00527375 0.00527167 0.00527019 0.00526928 0.00526894 0.00526915 0.00526989 0.00527116 0.00527294 0.00527521 0.00527797 0.00528119 0.00528486 0.00528897 0.00529351 0.00529845 0.0053038 0.00530954 0.00531564 0.00532211 0.00532893 0.00533609 0.00534357 0.00535137 0.00535948 0.00536788 0.00537656 0.00538552 0.00539475 0.00540423 0.00541397 0.00542394 0.00543415 0.00544458 0.00545523 0.0054661 0.00547716 0.00548843 0.00549989 0.00551153 0.00552336 0.00553537 0.00554755 0.0055599 0.00557241 0.00558509 0.00559793 0.00561093 0 
0 0.00539184 0.00538037 0.00536958 0.00535948 0.00535006 0.00534132 0.00533326 0.00532585 0.00531911 0.00531302 0.00530758 0.00530276 0.00529857 0.005295 0.00529202 0.00528963 0.00528782 0.00528657 0.00528587 0.00528571 0.00528608 0.00528695 0.00528831 0.00529016 0.00529247 0.00529524 0.00529845 0.00530208 0.00530612 0.00531056 0.00531539 0.00532059 0.00532615 0.00533206 0.00533831 0.00534488 0.00535176 0.00535895 0.00536642 0.00537418 0.00538222 0.00539051 0.00539906 0.00540786 0.00541689 0.00542615 0.00543563 0.00544533 0.00545523 0.00546534 0.00547564 0.00548613 0.0054968 0.00550765 0.00551867 0.00552987 0.00554122 0.00555274 0.00556442 0.00557625 0.00558823 0.00560037 0.00561265 0 
0 0.00539968 0.00538893 0.00537884 0.00536941 0.00536063 0.0053525 0.00534502 0.00533817 0.00533196 0.00532637 0.00532139 0.00531702 0.00531325 0.00531005 0.00530743 0.00530537 0.00530386 0.00530288 0.00530243 0.00530248 0.00530302 0.00530405 0.00530554 0.00530748 0.00530986 0.00531266 0.00531588 0.00531949 0.00532348 0.00532784 0.00533257 0.00533763 0.00534303 0.00534875 0.00535478 0.00536111 0.00536772 0.00537461 0.00538177 0.00538919 0.00539685 0.00540475 0.00541288 0.00542124 0.00542981 0.00543859 0.00544756 0.00545674 0.0054661 0.00547564 0.00548536 0.00549525 0.00550531 0.00551553 0.00552591 0.00553644 0.00554712 0.00555796 0.00556893 0.00558005 0.00559131 0.00560271 0.00561425 0 
0 0.00540689 0.00539689 0.00538752 0.00537879 0.00537068 0.0053632 0.00535633 0.00535008 0.00534442 0.00533937 0.0053349 0.005331 0.00532768 0.00532491 0.00532268 0.00532098 0.0053198 0.00531912 0.00531893 0.00531923 0.00531998 0.00532119 0.00532283 0.00532489 0.00532736 0.00533022 0.00533347 0.00533708 0.00534104 0.00534534 0.00534997 0.00535492 0.00536017 0.00536571 0.00537153 0.00537762 0.00538397 0.00539057 0.00539741 0.00540447 0.00541176 0.00541927 0.00542698 0.00543488 0.00544298 0.00545127 0.00545973 0.00546836 0.00547716 0.00548613 0.00549525 0.00550452 0.00551395 0.00552352 0.00553323 0.00554308 0.00555307 0.00556319 0.00557344 0.00558383 0.00559434 0.00560498 0.00561574 0 
0 0.00541349 0.00540427 0.00539566 0.00538765 0.00538024 0.00537343 0.00536722 0.00536158 0.00535652 0.00535203 0.0053481 0.00534472 0.00534187 0.00533955 0.00533775 0.00533644 0.00533562 0.00533528 0.0053354 0.00533596 0.00533695 0.00533837 0.00534019 0.00534239 0.00534498 0.00534792 0.00535121 0.00535484 0.00535879 0.00536305 0.0053676 0.00537244 0.00537755 0.00538292 0.00538854 0.0053944 0.00540049 0.0054068 0.00541332 0.00542004 0.00542695 0.00543405 0.00544133 0.00544879 0.0054564 0.00546418 0.00547212 0.0054802 0.00548843 0.0054968 0.00550531 0.00551395 0.00552272 0.00553162 0.00554065 0.00554979 0.00555906 0.00556845 0.00557796 0.00558758 0.00559732 0.00560717 0.00561713 0 
0 0.0054195 0.00541109 0.00540326 0.005396 0.00538933 0.00538322 0.00537768 0.0053727 0.00536827 0.00536438 0.00536102 0.00535818 0.00535584 0.00535401 0.00535265 0.00535177 0.00535135 0.00535136 0.00535181 0.00535267 0.00535394 0.00535558 0.0053576 0.00535998 0.0053627 0.00536575 0.00536911 0.00537277 0.00537673 0.00538095 0.00538545 0.00539019 0.00539517 0.00540038 0.00540581 0.00541144 0.00541727 0.00542329 0.00542949 0.00543587 0.0054424 0.0054491 0.00545594 0.00546293 0.00547006 0.00547733 0.00548472 0.00549225 0.00549989 0.00550765 0.00551553 0.00552352 0.00553162 0.00553983 0.00554815 0.00555657 0.0055651 0.00557374 0.00558247 0.00559131 0.00560025 0.00560929 0.00561843 0 
0 0.00542496 0.00541737 0.00541034 0.00540387 0.00539795 0.00539258 0.00538775 0.00538345 0.00537967 0.00537641 0.00537364 0.00537138 0.00536959 0.00536826 0.00536739 0.00536697 0.00536696 0.00536737 0.00536818 0.00536937 0.00537092 0.00537283 0.00537508 0.00537764 0.00538052 0.00538369 0.00538715 0.00539086 0.00539484 0.00539905 0.00540349 0.00540815 0.00541301 0.00541807 0.00542331 0.00542873 0.00543431 0.00544004 0.00544593 0.00545195 0.00545811 0.00546439 0.0054708 0.00547732 0.00548396 0.0054907 0.00549754 0.00550449 0.00551153 0.00551867 0.00552591 0.00553323 0.00554065 0.00554815 0.00555574 0.00556343 0.0055712 0.00557905 0.005587 0.00559503 0.00560315 0.00561136 0.00561966 0 
0 0.00542987 0.00542314 0.00541694 0.00541127 0.00540613 0.00540152 0.00539742 0.00539383 0.00539073 0.00538813 0.00538599 0.00538433 0.00538311 0.00538233 0.00538197 0.00538203 0.00538248 0.0053833 0.00538449 0.00538604 0.00538791 0.0053901 0.0053926 0.00539538 0.00539844 0.00540176 0.00540532 0.00540911 0.00541312 0.00541733 0.00542174 0.00542632 0.00543108 0.00543599 0.00544106 0.00544626 0.00545159 0.00545704 0.00546261 0.00546828 0.00547406 0.00547993 0.0054859 0.00549194 0.00549807 0.00550428 0.00551057 0.00551693 0.00552336 0.00552987 0.00553644 0.00554308 0.00554979 0.00555657 0.00556343 0.00557035 0.00557734 0.0055844 0.00559154 0.00559875 0.00560603 0.00561339 0.00562082 0 
0 0.00543426 0.0054284 0.00542305 0.00541821 0.00541388 0.00541005 0.00540671 0.00540385 0.00540147 0.00539954 0.00539807 0.00539703 0.00539641 0.00539621 0.00539639 0.00539696 0.00539788 0.00539916 0.00540076 0.00540268 0.0054049 0.0054074 0.00541017 0.00541319 0.00541645 0.00541993 0.00542362 0.0054275 0.00543156 0.00543579 0.00544017 0.0054447 0.00544935 0.00545413 0.00545902 0.00546402 0.00546911 0.00547428 0.00547953 0.00548486 0.00549025 0.00549571 0.00550122 0.00550679 0.00551241 0.00551808 0.0055238 0.00552956 0.00553537 0.00554122 0.00554712 0.00555307 0.00555906 0.0055651 0.0055712 0.00557734 0.00558354 0.00558979 0.00559609 0.00560246 0.00560889 0.00561537 0.00562192 0 
