0 0 0 0 0 0 0 0 0 0 0 0 0 0 0 0 0 0 0 0 0 0 0 0 0 0 0 0 0 0 0 0 0 
0 0 0 0 0 0 0 0 0 0 0 0 0 4.97684e-05 2.32571e-05 7.78302e-05 0.000106077 0.000115608 0.000114121 0.00010687 9.70101e-05 8.63023e-05 7.56678e-05 6.55466e-05 5.61115e-05 4.7392e-05 3.93434e-05 3.18851e-05 2.49211e-05 1.83506e-05 1.20727e-05 5.98829e-06 0 
0 0 0 0 0 0 0 0 0 0 0 0 0 0.000171781 6.49667e-05 0.000181987 0.000230868 0.000242236 0.000234004 0.000216348 0.000194868 0.000172531 0.000150822 0.000130407 0.000111507 9.41132e-05 7.80965e-05 6.32758e-05 4.94487e-05 3.64087e-05 2.39521e-05 1.18804e-05 0 
0 0 0 0 0 0 0 0 0 0 0 0 0 8.16133e-05 0.000226404 0.000354282 0.000393173 0.000388464 0.000363312 0.000329651 0.000293583 0.000258132 0.000224683 0.000193752 0.000165398 0.000139457 0.000115654 9.36729e-05 7.31894e-05 5.38833e-05 3.54464e-05 1.75814e-05 0 
0 0 0 0 0 0 0 0 0 0 0 0 0 0.000378711 0.000567982 0.000615564 0.000599079 0.000555134 0.00050113 0.00044536 0.000391681 0.000341732 0.000296027 0.000254517 0.000216877 0.000182662 0.000151388 0.000122573 9.57525e-05 7.04889e-05 4.63687e-05 2.29986e-05 0 
0 0 0 0 0 0 0 0 0 0 0 0 0 0.00114379 0.00105125 0.000940915 0.000832443 0.000731862 0.000640714 0.000558979 0.000486049 0.000421086 0.000363177 0.000311414 0.000264931 0.000222926 0.000184664 0.000149478 0.000116759 8.59512e-05 5.65408e-05 2.80445e-05 0 
0 0 0 0 0 0 0 0 0 0 0 0 0 0.00198686 0.00155231 0.00126441 0.00105792 0.000899159 0.000770884 0.000663792 0.00057245 0.000493385 0.000424181 0.000363029 0.000308507 0.000259447 0.000214865 0.000173915 0.000135854 0.000100016 6.57989e-05 3.26385e-05 0 
0 0 0 0 0 0 0 0 0 0 0 0 0 0.00257782 0.00190671 0.00150648 0.00123566 0.00103597 0.000879871 0.000752856 0.000646574 0.000555825 0.000477131 0.000408016 0.000346621 0.000291489 0.000241435 0.000195464 0.000152724 0.000112462 7.39998e-05 3.67106e-05 0 
0 0 0 0 0 0 0 0 0 0 0 0 0.00309872 0.00249098 0.00199025 0.00161915 0.00134227 0.0011292 0.000959774 0.000821185 0.000705166 0.000606211 0.000520503 0.000445282 0.000378473 0.000318454 0.00026392 0.000213783 0.000167116 0.000123108 8.10279e-05 4.02043e-05 0 
0 0 0 0 0 0 0 0 0 0 0 0.00279329 0.00263709 0.00229712 0.00194415 0.00163761 0.00138507 0.00117877 0.00100884 0.000866945 0.000746693 0.000643349 0.000553386 0.000474137 0.000403534 0.000339936 0.000282007 0.000228631 0.00017885 0.000131824 8.67998e-05 4.30785e-05 0 
0 0 0 0 0 0 0 0 0 0 0.00259798 0.00252308 0.00235924 0.00211626 0.00185161 0.00160208 0.00138164 0.00119196 0.00102989 0.00089106 0.000771312 0.000667105 0.000575557 0.000494345 0.000421589 0.000355749 0.000295543 0.000239883 0.000187827 0.000138541 9.12686e-05 4.53101e-05 0 
0 0 0 0 0 0 0 0 0 0.00279329 0.00252308 0.0023418 0.00216053 0.00195706 0.00174396 0.00153746 0.00134744 0.00117754 0.00102769 0.000896095 0.000780389 0.000678203 0.000587393 0.000506098 0.000432727 0.000365927 0.000304532 0.000247532 0.000194036 0.000143243 9.44235e-05 4.68931e-05 0 
0 0 0 0 0 0 0 0 0.00309872 0.00263709 0.00235924 0.00216053 0.00198401 0.00180749 0.00162969 0.00145638 0.00129311 0.00114306 0.00100724 0.000885243 0.000775947 0.000677925 0.000589714 0.000509925 0.000437297 0.000370699 0.000309126 0.000251677 0.00019754 0.000145973 9.62889e-05 4.7839e-05 0 
0 4.97684e-05 0.000171781 8.16133e-05 0.000378711 0.00114379 0.00198686 0.00257782 0.00249098 0.00229712 0.00211626 0.00195706 0.00180749 0.00165921 0.00151093 0.00136527 0.00122557 0.00109435 0.000972953 0.000861693 0.00076023 0.000667838 0.000583611 0.000506592 0.000435835 0.000370448 0.000309596 0.00025251 0.000198474 0.00014682 9.69203e-05 4.81741e-05 0 
0 2.32571e-05 6.49667e-05 0.000226404 0.000567982 0.00105125 0.00155231 0.00190671 0.00199025 0.00194415 0.00185161 0.00174396 0.00162969 0.00151093 0.00138956 0.00126819 0.00114954 0.00103584 0.00092853 0.000828346 0.000735442 0.000649584 0.000570302 0.000496995 0.000429005 0.00036566 0.000306302 0.000250293 0.000197025 0.000145913 9.6398e-05 4.7937e-05 0 
0 7.78302e-05 0.000181987 0.000354282 0.000615564 0.000940915 0.00126441 0.00150648 0.00161915 0.00163761 0.00160208 0.00153746 0.00145638 0.00136527 0.00126819 0.00116838 0.00106857 0.00097092 0.000876984 0.00078772 0.000703607 0.000624756 0.000551019 0.000482082 0.000417528 0.000356886 0.000299657 0.000245336 0.000193419 0.00014341 9.48217e-05 4.71761e-05 0 
0 0.000106077 0.000230868 0.000393173 0.000599079 0.000832443 0.00105792 0.00123566 0.00134227 0.00138507 0.00138164 0.00134744 0.00129311 0.00122557 0.00114954 0.00106857 0.000985431 0.000902296 0.000820765 0.000741943 0.000666511 0.000594813 0.000526935 0.000462785 0.00040214 0.000344699 0.000290106 0.000237975 0.000187905 0.000139485 9.2303e-05 4.59455e-05 0 
0 0.000115608 0.000242236 0.000388464 0.000555134 0.000731862 0.000899159 0.00103597 0.0011292 0.00117877 0.00119196 0.00117754 0.00114306 0.00109435 0.00103584 0.00097092 0.000902296 0.000832066 0.000761837 0.000692776 0.000625682 0.000561048 0.000499125 0.000439982 0.000383549 0.000329664 0.000278091 0.000228554 0.00018074 0.000134323 8.89598e-05 4.43029e-05 0 
0 0.000114121 0.000234004 0.000363312 0.00050113 0.000640714 0.000770884 0.000879871 0.000959774 0.00100884 0.00102989 0.00102769 0.00100724 0.000972953 0.00092853 0.000876984 0.000820765 0.000761837 0.000701739 0.000641642 0.000582394 0.000524572 0.000468536 0.000414467 0.000362412 0.000312315 0.000264043 0.000217407 0.00017218 0.000128106 8.49103e-05 4.23064e-05 0 
0 0.00010687 0.000216348 0.000329651 0.00044536 0.000558979 0.000663792 0.000752856 0.000821185 0.000866945 0.00089106 0.000896095 0.000885243 0.000861693 0.000828346 0.00078772 0.000741943 0.000692776 0.000641642 0.00058966 0.000537678 0.000486311 0.000435978 0.000386938 0.000339317 0.000293142 0.000248358 0.000204852 0.000162467 0.000121011 8.02692e-05 4.00123e-05 0 
0 9.70101e-05 0.000194868 0.000293583 0.000391681 0.000486049 0.00057245 0.000646574 0.000705166 0.000746693 0.000771312 0.000780389 0.000775947 0.00076023 0.000735442 0.000703607 0.000666511 0.000625682 0.000582394 0.000537678 0.000492347 0.000447016 0.000402129 0.000357989 0.000314777 0.000272576 0.000231394 0.000191177 0.000151825 0.000113201 7.51435e-05 3.74736e-05 0 
0 8.63023e-05 0.000172531 0.000258132 0.000341732 0.000421086 0.000493385 0.000555825 0.000606211 0.000643349 0.000667105 0.000678203 0.000677925 0.000667838 0.000649584 0.000624756 0.000594813 0.000561048 0.000524572 0.000486311 0.000447016 0.000407275 0.000367534 0.000328113 0.000289225 0.000250992 0.000213466 0.000176638 0.000140454 0.000104824 6.96306e-05 3.47385e-05 0 
0 7.56678e-05 0.000150822 0.000224683 0.000296027 0.000363177 0.000424181 0.000477131 0.000520503 0.000553386 0.000575557 0.000587393 0.000589714 0.000583611 0.000570302 0.000551019 0.000526935 0.000499125 0.000468536 0.000435978 0.000402129 0.000367534 0.00033262 0.000297705 0.000263017 0.000228701 0.000194839 0.000161455 0.00012853 9.60101e-05 6.38164e-05 3.18499e-05 0 
0 6.55466e-05 0.000130407 0.000193752 0.000254517 0.000311414 0.000363029 0.000408016 0.000445282 0.000474137 0.000494345 0.000506098 0.000509925 0.000506592 0.000496995 0.000482082 0.000462785 0.000439982 0.000414467 0.000386938 0.000357989 0.000328113 0.000297705 0.00026707 0.000236436 0.000205958 0.000175734 0.000145812 0.0001162 8.68706e-05 5.77749e-05 2.88447e-05 0 
0 5.61115e-05 0.000111507 0.000165398 0.000216877 0.000264931 0.000308507 0.000346621 0.000378473 0.000403534 0.000421589 0.000432727 0.000437297 0.000435835 0.000429005 0.000417528 0.00040214 0.000383549 0.000362412 0.000339317 0.000314777 0.000289225 0.000263017 0.000236436 0.000209698 0.00018296 0.000156327 0.000129861 0.000103586 7.74975e-05 5.15681e-05 2.57539e-05 0 
0 4.7392e-05 9.41132e-05 0.000139457 0.000182662 0.000222926 0.000259447 0.000291489 0.000318454 0.000339936 0.000355749 0.000365927 0.000370699 0.000370448 0.00036566 0.000356886 0.000344699 0.000329664 0.000312315 0.000293142 0.000272576 0.000250992 0.000228701 0.000205958 0.00018296 0.000159857 0.000136754 0.000113719 9.07858e-05 6.79652e-05 4.52461e-05 2.26029e-05 0 
0 3.93434e-05 7.80965e-05 0.000115654 0.000151388 0.000184664 0.000214865 0.000241435 0.00026392 0.000282007 0.000295543 0.000304532 0.000309126 0.000309596 0.000306302 0.000299657 0.000290106 0.000278091 0.000264043 0.000248358 0.000231394 0.000213466 0.000194839 0.000175734 0.000156327 0.000136754 0.000117114 9.74734e-05 7.78732e-05 5.83313e-05 3.88483e-05 1.94115e-05 0 
0 3.18851e-05 6.32758e-05 9.36729e-05 0.000122573 0.000149478 0.000173915 0.000195464 0.000213783 0.000228631 0.000239883 0.000247532 0.000251677 0.00025251 0.000250293 0.000245336 0.000237975 0.000228554 0.000217407 0.000204852 0.000191177 0.000176638 0.000161455 0.000145812 0.000129861 0.000113719 9.74734e-05 8.11879e-05 6.49024e-05 4.86387e-05 3.24041e-05 1.61948e-05 0 
0 2.49211e-05 4.94487e-05 7.31894e-05 9.57525e-05 0.000116759 0.000135854 0.000152724 0.000167116 0.00017885 0.000187827 0.000194036 0.00019754 0.000198474 0.000197025 0.000193419 0.000187905 0.00018074 0.00017218 0.000162467 0.000151825 0.000140454 0.00012853 0.0001162 0.000103586 9.07858e-05 7.78732e-05 6.49024e-05 5.19097e-05 3.89171e-05 2.59346e-05 1.29637e-05 0 
0 1.83506e-05 3.64087e-05 5.38833e-05 7.04889e-05 8.59512e-05 0.000100016 0.000112462 0.000123108 0.000131824 0.000138541 0.000143243 0.000145973 0.00014682 0.000145913 0.00014341 0.000139485 0.000134323 0.000128106 0.000121011 0.000113201 0.000104824 9.60101e-05 8.68706e-05 7.74975e-05 6.79652e-05 5.83313e-05 4.86387e-05 3.89171e-05 2.91853e-05 1.94535e-05 9.72529e-06 0 
0 1.20727e-05 2.39521e-05 3.54464e-05 4.63687e-05 5.65408e-05 6.57989e-05 7.39998e-05 8.10279e-05 8.67998e-05 9.12686e-05 9.44235e-05 9.62889e-05 9.69203e-05 9.6398e-05 9.48217e-05 9.2303e-05 8.89598e-05 8.49103e-05 8.02692e-05 7.51435e-05 6.96306e-05 6.38164e-05 5.77749e-05 5.15681e-05 4.52461e-05 3.88483e-05 3.24041e-05 2.59346e-05 1.94535e-05 1.29687e-05 6.48401e-06 0 
0 5.98829e-06 1.18804e-05 1.75814e-05 2.29986e-05 2.80445e-05 3.26385e-05 3.67106e-05 4.02043e-05 4.30785e-05 4.53101e-05 4.68931e-05 4.7839e-05 4.81741e-05 4.7937e-05 4.71761e-05 4.59455e-05 4.43029e-05 4.23064e-05 4.00123e-05 3.74736e-05 3.47385e-05 3.18499e-05 2.88447e-05 2.57539e-05 2.26029e-05 1.94115e-05 1.61948e-05 1.29637e-05 9.72529e-06 6.48401e-06 3.242e-06 0 
0 0 0 0 0 0 0 0 0 0 0 0 0 0 0 0 0 0 0 0 0 0 0 0 0 0 0 0 0 0 0 0 0 
