0 0 0 0 0 0 0 0 0 
0 0 0 0.325692 0.374836 0.352366 0.27136 0.147211 4.68652e-17 
0 0 0.4856 0.641198 0.703257 0.654225 0.502404 0.272315 8.65956e-17 
0 0.325692 0.641198 0.848753 0.92468 0.857383 0.657505 0.356186 1.13143e-16 
0 0.374836 0.703257 0.92468 1.00438 0.929865 0.712557 0.385879 1.22465e-16 
0 0.352366 0.654225 0.857383 0.929865 0.860192 0.658891 0.356745 1.13143e-16 
0 0.27136 0.502404 0.657505 0.712557 0.658891 0.504581 0.273165 8.65956e-17 
0 0.147211 0.272315 0.356186 0.385879 0.356745 0.273165 0.147874 4.68652e-17 
0 4.68652e-17 8.65956e-17 1.13143e-16 1.22465e-16 1.13143e-16 8.65956e-17 4.68652e-17 1.49976e-32 
