0 0 0 0 0 0 0 0 0 
0 0 0 0 0.00784724 0.00118693 0.000762142 0.000764159 0 
0 0 0 0.0120839 0.00384987 0.000943222 0.0024043 0.00171702 0 
0 0 0.0120839 0.00480044 0.000800123 0.00382933 0.00422318 0.00263257 0 
0 0.00784724 0.00384987 0.000800123 0.00437837 0.00598499 0.00545047 0.00319592 0 
0 0.00118693 0.000943222 0.00382933 0.00598499 0.00663868 0.00560948 0.00319161 0 
0 0.000762142 0.0024043 0.00422318 0.00545047 0.00560948 0.00458109 0.00256689 0 
0 0.000764159 0.00171702 0.00263257 0.00319592 0.00319161 0.00256689 0.00142781 0 
0 0 0 0 0 0 0 0 0 
