0 3.05176e-05 0.000244141 0.000823975 0.00195312 0.0038147 0.0065918 0.0104675 0.015625 0.0222473 0.0305176 0.0406189 0.0527344 0.0670471 0.0837402 0.102997 0.125 0.149933 0.177979 0.20932 0.244141 0.282623 0.324951 0.371307 0.421875 0.476837 0.536377 0.600677 0.669922 0.744293 0.823975 0.909149 1 
3.05176e-05 0 0 0 0 0 0 0 0 0 0 0 0 0.0670847 0.0837742 0.103029 0.125032 0.149964 0.17801 0.209351 0.244172 0.282654 0.324982 0.371338 0.421906 0.476868 0.536408 0.600708 0.669952 0.744324 0.824005 0.90918 1.00003 
0.000244141 0 0 0 0 0 0 0 0 0 0 0 0 0.0672982 0.0839891 0.103244 0.125247 0.150179 0.178224 0.209565 0.244386 0.282868 0.325196 0.371552 0.42212 0.477082 0.536621 0.600922 0.670166 0.744537 0.824219 0.909393 1.00024 
0.000823975 0 0 0 0 0 0 0 0 0 0 0 0 0.0678771 0.0845693 0.103825 0.125827 0.150759 0.178805 0.210146 0.244966 0.283448 0.325776 0.372132 0.4227 0.477662 0.537201 0.601502 0.670746 0.745117 0.824799 0.909973 1.00082 
0.00195312 0 0 0 0 0 0 0 0 0 0 0 0 0.0690069 0.0856991 0.104955 0.126957 0.151889 0.179934 0.211275 0.246096 0.284578 0.326906 0.373262 0.423829 0.478791 0.538331 0.602631 0.671875 0.746247 0.825928 0.911102 1.00195 
0.0038147 0 0 0 0 0 0 0 0 0 0 0 0 0.0708703 0.0875614 0.106817 0.128819 0.153751 0.181796 0.213137 0.247957 0.28644 0.328767 0.375123 0.425691 0.480653 0.540192 0.604493 0.673737 0.748108 0.82779 0.912964 1.00381 
0.0065918 0 0 0 0 0 0 0 0 0 0 0 0 0.0736474 0.0903384 0.109594 0.131596 0.156528 0.184574 0.215915 0.250735 0.289217 0.331545 0.377901 0.428468 0.48343 0.54297 0.60727 0.676514 0.750885 0.830567 0.915741 1.00659 
0.0104675 0 0 0 0 0 0 0 0 0 0 0 0 0.0775193 0.0942131 0.113469 0.135472 0.160404 0.188449 0.21979 0.254611 0.293093 0.33542 0.381776 0.432344 0.487306 0.546845 0.611146 0.68039 0.754761 0.834442 0.919617 1.01047 
0.015625 0 0 0 0 0 0 0 0 0 0 0 0.0683568 0.0826761 0.0993705 0.118627 0.14063 0.165562 0.193607 0.224948 0.259768 0.29825 0.340578 0.386934 0.437501 0.492463 0.552003 0.616303 0.685547 0.759919 0.8396 0.924774 1.01562 
0.0222473 0 0 0 0 0 0 0 0 0 0 0.0629022 0.0749956 0.0893029 0.105994 0.12525 0.147252 0.172184 0.200229 0.23157 0.266391 0.304873 0.3472 0.393556 0.444124 0.499086 0.558625 0.622926 0.69217 0.766541 0.846222 0.931397 1.02225 
0.0305176 0 0 0 0 0 0 0 0 0 0.0610541 0.0711571 0.0832657 0.0975742 0.114265 0.13352 0.155522 0.180455 0.2085 0.239841 0.274661 0.313143 0.355471 0.401827 0.452394 0.507356 0.566895 0.631196 0.70044 0.774811 0.854492 0.939667 1.03052 
0.0406189 0 0 0 0 0 0 0 0 0.0628904 0.0711524 0.0812517 0.0933643 0.107675 0.124366 0.143621 0.165624 0.190556 0.218601 0.249942 0.284762 0.323244 0.365572 0.411928 0.462495 0.517457 0.576997 0.641297 0.710541 0.784913 0.864594 0.949768 1.04062 
0.0527344 0 0 0 0 0 0 0 0.068329 0.0749812 0.0832584 0.0933615 0.105477 0.119788 0.13648 0.155736 0.177739 0.202671 0.230716 0.262057 0.296877 0.33536 0.377687 0.424043 0.474611 0.529573 0.589112 0.653413 0.722657 0.797028 0.876709 0.961884 1.05273 
0.0670471 0.0670521 0.067282 0.0678594 0.0689927 0.070843 0.073627 0.0775144 0.0826626 0.089292 0.097567 0.107671 0.119787 0.134099 0.150792 0.170048 0.192051 0.216983 0.245029 0.27637 0.31119 0.349672 0.392 0.438356 0.488923 0.543885 0.603425 0.667725 0.73697 0.811341 0.891022 0.976196 1.06705 
0.0837402 0.0837611 0.083976 0.0845554 0.0856849 0.0875442 0.0903237 0.0942033 0.0993604 0.105985 0.114258 0.124362 0.136478 0.150791 0.167484 0.186741 0.208743 0.233676 0.261721 0.293063 0.327883 0.366365 0.408693 0.455049 0.505616 0.560578 0.620118 0.684418 0.753663 0.828034 0.907715 0.99289 1.08374 
0.102997 0.103023 0.103235 0.103814 0.104943 0.106804 0.109582 0.11346 0.118618 0.125242 0.133514 0.143617 0.155733 0.170047 0.18674 0.205996 0.228 0.252932 0.280978 0.312319 0.347139 0.385622 0.42795 0.474306 0.524873 0.579835 0.639375 0.703675 0.772919 0.84729 0.926972 1.01215 1.103 
0.125 0.125028 0.12524 0.125819 0.126948 0.128809 0.131587 0.135464 0.140622 0.147246 0.155517 0.16562 0.177736 0.192049 0.208742 0.227999 0.250002 0.274935 0.302981 0.334322 0.369142 0.407625 0.449953 0.496309 0.546876 0.601838 0.661378 0.725678 0.794922 0.869294 0.948975 1.03415 1.125 
0.149933 0.149962 0.150174 0.150753 0.151882 0.153744 0.156521 0.160397 0.165556 0.172179 0.18045 0.190552 0.202668 0.216981 0.233675 0.252931 0.274935 0.299867 0.327913 0.359255 0.394075 0.432558 0.474885 0.521241 0.571809 0.626771 0.686311 0.750611 0.819855 0.894226 0.973908 1.05908 1.14993 
0.177979 0.178008 0.178221 0.1788 0.179929 0.18179 0.184568 0.188444 0.193602 0.200225 0.208496 0.218598 0.230713 0.245027 0.26172 0.280977 0.30298 0.327913 0.355958 0.3873 0.42212 0.460603 0.502931 0.549287 0.599854 0.654816 0.714356 0.778657 0.847901 0.922272 1.00195 1.08713 1.17798 
0.20932 0.20935 0.209563 0.210142 0.211271 0.213133 0.21591 0.219786 0.224944 0.231566 0.239837 0.249939 0.262055 0.276368 0.293061 0.312318 0.334321 0.359254 0.3873 0.418641 0.453462 0.491944 0.534272 0.580628 0.631196 0.686158 0.745698 0.809998 0.879242 0.953614 1.03329 1.11847 1.20932 
0.244141 0.244171 0.244384 0.244963 0.246092 0.247954 0.250731 0.254607 0.259765 0.266387 0.274658 0.284759 0.296875 0.311188 0.327882 0.347138 0.369142 0.394074 0.42212 0.453462 0.488282 0.526765 0.569093 0.615449 0.666016 0.720978 0.780518 0.844819 0.914063 0.988434 1.06812 1.15329 1.24414 
0.282623 0.282653 0.282867 0.283446 0.284575 0.286437 0.289214 0.29309 0.298247 0.30487 0.313141 0.323242 0.335358 0.349671 0.366364 0.385621 0.407624 0.432557 0.460603 0.491944 0.526765 0.565247 0.607575 0.653931 0.704499 0.759461 0.819001 0.883301 0.952545 1.02692 1.1066 1.19177 1.28262 
0.324951 0.324981 0.325195 0.325774 0.326903 0.328765 0.331542 0.335418 0.340575 0.347198 0.355468 0.36557 0.377686 0.391999 0.408692 0.427949 0.449952 0.474885 0.50293 0.534272 0.569093 0.607575 0.649903 0.696259 0.746827 0.801789 0.861329 0.925629 0.994873 1.06924 1.14893 1.2341 1.32495 
0.371307 0.371338 0.371551 0.372131 0.37326 0.375121 0.377898 0.381774 0.386932 0.393554 0.401825 0.411926 0.424042 0.438355 0.455048 0.474305 0.496308 0.521241 0.549286 0.580628 0.615449 0.653931 0.696259 0.742615 0.793183 0.848145 0.907685 0.971985 1.04123 1.1156 1.19528 1.28046 1.37131 
0.421875 0.421905 0.422119 0.422699 0.423828 0.425689 0.428466 0.432342 0.4375 0.444122 0.452392 0.462494 0.474609 0.488922 0.505615 0.524872 0.546875 0.571808 0.599854 0.631196 0.666016 0.704499 0.746827 0.793183 0.84375 0.898713 0.958252 1.02255 1.0918 1.16617 1.24585 1.33102 1.42188 
0.476837 0.476868 0.477081 0.477661 0.47879 0.480651 0.483429 0.487304 0.492462 0.499084 0.507355 0.517456 0.529572 0.543884 0.560578 0.579834 0.601837 0.62677 0.654816 0.686158 0.720978 0.759461 0.801789 0.848145 0.898712 0.953675 1.01321 1.07751 1.14676 1.22113 1.30081 1.38599 1.47684 
0.536377 0.536407 0.536621 0.537201 0.53833 0.540191 0.542968 0.546844 0.552002 0.558624 0.566894 0.576996 0.589111 0.603424 0.620117 0.639374 0.661377 0.68631 0.714356 0.745697 0.780518 0.819001 0.861328 0.907685 0.958252 1.01321 1.07275 1.13705 1.2063 1.28067 1.36035 1.44553 1.53638 
0.600677 0.600708 0.600922 0.601501 0.60263 0.604492 0.607269 0.611145 0.616302 0.622925 0.631195 0.641296 0.653412 0.667725 0.684418 0.703674 0.725678 0.750611 0.778656 0.809998 0.844818 0.883301 0.925629 0.971985 1.02255 1.07751 1.13705 1.20136 1.2706 1.34497 1.42465 1.50983 1.60068 
0.669922 0.669952 0.670166 0.670746 0.671875 0.673736 0.676514 0.680389 0.685547 0.692169 0.700439 0.710541 0.722656 0.736969 0.753662 0.772919 0.794922 0.819855 0.847901 0.879242 0.914063 0.952545 0.994873 1.04123 1.0918 1.14676 1.2063 1.2706 1.33984 1.41422 1.4939 1.57907 1.66992 
0.744293 0.744324 0.744537 0.745117 0.746246 0.748108 0.750885 0.754761 0.759918 0.76654 0.774811 0.784912 0.797028 0.81134 0.828034 0.84729 0.869293 0.894226 0.922272 0.953613 0.988434 1.02692 1.06924 1.1156 1.16617 1.22113 1.28067 1.34497 1.41422 1.48859 1.56827 1.65344 1.74429 
0.823975 0.824005 0.824219 0.824799 0.825928 0.827789 0.830566 0.834442 0.8396 0.846222 0.854492 0.864593 0.876709 0.891022 0.907715 0.926971 0.948975 0.973908 1.00195 1.03329 1.06812 1.1066 1.14893 1.19528 1.24585 1.30081 1.36035 1.42465 1.4939 1.56827 1.64795 1.73312 1.82397 
0.909149 0.90918 0.909393 0.909973 0.911102 0.912964 0.915741 0.919617 0.924774 0.931396 0.939667 0.949768 0.961884 0.976196 0.992889 1.01215 1.03415 1.05908 1.08713 1.11847 1.15329 1.19177 1.2341 1.28046 1.33102 1.38599 1.44553 1.50983 1.57907 1.65344 1.73312 1.8183 1.90915 
1 1.00003 1.00024 1.00082 1.00195 1.00381 1.00659 1.01047 1.01562 1.02225 1.03052 1.04062 1.05273 1.06705 1.08374 1.103 1.125 1.14993 1.17798 1.20932 1.24414 1.28262 1.32495 1.37131 1.42188 1.47684 1.53638 1.60068 1.66992 1.74429 1.82397 1.90915 2 
