0 0 0 0 0 0 0 0 0 0 0 0 0 0 0 0 0 0 0 0 0 0 0 0 0 0 0 0 0 0 0 0 0 0 0 0 0 0 0 0 0 0 0 0 0 0 0 0 0 0 0 0 0 0 0 0 0 0 0 0 0 0 0 0 0 
0 0 0 0 0 0 0 0 0 0 0 0 0 0 0 0 0 0 0 0 0 0 0 0 0 0.000273705 0.000281004 0.000256255 0.000233206 0.000214626 0.000198987 0.000185003 0.000172007 0.000159722 0.000148063 0.000137018 0.000126598 0.000116812 0.000107656 9.9117e-05 9.11727e-05 8.37939e-05 7.69477e-05 7.05988e-05 6.47111e-05 5.92491e-05 5.41782e-05 4.94654e-05 4.50792e-05 4.09902e-05 3.71707e-05 3.35947e-05 3.0238e-05 2.7078e-05 2.40935e-05 2.12646e-05 1.85726e-05 1.59999e-05 1.35295e-05 1.11455e-05 8.83255e-06 6.57579e-06 4.36081e-06 2.17351e-06 0 
0 0 0 0 0 0 0 0 0 0 0 0 0 0 0 0 0 0 0 0 0 0 0 0 0 0 0.000594101 0.000510859 0.000461987 0.00042636 0.000396367 0.000369066 0.00034335 0.000318866 0.000295557 0.000273458 0.000252611 0.00023304 0.00021474 0.000197684 0.000181824 0.000167098 0.00015344 0.000140777 0.000129036 0.000118145 0.000108035 9.86393e-05 8.98949e-05 8.17429e-05 7.41279e-05 6.69983e-05 6.03056e-05 5.40049e-05 4.80538e-05 4.24127e-05 3.70443e-05 3.19133e-05 2.69864e-05 2.22315e-05 1.76182e-05 1.31168e-05 8.69859e-06 4.33556e-06 0 
0 0 0 0 0 0 0 0 0 0 0 0 0 0 0 0 0 0 0 0 0 0 0 0 0 0 0.000804336 0.000731183 0.000677617 0.000632552 0.00059115 0.000551638 0.000513554 0.000476931 0.000441938 0.000408738 0.00037744 0.000348087 0.000320672 0.000295145 0.000271427 0.000249421 0.000229021 0.000210114 0.000192589 0.000176337 0.000161251 0.000147232 0.000134185 0.000122022 0.00011066 0.000100021 9.00341e-05 8.06309e-05 7.17488e-05 6.33286e-05 5.53147e-05 4.76547e-05 4.02987e-05 3.31991e-05 2.63104e-05 1.95884e-05 1.29905e-05 6.47479e-06 0 
0 0 0 0 0 0 0 0 0 0 0 0 0 0 0 0 0 0 0 0 0 0 0 0 0 0 0.000975494 0.000932058 0.000884887 0.000835219 0.000784185 0.000732925 0.00068244 0.000633506 0.000586666 0.000542259 0.000500462 0.000461335 0.000424852 0.00039093 0.000359449 0.000330267 0.000303233 0.000278192 0.000254989 0.000233476 0.00021351 0.000194958 0.000177692 0.000161596 0.000146559 0.000132478 0.000119257 0.000106809 9.50487e-05 8.38988e-05 7.32857e-05 6.31399e-05 5.33957e-05 4.39903e-05 3.48634e-05 2.59569e-05 1.72142e-05 8.58005e-06 0 
0 0 0 0 0 0 0 0 0 0 0 0 0 0 0 0 0 0 0 0 0 0 0 0 0 0 0.00115393 0.00113685 0.00109484 0.00103944 0.000977634 0.000913625 0.000849963 0.000788177 0.00072915 0.000673354 0.000621 0.000572123 0.000526653 0.000484452 0.000445346 0.000409136 0.00037562 0.000344592 0.000315855 0.000289218 0.000264502 0.000241536 0.000220164 0.000200238 0.000181621 0.000164185 0.000147814 0.000132396 0.000117827 0.000104013 9.08615e-05 7.82872e-05 6.62089e-05 5.45489e-05 4.3233e-05 3.21892e-05 2.13478e-05 1.06405e-05 0 
0 0 0 0 0 0 0 0 0 0 0 0 0 0 0 0 0 0 0 0 0 0 0 0 0 0 0.00137611 0.00136681 0.0013184 0.00125031 0.00117352 0.00109421 0.00101585 0.000940323 0.000868635 0.000801243 0.00073829 0.000679731 0.000625408 0.000575102 0.000528563 0.000485525 0.000445725 0.000408904 0.000374817 0.00034323 0.000313924 0.000286696 0.000261356 0.000237728 0.00021565 0.00019497 0.000175548 0.000157253 0.000139963 0.000123565 0.00010795 9.30177e-05 7.86718e-05 6.48206e-05 5.13762e-05 3.82536e-05 2.53704e-05 1.26457e-05 0 
0 0 0 0 0 0 0 0 0 0 0 0 0 0 0 0 0 0 0 0 0 0 0 0 0 0 0.00167219 0.00163618 0.00156191 0.00147015 0.0013722 0.00127414 0.00117917 0.00108891 0.0010041 0.000924969 0.000851463 0.000783375 0.000720415 0.000662251 0.000608537 0.00055893 0.000513098 0.000470724 0.000431512 0.000395185 0.000361486 0.000330175 0.000301034 0.000273857 0.000248459 0.000224664 0.000202311 0.000181249 0.00016134 0.000142453 0.000124464 0.000107256 9.07216e-05 7.47538e-05 5.92524e-05 4.41199e-05 2.92619e-05 1.45856e-05 0 
0 0 0 0 0 0 0 0 0 0 0 0 0 0 0 0 0 0 0 0 0 0 0 0 0 0 0.0020445 0.00194411 0.00182322 0.0016965 0.00157132 0.0014513 0.00133811 0.00123239 0.00113422 0.00104339 0.000959536 0.000882208 0.000810938 0.000745256 0.000684705 0.000628855 0.000577299 0.000529662 0.000485594 0.000444775 0.00040691 0.000371727 0.000338976 0.000308428 0.000279871 0.00025311 0.000227962 0.000204261 0.00018185 0.000160582 0.00014032 0.000120933 0.000102299 8.42999e-05 6.68232e-05 4.97597e-05 3.30035e-05 1.6451e-05 0 
0 0 0 0 0 0 0 0 0 0 0 0 0 0 0 0 0 0 0 0 0 0 0 0 0 0 0.00246593 0.00227292 0.00209073 0.00192168 0.00176565 0.001622 0.00148995 0.00136867 0.00125736 0.00115521 0.00106144 0.000975342 0.000896228 0.000823477 0.000756516 0.00069482 0.000637909 0.000585347 0.000536734 0.000491709 0.000449939 0.000411121 0.000374979 0.000341257 0.000309723 0.000280162 0.000252374 0.000226174 0.000201391 0.000177864 0.000155441 0.000133981 0.000113349 9.34138e-05 7.40529e-05 5.51464e-05 3.65778e-05 1.82331e-05 0 
0 0 0 0 0 0 0 0 0 0 0 0 0 0 0 0 0 0 0 0 0 0 0 0 0 0 0.00288873 0.00259129 0.00234551 0.00213424 0.00194801 0.00178152 0.00163142 0.00149541 0.00137176 0.00125905 0.00115609 0.00106189 0.000975551 0.000896299 0.000823445 0.000756373 0.000694535 0.000637437 0.000584632 0.00053572 0.000490335 0.000448146 0.000408852 0.000372176 0.000337866 0.000305687 0.000275426 0.000246882 0.000219871 0.000194217 0.000169759 0.000146342 0.00012382 0.000102054 8.09091e-05 6.0256e-05 3.99687e-05 1.99239e-05 0 
0 0 0 0 0 0 0 0 0 0 0 0 0 0 0 0 0 0 0 0 0 0 0 0 0 0 0.00323578 0.00285846 0.00256624 0.00232219 0.00211111 0.00192509 0.00175925 0.00161026 0.00147567 0.00135357 0.00124244 0.00114102 0.00104822 0.000963152 0.000885011 0.000813106 0.000746825 0.000685624 0.000629017 0.000576569 0.000527887 0.000482615 0.00044043 0.000401036 0.000364165 0.000329567 0.000297014 0.000266294 0.000237207 0.000209571 0.00018321 0.000157962 0.000133669 0.000110184 8.73623e-05 6.50665e-05 4.31618e-05 2.15163e-05 0 
0 0 0 0 0 0 0 0 0 0 0 0 0 0 0 0 0 0 0 0 0 0 0 0 0 0.0037143 0.00338215 0.00304102 0.00273927 0.00247767 0.00224965 0.00204897 0.00187072 0.0017112 0.00156758 0.00143763 0.00131958 0.00121199 0.00111365 0.00102354 0.000940801 0.000864664 0.000794473 0.000729643 0.000669657 0.000614053 0.000562414 0.000514366 0.000469567 0.000427709 0.000388506 0.000351699 0.000317047 0.000284326 0.000253329 0.000223861 0.00019574 0.000168793 0.000142855 0.00011777 9.33869e-05 6.9559e-05 4.61445e-05 2.3004e-05 0 
0 0 0 0 0 0 0 0 0 0 0 0 0 0 0 0 0 0 0 0 0 0 0 0 0 0.00392088 0.00353803 0.00318471 0.00287267 0.0026001 0.0023614 0.00215095 0.001964 0.00179679 0.00164635 0.00151031 0.00138679 0.00127423 0.00117136 0.00107708 0.000990482 0.000910763 0.000837232 0.000769279 0.000706363 0.000648002 0.000593766 0.000543265 0.000496145 0.000452086 0.000410793 0.000371996 0.000335446 0.000300911 0.000268174 0.000237035 0.000207302 0.000178796 0.000151345 0.000124786 9.89609e-05 7.3717e-05 4.89059e-05 2.43815e-05 0 
0 0 0 0 0 0 0 0 0 0 0 0 0 0 0 0 0 0 0 0 0 0 0 0 0 0.0041363 0.00366491 0.00328767 0.00296719 0.00268921 0.00244548 0.00223 0.00203813 0.00186619 0.00171128 0.00157105 0.0014436 0.00132735 0.00122101 0.00112348 0.00103381 0.000951197 0.000874923 0.000804372 0.000738991 0.00067829 0.000621829 0.000569209 0.00052007 0.000474084 0.00043095 0.000390391 0.000352151 0.000315993 0.000281694 0.000249048 0.000217857 0.000187937 0.00015911 0.000131208 0.000104066 7.7527e-05 5.14369e-05 2.56443e-05 0 
0 0 0 0 0 0 0 0 0 0 0 0 0 0 0 0 0 0 0 0 0 0 0 0 0.00458099 0.00412068 0.00369824 0.00333446 0.00301982 0.0027447 0.00250191 0.00228605 0.00209292 0.00191918 0.00176215 0.00161962 0.00148979 0.00137116 0.00126246 0.0011626 0.00107066 0.000985841 0.000907434 0.000834821 0.000767451 0.000704833 0.000646524 0.000592126 0.000541276 0.000493642 0.00044892 0.000406831 0.000367115 0.00032953 0.000293852 0.000259868 0.000227377 0.000196192 0.00016613 0.000137018 0.000108688 8.09783e-05 5.37305e-05 2.6789e-05 0 
0 0 0 0 0 0 0 0 0 0 0 0 0 0 0 0 0 0 0 0 0 0 0 0 0.00454326 0.00406781 0.00367353 0.00333273 0.00303355 0.00276849 0.00253206 0.00232003 0.00212898 0.00195612 0.00179915 0.00165613 0.00152543 0.00140567 0.00129567 0.00119441 0.00110099 0.00101466 0.000934724 0.000860584 0.000791699 0.000727587 0.000667812 0.000611978 0.000559725 0.000510724 0.000464671 0.000421286 0.000380308 0.000341496 0.000304621 0.000269471 0.000235842 0.000203542 0.000172388 0.000142203 0.000112816 8.40633e-05 5.57817e-05 2.78129e-05 0 
0 0 0 0 0 0 0 0 0 0 0 0 0 0 0 0 0 0 0 0 0 0 0 0.00468966 0.00430527 0.00393442 0.00359599 0.00329004 0.00301385 0.00276433 0.00253851 0.0023337 0.00214752 0.00197786 0.00182289 0.001681 0.00155081 0.0014311 0.0013208 0.001219 0.00112488 0.0010377 0.000956823 0.000881677 0.000811743 0.000746554 0.000685687 0.000628755 0.000575407 0.000525318 0.000478188 0.000433741 0.000391717 0.000351876 0.00031399 0.000277845 0.000243239 0.000209977 0.000177876 0.000146756 0.000116445 8.6777e-05 5.7587e-05 2.87144e-05 0 
0 0 0 0 0 0 0 0 0 0 0 0 0 0 0 0 0 0 0 0 0 0 0.00447034 0.00431131 0.0040544 0.0037693 0.00348666 0.00321828 0.00296818 0.00273717 0.00252465 0.00232947 0.00215026 0.00198563 0.00183425 0.00169488 0.0015664 0.00144779 0.00133813 0.0012366 0.00114247 0.00105508 0.000973825 0.000898174 0.000827639 0.000761776 0.00070018 0.00064248 0.000588337 0.000537433 0.000489478 0.000444198 0.000401342 0.000360669 0.000321955 0.000284988 0.000249565 0.000215494 0.00018259 0.000150673 0.000119572 8.91176e-05 5.91453e-05 2.94929e-05 0 
0 0 0 0 0 0 0 0 0 0 0 0 0 0 0 0 0 0 0 0 0 0.00421276 0.00416676 0.00403151 0.0038324 0.00360241 0.00336379 0.00312896 0.00290416 0.00269225 0.0024942 0.00231001 0.00213916 0.00198089 0.00183434 0.00169862 0.00157286 0.00145626 0.00134804 0.00124751 0.00115403 0.001067 0.000985885 0.000910198 0.000839484 0.00077333 0.000711354 0.000653205 0.000598555 0.000547102 0.000498565 0.00045268 0.000409198 0.000367887 0.000328526 0.000290905 0.000254826 0.000220096 0.000186533 0.000153957 0.000122198 9.10859e-05 6.0457e-05 3.01485e-05 0 
0 0 0 0 0 0 0 0 0 0 0 0 0 0 0 0 0 0 0 0 0.00410188 0.00404551 0.00395314 0.00381625 0.00364202 0.00344487 0.00323789 0.00303035 0.00282803 0.00263424 0.00245066 0.00227798 0.00211626 0.00196522 0.00182438 0.00169316 0.00157094 0.00145709 0.00135101 0.00125211 0.00115984 0.0010737 0.000993204 0.000917914 0.000847416 0.000781331 0.000719304 0.000661004 0.000606125 0.000554378 0.000505494 0.00045922 0.000415315 0.000373554 0.000333722 0.000295614 0.000259034 0.000223795 0.000189713 0.000156614 0.000124327 9.26854e-05 6.15243e-05 3.06825e-05 0 
0 0 0 0 0 0 0 0 0 0 0 0 0 0 0 0 0 0 0 0.00421276 0.00404551 0.00391495 0.00378474 0.00363907 0.00347531 0.00329792 0.00311332 0.0029273 0.00274416 0.00256681 0.00239704 0.00223579 0.00208348 0.00194015 0.0018056 0.0016795 0.00156143 0.00145094 0.00134756 0.00125082 0.00116028 0.00107548 0.000996029 0.000921526 0.000851605 0.000785921 0.000724147 0.00066598 0.000611132 0.000559332 0.000510325 0.000463869 0.000419736 0.000377707 0.000337574 0.000299139 0.000262211 0.000226605 0.000192144 0.000158655 0.000125969 9.3922e-05 6.2351e-05 3.10966e-05 0 
0 0 0 0 0 0 0 0 0 0 0 0 0 0 0 0 0 0 0.00447034 0.00416676 0.00395314 0.00378474 0.00363254 0.00348071 0.00332299 0.00315896 0.00299098 0.00282216 0.00265531 0.00249264 0.00233571 0.00218549 0.00204256 0.00190712 0.00177919 0.00165862 0.00154516 0.00143849 0.00133827 0.00124413 0.00115572 0.00107267 0.000994636 0.000921268 0.000852248 0.000787265 0.000726026 0.000668252 0.000613677 0.00056205 0.00051313 0.000466691 0.000422513 0.000380389 0.00034012 0.000301512 0.000264382 0.000228551 0.000193845 0.000160094 0.000127135 9.48039e-05 6.29427e-05 3.13935e-05 0 
0 0 0 0 0 0 0 0 0 0 0 0 0 0 0 0 0 0.00468966 0.00431131 0.00403151 0.00381625 0.00363907 0.00348071 0.00332904 0.00317776 0.00302475 0.00287031 0.00271587 0.00256311 0.00241357 0.0022685 0.00212878 0.00199498 0.00186744 0.00174628 0.00163148 0.00152292 0.00142041 0.0013237 0.00123252 0.0011466 0.00106563 0.000989324 0.000917396 0.000849562 0.000785551 0.0007251 0.000667957 0.000613878 0.000562633 0.000513998 0.000467759 0.000423711 0.000381656 0.000341405 0.000302773 0.000265582 0.000229659 0.000194837 0.00016095 0.000127837 9.53415e-05 6.33061e-05 3.15767e-05 0 
0 0 0 0 0 0 0 0 0 0 0 0 0 0 0 0.00458099 0.00454326 0.00430527 0.0040544 0.0038324 0.00364202 0.00347531 0.00332299 0.00317776 0.00303506 0.00289278 0.00275049 0.00260875 0.00246854 0.00233091 0.00219682 0.00206701 0.00194203 0.00182226 0.00170788 0.00159897 0.0014955 0.00139738 0.00130443 0.00121649 0.00113332 0.00105471 0.000980408 0.000910178 0.000843781 0.00078098 0.000721543 0.000665244 0.000611865 0.000561193 0.000513023 0.000467157 0.000423401 0.00038157 0.000341483 0.000302966 0.000265848 0.000229962 0.000195147 0.000161243 0.000128094 9.55471e-05 6.34492e-05 3.165e-05 0 
0 0.000273705 0 0 0 0 0 0 0 0 0 0 0.0037143 0.00392088 0.0041363 0.00412068 0.00406781 0.00393442 0.0037693 0.00360241 0.00344487 0.00329792 0.00315896 0.00302475 0.00289278 0.00276166 0.00263097 0.00250097 0.00237226 0.0022456 0.00212173 0.00200129 0.00188478 0.00177257 0.0016649 0.0015619 0.00146362 0.00137002 0.00128103 0.00119651 0.00111632 0.00104028 0.000968207 0.000899895 0.000835148 0.000773763 0.000715538 0.000660275 0.000607777 0.000557852 0.000510313 0.000464976 0.000421662 0.000380198 0.000340414 0.000302143 0.000265223 0.000229496 0.000194805 0.000160999 0.000127925 9.54345e-05 6.3381e-05 3.1618e-05 0 
0 0.000281004 0.000594101 0.000804336 0.000975494 0.00115393 0.00137611 0.00167219 0.0020445 0.00246593 0.00288873 0.00323578 0.00338215 0.00353803 0.00366491 0.00369824 0.00367353 0.00359599 0.00348666 0.00336379 0.00323789 0.00311332 0.00299098 0.00287031 0.00275049 0.00263097 0.00251165 0.00239277 0.00227482 0.00215841 0.00204413 0.00193255 0.00182414 0.00171925 0.00161815 0.00152102 0.00142794 0.00133895 0.00125402 0.00117307 0.00109602 0.00102272 0.000953045 0.000886829 0.00082391 0.000764116 0.000707276 0.000653215 0.00060176 0.000552738 0.000505978 0.000461314 0.000418581 0.000377616 0.00033826 0.000300358 0.000263754 0.0002283 0.000193845 0.000160243 0.000127348 9.50189e-05 6.31118e-05 3.14857e-05 0 
0 0.000256255 0.000510859 0.000731183 0.000932058 0.00113685 0.00136681 0.00163618 0.00194411 0.00227292 0.00259129 0.00285846 0.00304102 0.00318471 0.00328767 0.00333446 0.00333273 0.00329004 0.00321828 0.00312896 0.00303035 0.0029273 0.00282216 0.00271587 0.00260875 0.00250097 0.00239277 0.00228454 0.00217676 0.00206999 0.00196476 0.00186158 0.00176089 0.00166306 0.00156836 0.00147699 0.00138909 0.00130472 0.0012239 0.00114662 0.0010728 0.00100238 0.000935237 0.00087126 0.000810315 0.000752261 0.000696951 0.000644236 0.000593964 0.000545982 0.000500136 0.000456274 0.000414245 0.0003739 0.00033509 0.000297669 0.000261492 0.000226416 0.0001923 0.000159004 0.000126388 9.43169e-05 6.26522e-05 3.12584e-05 0 
0 0.000233206 0.000461987 0.000677617 0.000884887 0.00109484 0.0013184 0.00156191 0.00182322 0.00209073 0.00234551 0.00256624 0.00273927 0.00287267 0.00296719 0.00301982 0.00303355 0.00301385 0.00296818 0.00290416 0.00282803 0.00274416 0.00265531 0.00256311 0.00246854 0.00237226 0.00227482 0.00217676 0.00207862 0.00198095 0.00188426 0.00178905 0.00169574 0.00160468 0.00151617 0.00143043 0.00134762 0.00126785 0.00119116 0.00111757 0.00104707 0.000979598 0.000915094 0.000853465 0.00079461 0.000738414 0.000684757 0.00063351 0.000584543 0.00053772 0.000492904 0.00044996 0.000408748 0.000369132 0.000330974 0.000294137 0.000258487 0.000223888 0.000190208 0.000157311 0.000125068 9.33456e-05 6.20138e-05 3.09419e-05 0 
0 0.000214626 0.00042636 0.000632552 0.000835219 0.00103944 0.00125031 0.00147015 0.0016965 0.00192168 0.00213424 0.00232219 0.00247767 0.0026001 0.00268921 0.0027447 0.00276849 0.00276433 0.00273717 0.00269225 0.00263424 0.00256681 0.00249264 0.00241357 0.00233091 0.0022456 0.00215841 0.00206999 0.00198095 0.00189185 0.00180324 0.00171557 0.00162927 0.0015447 0.00146216 0.00138188 0.00130406 0.00122881 0.00115622 0.00108634 0.00101917 0.000954712 0.000892912 0.000833711 0.000777034 0.000722791 0.000670885 0.000621208 0.000573648 0.000528087 0.000484404 0.000442478 0.000402183 0.000363393 0.000325983 0.000289825 0.000254794 0.000220763 0.000187606 0.000155197 0.000123411 9.21233e-05 6.12083e-05 3.0542e-05 0 
0 0.000198987 0.000396367 0.00059115 0.000784185 0.000977634 0.00117352 0.0013722 0.00157132 0.00176565 0.00194801 0.00211111 0.00224965 0.0023614 0.00244548 0.00250191 0.00253206 0.00253851 0.00252465 0.0024942 0.00245066 0.00239704 0.00233571 0.0022685 0.00219682 0.00212173 0.00204413 0.00196476 0.00188426 0.00180324 0.00172222 0.00164167 0.00156203 0.00148365 0.00140683 0.00133183 0.00125885 0.00118803 0.00111948 0.00105328 0.000989463 0.000928031 0.000868974 0.000812254 0.000757819 0.000705602 0.000655524 0.000607499 0.00056143 0.000517218 0.000474756 0.000433935 0.000394643 0.000356767 0.00032019 0.000284796 0.000250467 0.000217086 0.000184534 0.000152693 0.000121444 9.06682e-05 6.02481e-05 3.00649e-05 0 
0 0.000185003 0.000369066 0.000551638 0.000732925 0.000913625 0.00109421 0.00127414 0.0014513 0.001622 0.00178152 0.00192509 0.00204897 0.00215095 0.00223 0.00228605 0.00232003 0.0023337 0.00232947 0.00231001 0.00227798 0.00223579 0.00218549 0.00212878 0.00206701 0.00200129 0.00193255 0.00186158 0.00178905 0.00171557 0.00164167 0.00156784 0.0014945 0.00142199 0.00135065 0.00128072 0.00121242 0.00114592 0.00108133 0.00101876 0.000958252 0.000899847 0.000843547 0.000789338 0.000737186 0.000687046 0.000638855 0.000592546 0.000548038 0.000505245 0.000464077 0.000424437 0.000386224 0.000349336 0.000313669 0.000279113 0.000245562 0.000212904 0.000181031 0.00014983 0.00011919 8.89992e-05 5.91455e-05 2.95165e-05 0 
0 0.000172007 0.00034335 0.000513554 0.00068244 0.000849963 0.00101585 0.00117917 0.00133811 0.00148995 0.00163142 0.00175925 0.00187072 0.001964 0.00203813 0.00209292 0.00212898 0.00214752 0.00215026 0.00213916 0.00211626 0.00208348 0.00204256 0.00199498 0.00194203 0.00188478 0.00182414 0.00176089 0.00169574 0.00162927 0.00156203 0.0014945 0.00142708 0.00136015 0.00129401 0.00122894 0.00116515 0.00110282 0.00104209 0.00098307 0.000925835 0.000870431 0.000816882 0.000765193 0.000715347 0.000667315 0.000621053 0.000576507 0.000533613 0.000492297 0.000452483 0.000414086 0.000377017 0.000341183 0.00030649 0.00027284 0.000240131 0.000208264 0.000177135 0.000146641 0.000116676 8.71349e-05 5.79128e-05 2.89032e-05 0 
0 0.000159722 0.000318866 0.000476931 0.000633506 0.000788177 0.000940323 0.00108891 0.00123239 0.00136867 0.00149541 0.00161026 0.0017112 0.00179679 0.00186619 0.00191918 0.00195612 0.00197786 0.00198563 0.00198089 0.00196522 0.00194015 0.00190712 0.00186744 0.00182226 0.00177257 0.00171925 0.00166306 0.00160468 0.0015447 0.00148365 0.00142199 0.00136015 0.00129847 0.00123727 0.00117683 0.00111736 0.00105905 0.00100207 0.000946512 0.00089248 0.000840034 0.000789212 0.000740034 0.000692498 0.000646592 0.000602284 0.000559534 0.000518292 0.000478499 0.000440087 0.000402983 0.000367111 0.000332387 0.000298725 0.000266037 0.000234231 0.000203212 0.000172887 0.000143157 0.000113926 8.5094e-05 5.65623e-05 2.8231e-05 0 
0 0.000148063 0.000295557 0.000441938 0.000586666 0.00072915 0.000868635 0.0010041 0.00113422 0.00125736 0.00137176 0.00147567 0.00156758 0.00164635 0.00171128 0.00176215 0.00179915 0.00182289 0.00183425 0.00183434 0.00182438 0.0018056 0.00177919 0.00174628 0.00170788 0.0016649 0.00161815 0.00156836 0.00151617 0.00146216 0.00140683 0.00135065 0.00129401 0.00123727 0.00118074 0.0011247 0.00106935 0.00101491 0.000961534 0.00090934 0.000858432 0.000808886 0.000760751 0.00071406 0.000668825 0.000625045 0.000582703 0.00054177 0.000502207 0.000463967 0.000426994 0.000391226 0.000356594 0.000323025 0.000290443 0.000258766 0.000227912 0.000197793 0.000168323 0.00013941 0.000110965 8.28947e-05 5.51062e-05 2.7506e-05 0 
0 0.000137018 0.000273458 0.000408738 0.000542259 0.000673354 0.000801243 0.000924969 0.00104339 0.00115521 0.00125905 0.00135357 0.00143763 0.00151031 0.00157105 0.00161962 0.00165613 0.001681 0.00169488 0.00169862 0.00169316 0.0016795 0.00165862 0.00163148 0.00159897 0.0015619 0.00152102 0.00147699 0.00143043 0.00138188 0.00133183 0.00128072 0.00122894 0.00117683 0.0011247 0.00107281 0.0010214 0.00097065 0.000920736 0.000871789 0.000823914 0.000777196 0.000731696 0.000687456 0.000644499 0.000602834 0.000562457 0.000523348 0.00048548 0.000448815 0.000413308 0.000378905 0.000345548 0.000313172 0.000281708 0.000251085 0.000221225 0.00019205 0.00016348 0.00013543 0.000107817 8.05548e-05 5.35563e-05 2.6734e-05 0 
0 0.000126598 0.000252611 0.00037744 0.000500462 0.000621 0.00073829 0.000851463 0.000959536 0.00106144 0.00115609 0.00124244 0.00131958 0.00138679 0.0014436 0.00148979 0.00152543 0.00155081 0.0015664 0.00157286 0.00157094 0.00156143 0.00154516 0.00152292 0.0014955 0.00146362 0.00142794 0.00138909 0.00134762 0.00130406 0.00125885 0.00121242 0.00116515 0.00111736 0.00106935 0.0010214 0.000973706 0.000926482 0.000879889 0.000834065 0.000789123 0.000745154 0.000702225 0.000660388 0.000619676 0.000580106 0.000541681 0.000504395 0.000468227 0.000433149 0.000399125 0.00036611 0.000334053 0.000302899 0.000272586 0.000243049 0.000214219 0.000186026 0.000158394 0.000131246 0.000104505 7.80916e-05 5.19239e-05 2.59208e-05 0 
0 0.000116812 0.00023304 0.000348087 0.000461335 0.000572123 0.000679731 0.000783375 0.000882208 0.000975342 0.00106189 0.00114102 0.00121199 0.00127423 0.00132735 0.00137116 0.00140567 0.0014311 0.00144779 0.00145626 0.00145709 0.00145094 0.00143849 0.00142041 0.00139738 0.00137002 0.00133895 0.00130472 0.00126785 0.00122881 0.00118803 0.00114592 0.00110282 0.00105905 0.00101491 0.00097065 0.000926482 0.000882604 0.00083918 0.000796353 0.000754237 0.000712928 0.0006725 0.000633011 0.0005945 0.000556993 0.000520502 0.000485026 0.000450554 0.000417067 0.000384534 0.000352921 0.000322183 0.000292272 0.000263134 0.000234711 0.000206941 0.00017976 0.000153098 0.000126886 0.000101052 7.55215e-05 5.022e-05 2.50717e-05 0 
0 0.000107656 0.00021474 0.000320672 0.000424852 0.000526653 0.000625408 0.000720415 0.000810938 0.000896228 0.000975551 0.00104822 0.00111365 0.00117136 0.00122101 0.00126246 0.00129567 0.0013208 0.00133813 0.00134804 0.00135101 0.00134756 0.00133827 0.0013237 0.00130443 0.00128103 0.00125402 0.0012239 0.00119116 0.00115622 0.00111948 0.00108133 0.00104209 0.00100207 0.000961534 0.000920736 0.000879889 0.00083918 0.000798775 0.000758812 0.000719411 0.000680669 0.000642665 0.00060546 0.000569101 0.000533619 0.000499032 0.000465348 0.000432561 0.00040066 0.000369621 0.000339415 0.000310007 0.000281354 0.000253409 0.000226121 0.000199435 0.00017329 0.000147625 0.000122377 9.74776e-05 7.28602e-05 4.8455e-05 2.41919e-05 0 
0 9.9117e-05 0.000197684 0.000295145 0.00039093 0.000484452 0.000575102 0.000662251 0.000745256 0.000823477 0.000896299 0.000963152 0.00102354 0.00107708 0.00112348 0.0011626 0.00119441 0.001219 0.0012366 0.00124751 0.00125211 0.00125082 0.00124413 0.00123252 0.00121649 0.00119651 0.00117307 0.00114662 0.00111757 0.00108634 0.00105328 0.00101876 0.00098307 0.000946512 0.00090934 0.000871789 0.000834065 0.000796353 0.000758812 0.000721583 0.000684782 0.000648509 0.000612846 0.000577858 0.000543595 0.000510093 0.000477377 0.000445458 0.000414339 0.000384011 0.000354461 0.000325664 0.00029759 0.000270204 0.000243465 0.000217327 0.00019174 0.000166652 0.000142005 0.000117742 9.38024e-05 7.01224e-05 4.66387e-05 2.32864e-05 0 
0 9.11727e-05 0.000181824 0.000271427 0.000359449 0.000445346 0.000528563 0.000608537 0.000684705 0.000756516 0.000823445 0.000885011 0.000940801 0.000990482 0.00103381 0.00107066 0.00110099 0.00112488 0.00114247 0.00115403 0.00115984 0.00116028 0.00115572 0.0011466 0.00113332 0.00111632 0.00109602 0.0010728 0.00104707 0.00101917 0.000989463 0.000958252 0.000925835 0.00089248 0.000858432 0.000823914 0.000789123 0.000754237 0.000719411 0.000684782 0.000650466 0.000616563 0.000583156 0.000550312 0.000518085 0.000486514 0.000455628 0.000425443 0.000395968 0.000367199 0.000339126 0.000311732 0.000284992 0.000258876 0.000233349 0.00020837 0.000183896 0.000159878 0.000136266 0.000113007 9.00447e-05 6.7322e-05 4.47803e-05 2.23598e-05 0 
0 8.37939e-05 0.000167098 0.000249421 0.000330267 0.000409136 0.000485525 0.00055893 0.000628855 0.00069482 0.000756373 0.000813106 0.000864664 0.000910763 0.000951197 0.000985841 0.00101466 0.0010377 0.00105508 0.001067 0.0010737 0.00107548 0.00107267 0.00106563 0.00105471 0.00104028 0.00102272 0.00100238 0.000979598 0.000954712 0.000928031 0.000899847 0.000870431 0.000840034 0.000808886 0.000777196 0.000745154 0.000712928 0.000680669 0.000648509 0.000616563 0.000584929 0.000553691 0.000522916 0.000492661 0.000462968 0.000433868 0.000405383 0.000377522 0.00035029 0.000323679 0.000297678 0.000272266 0.000247419 0.000223105 0.000199291 0.000175937 0.000153 0.000130434 0.000108192 8.62218e-05 6.44719e-05 4.28883e-05 2.14162e-05 0 
0 7.69477e-05 0.00015344 0.000229021 0.000303233 0.00037562 0.000445725 0.000513098 0.000577299 0.000637909 0.000694535 0.000746825 0.000794473 0.000837232 0.000874923 0.000907434 0.000934724 0.000956823 0.000973825 0.000985885 0.000993204 0.000996029 0.000994636 0.000989324 0.000980408 0.000968207 0.000953045 0.000935237 0.000915094 0.000892912 0.000868974 0.000843547 0.000816882 0.000789212 0.000760751 0.000731696 0.000702225 0.0006725 0.000642665 0.000612846 0.000583156 0.000553691 0.000524533 0.000495751 0.000467403 0.000439531 0.00041217 0.000385345 0.000359068 0.000333346 0.000308178 0.000283555 0.000259462 0.000235877 0.000212776 0.000190127 0.000167896 0.000146045 0.000124533 0.000103317 8.23494e-05 6.15838e-05 4.09706e-05 2.04597e-05 0 
0 7.05988e-05 0.000140777 0.000210114 0.000278192 0.000344592 0.000408904 0.000470724 0.000529662 0.000585347 0.000637437 0.000685624 0.000729643 0.000769279 0.000804372 0.000834821 0.000860584 0.000881677 0.000898174 0.000910198 0.000917914 0.000921526 0.000921268 0.000917396 0.000910178 0.000899895 0.000886829 0.00087126 0.000853465 0.000833711 0.000812254 0.000789338 0.000765193 0.000740034 0.00071406 0.000687456 0.000660388 0.000633011 0.00060546 0.000577858 0.000550312 0.000522916 0.000495751 0.000468886 0.000442377 0.000416269 0.000390598 0.00036539 0.000340662 0.000316423 0.000292674 0.000269411 0.000246623 0.000224291 0.000202395 0.000180909 0.000159801 0.000139038 0.000118584 9.83994e-05 7.84419e-05 5.86685e-05 3.90344e-05 1.94937e-05 0 
0 6.47111e-05 0.000129036 0.000192589 0.000254989 0.000315855 0.000374817 0.000431512 0.000485594 0.000536734 0.000584632 0.000629017 0.000669657 0.000706363 0.000738991 0.000767451 0.000791699 0.000811743 0.000827639 0.000839484 0.000847416 0.000851605 0.000852248 0.000849562 0.000843781 0.000835148 0.00082391 0.000810315 0.00079461 0.000777034 0.000757819 0.000737186 0.000715347 0.000692498 0.000668825 0.000644499 0.000619676 0.0005945 0.000569101 0.000543595 0.000518085 0.000492661 0.000467403 0.000442377 0.000417639 0.000393236 0.000369204 0.00034557 0.000322353 0.000299566 0.000277211 0.000255288 0.000233787 0.000212696 0.000191997 0.000171667 0.000151679 0.000132003 0.000112608 9.34564e-05 7.45122e-05 5.57356e-05 3.7086e-05 1.85216e-05 0 
0 5.92491e-05 0.000118145 0.000176337 0.000233476 0.000289218 0.00034323 0.000395185 0.000444775 0.000491709 0.00053572 0.000576569 0.000614053 0.000648002 0.00067829 0.000704833 0.000727587 0.000746554 0.000761776 0.00077333 0.000781331 0.000785921 0.000787265 0.000785551 0.00078098 0.000773763 0.000764116 0.000752261 0.000738414 0.000722791 0.000705602 0.000687046 0.000667315 0.000646592 0.000625045 0.000602834 0.000580106 0.000556993 0.000533619 0.000510093 0.000486514 0.000462968 0.000439531 0.000416269 0.000393236 0.000370479 0.000348033 0.000325929 0.000304185 0.000282816 0.000261827 0.00024122 0.000220989 0.000201124 0.000181609 0.000162426 0.000143551 0.000124959 0.00010662 8.85019e-05 7.05718e-05 5.27939e-05 3.51313e-05 1.75462e-05 0 
0 5.41782e-05 0.000108035 0.000161251 0.00021351 0.000264502 0.000313924 0.000361486 0.00040691 0.000449939 0.000490335 0.000527887 0.000562414 0.000593766 0.000621829 0.000646524 0.000667812 0.000685687 0.00070018 0.000711354 0.000719304 0.000724147 0.000726026 0.0007251 0.000721543 0.000715538 0.000707276 0.000696951 0.000684757 0.000670885 0.000655524 0.000638855 0.000621053 0.000602284 0.000582703 0.000562457 0.000541681 0.000520502 0.000499032 0.000477377 0.000455628 0.000433868 0.00041217 0.000390598 0.000369204 0.000348033 0.000327123 0.000306502 0.000286192 0.000266207 0.000246555 0.000227239 0.000208257 0.0001896 0.000171256 0.000153209 0.000135439 0.000117924 0.000100636 8.35486e-05 6.66308e-05 4.98508e-05 3.31753e-05 1.657e-05 0 
0 4.94654e-05 9.86393e-05 0.000147232 0.000194958 0.000241536 0.000286696 0.000330175 0.000371727 0.000411121 0.000448146 0.000482615 0.000514366 0.000543265 0.000569209 0.000592126 0.000611978 0.000628755 0.00064248 0.000653205 0.000661004 0.00066598 0.000668252 0.000667957 0.000665244 0.000660275 0.000653215 0.000644236 0.00063351 0.000621208 0.000607499 0.000592546 0.000576507 0.000559534 0.00054177 0.000523348 0.000504395 0.000485026 0.000465348 0.000445458 0.000425443 0.000405383 0.000385345 0.00036539 0.00034557 0.000325929 0.000306502 0.000287319 0.000268402 0.000249766 0.000231421 0.000213371 0.000195615 0.000178148 0.000160959 0.000144035 0.00012736 0.000110912 9.46696e-05 7.86073e-05 6.26979e-05 4.6913e-05 3.12224e-05 1.55953e-05 0 
0 4.50792e-05 8.98949e-05 0.000134185 0.000177692 0.000220164 0.000261356 0.000301034 0.000338976 0.000374979 0.000408852 0.00044043 0.000469567 0.000496145 0.00052007 0.000541276 0.000559725 0.000575407 0.000588337 0.000598555 0.000606125 0.000611132 0.000613677 0.000613878 0.000611865 0.000607777 0.00060176 0.000593964 0.000584543 0.000573648 0.00056143 0.000548038 0.000533613 0.000518292 0.000502207 0.00048548 0.000468227 0.000450554 0.000432561 0.000414339 0.000395968 0.000377522 0.000359068 0.000340662 0.000322353 0.000304185 0.000286192 0.000268402 0.000250838 0.000233517 0.000216447 0.000199636 0.000183083 0.000166785 0.000150734 0.00013492 0.000119326 0.000103937 8.87311e-05 7.36871e-05 5.87806e-05 4.3986e-05 2.92763e-05 1.46238e-05 0 
0 4.09902e-05 8.17429e-05 0.000122022 0.000161596 0.000200238 0.000237728 0.000273857 0.000308428 0.000341257 0.000372176 0.000401036 0.000427709 0.000452086 0.000474084 0.000493642 0.000510724 0.000525318 0.000537433 0.000547102 0.000554378 0.000559332 0.00056205 0.000562633 0.000561193 0.000557852 0.000552738 0.000545982 0.00053772 0.000528087 0.000517218 0.000505245 0.000492297 0.000478499 0.000463967 0.000448815 0.000433149 0.000417067 0.00040066 0.000384011 0.000367199 0.00035029 0.000333346 0.000316423 0.000299566 0.000282816 0.000266207 0.000249766 0.000233517 0.000217474 0.000201649 0.000186049 0.000170676 0.000155527 0.000140597 0.000125875 0.000111351 9.70082e-05 8.28296e-05 6.87957e-05 5.48849e-05 4.10744e-05 2.73401e-05 1.36572e-05 0 
0 3.71707e-05 7.41279e-05 0.00011066 0.000146559 0.000181621 0.00021565 0.000248459 0.000279871 0.000309723 0.000337866 0.000364165 0.000388506 0.000410793 0.00043095 0.00044892 0.000464671 0.000478188 0.000489478 0.000498565 0.000505494 0.000510325 0.00051313 0.000513998 0.000513023 0.000510313 0.000505978 0.000500136 0.000492904 0.000484404 0.000474756 0.000464077 0.000452483 0.000440087 0.000426994 0.000413308 0.000399125 0.000384534 0.000369621 0.000354461 0.000339126 0.000323679 0.000308178 0.000292674 0.000277211 0.000261827 0.000246555 0.000231421 0.000216447 0.000201649 0.000187039 0.000172624 0.000158406 0.000144385 0.000130556 0.000116912 0.000103442 9.01343e-05 7.69722e-05 6.3939e-05 5.10156e-05 3.81819e-05 2.54163e-05 1.26966e-05 0 
0 3.35947e-05 6.69983e-05 0.000100021 0.000132478 0.000164185 0.00019497 0.000224664 0.00025311 0.000280162 0.000305687 0.000329567 0.000351699 0.000371996 0.000390391 0.000406831 0.000421286 0.000433741 0.000444198 0.00045268 0.00045922 0.000463869 0.000466691 0.000467759 0.000467157 0.000464976 0.000461314 0.000456274 0.00044996 0.000442478 0.000433935 0.000424437 0.000414086 0.000402983 0.000391226 0.000378905 0.00036611 0.000352921 0.000339415 0.000325664 0.000311732 0.000297678 0.000283555 0.000269411 0.000255288 0.00024122 0.000227239 0.000213371 0.000199636 0.000186049 0.000172624 0.000159366 0.00014628 0.000133365 0.00012062 0.000108037 9.56075e-05 8.33211e-05 7.11641e-05 5.91215e-05 4.71766e-05 3.53113e-05 2.35068e-05 1.17431e-05 0 
0 3.0238e-05 6.03056e-05 9.00341e-05 0.000119257 0.000147814 0.000175548 0.000202311 0.000227962 0.000252374 0.000275426 0.000297014 0.000317047 0.000335446 0.000352151 0.000367115 0.000380308 0.000391717 0.000401342 0.000409198 0.000415315 0.000419736 0.000422513 0.000423711 0.000423401 0.000421662 0.000418581 0.000414245 0.000408748 0.000402183 0.000394643 0.000386224 0.000377017 0.000367111 0.000356594 0.000345548 0.000334053 0.000322183 0.000310007 0.00029759 0.000284992 0.000272266 0.000259462 0.000246623 0.000233787 0.000220989 0.000208257 0.000195615 0.000183083 0.000170676 0.000158406 0.00014628 0.000134302 0.000122474 0.000110793 9.92539e-05 8.78504e-05 7.65726e-05 6.5409e-05 5.43464e-05 4.33702e-05 3.24647e-05 2.16129e-05 1.07973e-05 0 
0 2.7078e-05 5.40049e-05 8.06309e-05 0.000106809 0.000132396 0.000157253 0.000181249 0.000204261 0.000226174 0.000246882 0.000266294 0.000284326 0.000300911 0.000315993 0.00032953 0.000341496 0.000351876 0.000360669 0.000367887 0.000373554 0.000377707 0.000380389 0.000381656 0.00038157 0.000380198 0.000377616 0.0003739 0.000369132 0.000363393 0.000356767 0.000349336 0.000341183 0.000332387 0.000323025 0.000313172 0.000302899 0.000292272 0.000281354 0.000270204 0.000258876 0.000247419 0.000235877 0.000224291 0.000212696 0.000201124 0.0001896 0.000178148 0.000166785 0.000155527 0.000144385 0.000133365 0.000122474 0.000111711 0.000101076 9.05658e-05 8.01734e-05 6.9891e-05 5.97089e-05 4.96155e-05 3.95982e-05 2.96431e-05 1.97354e-05 9.85965e-06 0 
0 2.40935e-05 4.80538e-05 7.17488e-05 9.50487e-05 0.000117827 0.000139963 0.00016134 0.00018185 0.000201391 0.000219871 0.000237207 0.000253329 0.000268174 0.000281694 0.000293852 0.000304621 0.00031399 0.000321955 0.000328526 0.000333722 0.000337574 0.00034012 0.000341405 0.000341483 0.000340414 0.00033826 0.00033509 0.000330974 0.000325983 0.00032019 0.000313669 0.00030649 0.000298725 0.000290443 0.000281708 0.000272586 0.000263134 0.000253409 0.000243465 0.000233349 0.000223105 0.000212776 0.000202395 0.000191997 0.000181609 0.000171256 0.000160959 0.000150734 0.000140597 0.000130556 0.00012062 0.000110793 0.000101076 9.14706e-05 8.19723e-05 7.25767e-05 6.32768e-05 5.40643e-05 4.49295e-05 3.58611e-05 2.68471e-05 1.78747e-05 8.93029e-06 0 
0 2.12646e-05 4.24127e-05 6.33286e-05 8.38988e-05 0.000104013 0.000123565 0.000142453 0.000160582 0.000177864 0.000194217 0.000209571 0.000223861 0.000237035 0.000249048 0.000259868 0.000269471 0.000277845 0.000284988 0.000290905 0.000295614 0.000299139 0.000301512 0.000302773 0.000302966 0.000302143 0.000300358 0.000297669 0.000294137 0.000289825 0.000284796 0.000279113 0.00027284 0.000266037 0.000258766 0.000251085 0.000243049 0.000234711 0.000226121 0.000217327 0.00020837 0.000199291 0.000190127 0.000180909 0.000171667 0.000162426 0.000153209 0.000144035 0.00013492 0.000125875 0.000116912 0.000108037 9.92539e-05 9.05658e-05 8.19723e-05 7.34713e-05 6.50587e-05 5.67288e-05 4.84747e-05 4.02877e-05 3.21585e-05 2.40766e-05 1.60307e-05 8.00921e-06 0 
0 1.85726e-05 3.70443e-05 5.53147e-05 7.32857e-05 9.08615e-05 0.00010795 0.000124464 0.00014032 0.000155441 0.000169759 0.00018321 0.00019574 0.000207302 0.000217857 0.000227377 0.000235842 0.000243239 0.000249565 0.000254826 0.000259034 0.000262211 0.000264382 0.000265582 0.000265848 0.000265223 0.000263754 0.000261492 0.000258487 0.000254794 0.000250467 0.000245562 0.000240131 0.000234231 0.000227912 0.000221225 0.000214219 0.000206941 0.000199435 0.00019174 0.000183896 0.000175937 0.000167896 0.000159801 0.000151679 0.000143551 0.000135439 0.00012736 0.000119326 0.000111351 0.000103442 9.56075e-05 8.78504e-05 8.01734e-05 7.25767e-05 6.50587e-05 5.76162e-05 5.02446e-05 4.29378e-05 3.56888e-05 2.84894e-05 2.13306e-05 1.42029e-05 7.09615e-06 0 
0 1.59999e-05 3.19133e-05 4.76547e-05 6.31399e-05 7.82872e-05 9.30177e-05 0.000107256 0.000120933 0.000133981 0.000146342 0.000157962 0.000168793 0.000178796 0.000187937 0.000196192 0.000203542 0.000209977 0.000215494 0.000220096 0.000223795 0.000226605 0.000228551 0.000229659 0.000229962 0.000229496 0.0002283 0.000226416 0.000223888 0.000220763 0.000217086 0.000212904 0.000208264 0.000203212 0.000197793 0.00019205 0.000186026 0.00017976 0.00017329 0.000166652 0.000159878 0.000153 0.000146045 0.000139038 0.000132003 0.000124959 0.000117924 0.000110912 0.000103937 9.70082e-05 9.01343e-05 8.33211e-05 7.65726e-05 6.9891e-05 6.32768e-05 5.67288e-05 5.02446e-05 4.38202e-05 3.74508e-05 3.11302e-05 2.48518e-05 1.86079e-05 1.23904e-05 6.19069e-06 0 
0 1.35295e-05 2.69864e-05 4.02987e-05 5.33957e-05 6.62089e-05 7.86718e-05 9.07216e-05 0.000102299 0.000113349 0.00012382 0.000133669 0.000142855 0.000151345 0.00015911 0.00016613 0.000172388 0.000177876 0.00018259 0.000186533 0.000189713 0.000192144 0.000193845 0.000194837 0.000195147 0.000194805 0.000193845 0.0001923 0.000190208 0.000187606 0.000184534 0.000181031 0.000177135 0.000172887 0.000168323 0.00016348 0.000158394 0.000153098 0.000147625 0.000142005 0.000136266 0.000130434 0.000124533 0.000118584 0.000112608 0.00010662 0.000100636 9.46696e-05 8.87311e-05 8.28296e-05 7.69722e-05 7.11641e-05 6.5409e-05 5.97089e-05 5.40643e-05 4.84747e-05 4.29378e-05 3.74508e-05 3.20094e-05 2.66088e-05 2.12433e-05 1.59066e-05 1.0592e-05 5.29223e-06 0 
0 1.11455e-05 2.22315e-05 3.31991e-05 4.39903e-05 5.45489e-05 6.48206e-05 7.47538e-05 8.42999e-05 9.34138e-05 0.000102054 0.000110184 0.00011777 0.000124786 0.000131208 0.000137018 0.000142203 0.000146756 0.000150673 0.000153957 0.000156614 0.000158655 0.000160094 0.00016095 0.000161243 0.000160999 0.000160243 0.000159004 0.000157311 0.000155197 0.000152693 0.00014983 0.000146641 0.000143157 0.00013941 0.00013543 0.000131246 0.000126886 0.000122377 0.000117742 0.000113007 0.000108192 0.000103317 9.83994e-05 9.34564e-05 8.85019e-05 8.35486e-05 7.86073e-05 7.36871e-05 6.87957e-05 6.3939e-05 5.91215e-05 5.43464e-05 4.96155e-05 4.49295e-05 4.02877e-05 3.56888e-05 3.11302e-05 2.66088e-05 2.21205e-05 1.76608e-05 1.32245e-05 8.8062e-06 4.40004e-06 0 
0 8.83255e-06 1.76182e-05 2.63104e-05 3.48634e-05 4.3233e-05 5.13762e-05 5.92524e-05 6.68232e-05 7.40529e-05 8.09091e-05 8.73623e-05 9.33869e-05 9.89609e-05 0.000104066 0.000108688 0.000112816 0.000116445 0.000119572 0.000122198 0.000124327 0.000125969 0.000127135 0.000127837 0.000128094 0.000127925 0.000127348 0.000126388 0.000125068 0.000123411 0.000121444 0.00011919 0.000116676 0.000113926 0.000110965 0.000107817 0.000104505 0.000101052 9.74776e-05 9.38024e-05 9.00447e-05 8.62218e-05 8.23494e-05 7.84419e-05 7.45122e-05 7.05718e-05 6.66308e-05 6.26979e-05 5.87806e-05 5.48849e-05 5.10156e-05 4.71766e-05 4.33702e-05 3.95982e-05 3.58611e-05 3.21585e-05 2.84894e-05 2.48518e-05 2.12433e-05 1.76608e-05 1.41007e-05 1.05589e-05 7.03134e-06 3.51327e-06 0 
0 6.57579e-06 1.31168e-05 1.95884e-05 2.59569e-05 3.21892e-05 3.82536e-05 4.41199e-05 4.97597e-05 5.51464e-05 6.0256e-05 6.50665e-05 6.9559e-05 7.3717e-05 7.7527e-05 8.09783e-05 8.40633e-05 8.6777e-05 8.91176e-05 9.10859e-05 9.26854e-05 9.3922e-05 9.48039e-05 9.53415e-05 9.55471e-05 9.54345e-05 9.50189e-05 9.43169e-05 9.33456e-05 9.21233e-05 9.06682e-05 8.89992e-05 8.71349e-05 8.5094e-05 8.28947e-05 8.05548e-05 7.80916e-05 7.55215e-05 7.28602e-05 7.01224e-05 6.7322e-05 6.44719e-05 6.15838e-05 5.86685e-05 5.57356e-05 5.27939e-05 4.98508e-05 4.6913e-05 4.3986e-05 4.10744e-05 3.81819e-05 3.53113e-05 3.24647e-05 2.96431e-05 2.68471e-05 2.40766e-05 2.13306e-05 1.86079e-05 1.59066e-05 1.32245e-05 1.05589e-05 7.90699e-06 5.26544e-06 2.63094e-06 0 
