0 0 0 0 0 0 0 0 0 0 0 0 0 0 0 0 0 0 0 0 0 0 0 0 0 0 0 0 0 0 0 0 0 
0 0.00961508 0.0191376 0.0284757 0.0375397 0.0462421 0.0544992 0.0622314 0.0693643 0.0758292 0.0815638 0.0865129 0.0906288 0.0938719 0.096211 0.0976235 0.0980959 0.0976235 0.096211 0.0938719 0.0906288 0.0865129 0.0815638 0.0758292 0.0693643 0.0622314 0.0544992 0.0462421 0.0375397 0.0284757 0.0191376 0.00961508 1.20036e-17 
0 0.0191376 0.0380908 0.0566772 0.0747178 0.0920388 0.108473 0.123863 0.138061 0.150928 0.162342 0.172193 0.180385 0.18684 0.191495 0.194307 0.195247 0.194307 0.191495 0.18684 0.180385 0.172193 0.162342 0.150928 0.138061 0.123863 0.108473 0.0920388 0.0747178 0.0566772 0.0380908 0.0191376 2.38917e-17 
0 0.0284757 0.0566772 0.0843329 0.111176 0.136949 0.161403 0.184303 0.205427 0.224573 0.241557 0.256214 0.268404 0.278008 0.284936 0.289119 0.290518 0.289119 0.284936 0.278008 0.268404 0.256214 0.241557 0.224573 0.205427 0.184303 0.161403 0.136949 0.111176 0.0843329 0.0566772 0.0284757 3.55496e-17 
0 0.0375397 0.0747178 0.111176 0.146564 0.180541 0.212778 0.242967 0.270815 0.296056 0.318445 0.337768 0.353837 0.366499 0.375632 0.381147 0.382991 0.381147 0.375632 0.366499 0.353837 0.337768 0.318445 0.296056 0.270815 0.242967 0.212778 0.180541 0.146564 0.111176 0.0747178 0.0375397 4.68652e-17 
0 0.0462421 0.0920388 0.136949 0.180541 0.222393 0.262104 0.299291 0.333596 0.364687 0.392267 0.416069 0.435864 0.451461 0.462711 0.469504 0.471776 0.469504 0.462711 0.451461 0.435864 0.416069 0.392267 0.364687 0.333596 0.299291 0.262104 0.222393 0.180541 0.136949 0.0920388 0.0462421 5.77295e-17 
0 0.0544992 0.108473 0.161403 0.212778 0.262104 0.308906 0.352733 0.393163 0.429807 0.462311 0.490363 0.513692 0.532075 0.545333 0.553339 0.556017 0.553339 0.545333 0.532075 0.513692 0.490363 0.462311 0.429807 0.393163 0.352733 0.308906 0.262104 0.212778 0.161403 0.108473 0.0544992 6.80377e-17 
0 0.0622314 0.123863 0.184303 0.242967 0.299291 0.352733 0.402778 0.448944 0.490787 0.527903 0.559935 0.586574 0.607564 0.622704 0.631846 0.634903 0.631846 0.622704 0.607564 0.586574 0.559935 0.527903 0.490787 0.448944 0.402778 0.352733 0.299291 0.242967 0.184303 0.123863 0.0622314 7.76908e-17 
0 0.0693643 0.138061 0.205427 0.270815 0.333596 0.393163 0.448944 0.500402 0.54704 0.58841 0.624114 0.653806 0.677203 0.694077 0.704267 0.707675 0.704267 0.694077 0.677203 0.653806 0.624114 0.58841 0.54704 0.500402 0.448944 0.393163 0.333596 0.270815 0.205427 0.138061 0.0693643 8.65956e-17 
0 0.0758292 0.150928 0.224573 0.296056 0.364687 0.429807 0.490787 0.54704 0.598025 0.643251 0.682282 0.714742 0.740319 0.758767 0.769906 0.773632 0.769906 0.758767 0.740319 0.714742 0.682282 0.643251 0.598025 0.54704 0.490787 0.429807 0.364687 0.296056 0.224573 0.150928 0.0758292 9.46665e-17 
0 0.0815638 0.162342 0.241557 0.318445 0.392267 0.462311 0.527903 0.58841 0.643251 0.691897 0.73388 0.768795 0.796306 0.816148 0.828131 0.832138 0.828131 0.816148 0.796306 0.768795 0.73388 0.691897 0.643251 0.58841 0.527903 0.462311 0.392267 0.318445 0.241557 0.162342 0.0815638 1.01826e-16 
0 0.0865129 0.172193 0.256214 0.337768 0.416069 0.490363 0.559935 0.624114 0.682282 0.73388 0.77841 0.815444 0.844624 0.86567 0.87838 0.88263 0.87838 0.86567 0.844624 0.815444 0.77841 0.73388 0.682282 0.624114 0.559935 0.490363 0.416069 0.337768 0.256214 0.172193 0.0865129 1.08004e-16 
0 0.0906288 0.180385 0.268404 0.353837 0.435864 0.513692 0.586574 0.653806 0.714742 0.768795 0.815444 0.854239 0.884808 0.906856 0.92017 0.924622 0.92017 0.906856 0.884808 0.854239 0.815444 0.768795 0.714742 0.653806 0.586574 0.513692 0.435864 0.353837 0.268404 0.180385 0.0906288 1.13143e-16 
0 0.0938719 0.18684 0.278008 0.366499 0.451461 0.532075 0.607564 0.677203 0.740319 0.796306 0.844624 0.884808 0.916471 0.939307 0.953098 0.957709 0.953098 0.939307 0.916471 0.884808 0.844624 0.796306 0.740319 0.677203 0.607564 0.532075 0.451461 0.366499 0.278008 0.18684 0.0938719 1.17191e-16 
0 0.096211 0.191495 0.284936 0.375632 0.462711 0.545333 0.622704 0.694077 0.758767 0.816148 0.86567 0.906856 0.939307 0.962713 0.976847 0.981573 0.976847 0.962713 0.939307 0.906856 0.86567 0.816148 0.758767 0.694077 0.622704 0.545333 0.462711 0.375632 0.284936 0.191495 0.096211 1.20112e-16 
0 0.0976235 0.194307 0.289119 0.381147 0.469504 0.553339 0.631846 0.704267 0.769906 0.828131 0.87838 0.92017 0.953098 0.976847 0.991188 0.995984 0.991188 0.976847 0.953098 0.92017 0.87838 0.828131 0.769906 0.704267 0.631846 0.553339 0.469504 0.381147 0.289119 0.194307 0.0976235 1.21875e-16 
0 0.0980959 0.195247 0.290518 0.382991 0.471776 0.556017 0.634903 0.707675 0.773632 0.832138 0.88263 0.924622 0.957709 0.981573 0.995984 1.0008 0.995984 0.981573 0.957709 0.924622 0.88263 0.832138 0.773632 0.707675 0.634903 0.556017 0.471776 0.382991 0.290518 0.195247 0.0980959 1.22465e-16 
0 0.0976235 0.194307 0.289119 0.381147 0.469504 0.553339 0.631846 0.704267 0.769906 0.828131 0.87838 0.92017 0.953098 0.976847 0.991188 0.995984 0.991188 0.976847 0.953098 0.92017 0.87838 0.828131 0.769906 0.704267 0.631846 0.553339 0.469504 0.381147 0.289119 0.194307 0.0976235 1.21875e-16 
0 0.096211 0.191495 0.284936 0.375632 0.462711 0.545333 0.622704 0.694077 0.758767 0.816148 0.86567 0.906856 0.939307 0.962713 0.976847 0.981573 0.976847 0.962713 0.939307 0.906856 0.86567 0.816148 0.758767 0.694077 0.622704 0.545333 0.462711 0.375632 0.284936 0.191495 0.096211 1.20112e-16 
0 0.0938719 0.18684 0.278008 0.366499 0.451461 0.532075 0.607564 0.677203 0.740319 0.796306 0.844624 0.884808 0.916471 0.939307 0.953098 0.957709 0.953098 0.939307 0.916471 0.884808 0.844624 0.796306 0.740319 0.677203 0.607564 0.532075 0.451461 0.366499 0.278008 0.18684 0.0938719 1.17191e-16 
0 0.0906288 0.180385 0.268404 0.353837 0.435864 0.513692 0.586574 0.653806 0.714742 0.768795 0.815444 0.854239 0.884808 0.906856 0.92017 0.924622 0.92017 0.906856 0.884808 0.854239 0.815444 0.768795 0.714742 0.653806 0.586574 0.513692 0.435864 0.353837 0.268404 0.180385 0.0906288 1.13143e-16 
0 0.0865129 0.172193 0.256214 0.337768 0.416069 0.490363 0.559935 0.624114 0.682282 0.73388 0.77841 0.815444 0.844624 0.86567 0.87838 0.88263 0.87838 0.86567 0.844624 0.815444 0.77841 0.73388 0.682282 0.624114 0.559935 0.490363 0.416069 0.337768 0.256214 0.172193 0.0865129 1.08004e-16 
0 0.0815638 0.162342 0.241557 0.318445 0.392267 0.462311 0.527903 0.58841 0.643251 0.691897 0.73388 0.768795 0.796306 0.816148 0.828131 0.832138 0.828131 0.816148 0.796306 0.768795 0.73388 0.691897 0.643251 0.58841 0.527903 0.462311 0.392267 0.318445 0.241557 0.162342 0.0815638 1.01826e-16 
0 0.0758292 0.150928 0.224573 0.296056 0.364687 0.429807 0.490787 0.54704 0.598025 0.643251 0.682282 0.714742 0.740319 0.758767 0.769906 0.773632 0.769906 0.758767 0.740319 0.714742 0.682282 0.643251 0.598025 0.54704 0.490787 0.429807 0.364687 0.296056 0.224573 0.150928 0.0758292 9.46665e-17 
0 0.0693643 0.138061 0.205427 0.270815 0.333596 0.393163 0.448944 0.500402 0.54704 0.58841 0.624114 0.653806 0.677203 0.694077 0.704267 0.707675 0.704267 0.694077 0.677203 0.653806 0.624114 0.58841 0.54704 0.500402 0.448944 0.393163 0.333596 0.270815 0.205427 0.138061 0.0693643 8.65956e-17 
0 0.0622314 0.123863 0.184303 0.242967 0.299291 0.352733 0.402778 0.448944 0.490787 0.527903 0.559935 0.586574 0.607564 0.622704 0.631846 0.634903 0.631846 0.622704 0.607564 0.586574 0.559935 0.527903 0.490787 0.448944 0.402778 0.352733 0.299291 0.242967 0.184303 0.123863 0.0622314 7.76908e-17 
0 0.0544992 0.108473 0.161403 0.212778 0.262104 0.308906 0.352733 0.393163 0.429807 0.462311 0.490363 0.513692 0.532075 0.545333 0.553339 0.556017 0.553339 0.545333 0.532075 0.513692 0.490363 0.462311 0.429807 0.393163 0.352733 0.308906 0.262104 0.212778 0.161403 0.108473 0.0544992 6.80377e-17 
0 0.0462421 0.0920388 0.136949 0.180541 0.222393 0.262104 0.299291 0.333596 0.364687 0.392267 0.416069 0.435864 0.451461 0.462711 0.469504 0.471776 0.469504 0.462711 0.451461 0.435864 0.416069 0.392267 0.364687 0.333596 0.299291 0.262104 0.222393 0.180541 0.136949 0.0920388 0.0462421 5.77295e-17 
0 0.0375397 0.0747178 0.111176 0.146564 0.180541 0.212778 0.242967 0.270815 0.296056 0.318445 0.337768 0.353837 0.366499 0.375632 0.381147 0.382991 0.381147 0.375632 0.366499 0.353837 0.337768 0.318445 0.296056 0.270815 0.242967 0.212778 0.180541 0.146564 0.111176 0.0747178 0.0375397 4.68652e-17 
0 0.0284757 0.0566772 0.0843329 0.111176 0.136949 0.161403 0.184303 0.205427 0.224573 0.241557 0.256214 0.268404 0.278008 0.284936 0.289119 0.290518 0.289119 0.284936 0.278008 0.268404 0.256214 0.241557 0.224573 0.205427 0.184303 0.161403 0.136949 0.111176 0.0843329 0.0566772 0.0284757 3.55496e-17 
0 0.0191376 0.0380908 0.0566772 0.0747178 0.0920388 0.108473 0.123863 0.138061 0.150928 0.162342 0.172193 0.180385 0.18684 0.191495 0.194307 0.195247 0.194307 0.191495 0.18684 0.180385 0.172193 0.162342 0.150928 0.138061 0.123863 0.108473 0.0920388 0.0747178 0.0566772 0.0380908 0.0191376 2.38917e-17 
0 0.00961508 0.0191376 0.0284757 0.0375397 0.0462421 0.0544992 0.0622314 0.0693643 0.0758292 0.0815638 0.0865129 0.0906288 0.0938719 0.096211 0.0976235 0.0980959 0.0976235 0.096211 0.0938719 0.0906288 0.0865129 0.0815638 0.0758292 0.0693643 0.0622314 0.0544992 0.0462421 0.0375397 0.0284757 0.0191376 0.00961508 1.20036e-17 
0 1.20036e-17 2.38917e-17 3.55496e-17 4.68652e-17 5.77295e-17 6.80377e-17 7.76908e-17 8.65956e-17 9.46665e-17 1.01826e-16 1.08004e-16 1.13143e-16 1.17191e-16 1.20112e-16 1.21875e-16 1.22465e-16 1.21875e-16 1.20112e-16 1.17191e-16 1.13143e-16 1.08004e-16 1.01826e-16 9.46665e-17 8.65956e-17 7.76908e-17 6.80377e-17 5.77295e-17 4.68652e-17 3.55496e-17 2.38917e-17 1.20036e-17 1.49976e-32 
