0 0 0 0 0 0 0 0 0 0 0 0 0 0 0 0 0 
0 0 0 0 0 0 0 0.00335309 0.00229431 0.00149077 0.000931371 0.000558944 0.000319357 0.000171121 8.35136e-05 3.29576e-05 0 
0 0 0 0 0 0 0 0.00666069 0.00438165 0.00278472 0.00172037 0.00102518 0.000581492 0.00030843 0.000148446 5.77331e-05 0 
0 0 0 0 0 0 0 0.00975091 0.00588158 0.00363896 0.00222766 0.00131864 0.000739949 0.000385259 0.000180341 6.79991e-05 0 
0 0 0 0 0 0 0.0125135 0.00885141 0.00589224 0.00379669 0.00235968 0.00139604 0.000771601 0.000388682 0.000172259 6.07381e-05 0 
0 0 0 0 0 0.0117669 0.00984185 0.00742062 0.00521422 0.00346745 0.00217996 0.00127972 0.000685431 0.000322801 0.000126223 3.68239e-05 0 
0 0 0 0 0.0125135 0.00984185 0.00785652 0.00597677 0.00428226 0.00288069 0.00180304 0.00102847 0.000513065 0.000205154 5.17292e-05 4.67124e-07 0 
0 0.00335309 0.00666069 0.00975091 0.00885141 0.00742062 0.00597677 0.00457186 0.00328594 0.0021942 0.0013342 0.000708125 0.000294826 6.0011e-05 3.74562e-05 4.20922e-05 0 
0 0.00229431 0.00438165 0.00588158 0.00589224 0.00521422 0.00428226 0.00328594 0.0023381 0.00151397 0.000855632 0.000376754 6.96852e-05 8.76702e-05 0.000126614 8.40406e-05 0 
0 0.00149077 0.00278472 0.00363896 0.00379669 0.00346745 0.00288069 0.0021942 0.00151397 0.000910573 0.000426176 7.92862e-05 0.000130227 0.000216312 0.00020261 0.00011919 0 
0 0.000931371 0.00172037 0.00222766 0.00235968 0.00217996 0.00180304 0.0013342 0.000855632 0.000426176 8.33941e-05 0.000153801 0.000281987 0.00030993 0.000255465 0.00014277 0 
0 0.000558944 0.00102518 0.00131864 0.00139604 0.00127972 0.00102847 0.000708125 0.000376754 7.92862e-05 0.000153801 0.000305844 0.000372366 0.000358966 0.000279081 0.000151831 0 
0 0.000319357 0.000581492 0.000739949 0.000771601 0.000685431 0.000513065 0.000294826 6.96852e-05 0.000130227 0.000281987 0.000372366 0.000397208 0.000360199 0.000271341 0.00014534 0 
0 0.000171121 0.00030843 0.000385259 0.000388682 0.000322801 0.000205154 6.0011e-05 8.76702e-05 0.000216312 0.00030993 0.000358966 0.000360199 0.000316088 0.000233795 0.000124057 0 
0 8.35136e-05 0.000148446 0.000180341 0.000172259 0.000126223 5.17292e-05 3.74562e-05 0.000126614 0.00020261 0.000255465 0.000279081 0.000271341 0.000233795 0.000171095 9.02793e-05 0 
0 3.29576e-05 5.77331e-05 6.79991e-05 6.07381e-05 3.68239e-05 4.67124e-07 4.20922e-05 8.40406e-05 0.00011919 0.00014277 0.000151831 0.00014534 0.000124057 9.02793e-05 4.74938e-05 0 
0 0 0 0 0 0 0 0 0 0 0 0 0 0 0 0 0 
