0 3.8147e-06 3.05176e-05 0.000102997 0.000244141 0.000476837 0.000823975 0.00130844 0.00195312 0.00278091 0.0038147 0.00507736 0.0065918 0.00838089 0.0104675 0.0128746 0.015625 0.0187416 0.0222473 0.026165 0.0305176 0.0353279 0.0406189 0.0464134 0.0527344 0.0596046 0.0670471 0.0750847 0.0837402 0.0930367 0.102997 0.113644 0.125 0.137089 0.149933 0.163555 0.177979 0.193226 0.20932 0.226284 0.244141 0.262913 0.282623 0.303295 0.324951 0.347614 0.371307 0.396053 0.421875 0.448795 0.476837 0.506023 0.536377 0.567921 0.600677 0.63467 0.669922 0.706455 0.744293 0.783459 0.823975 0.865864 0.909149 0.953854 1 
3.8147e-06 0 0 0 0 0 0 0 0 0 0 0 0 0 0 0 0 0 0 0 0 0 0 0 0 0.0596078 0.0670509 0.0750886 0.0837442 0.0930406 0.103001 0.113648 0.125004 0.137093 0.149937 0.163559 0.177982 0.19323 0.209324 0.226288 0.244144 0.262917 0.282627 0.303299 0.324955 0.347618 0.371311 0.396057 0.421879 0.448799 0.476841 0.506027 0.536381 0.567925 0.600681 0.634674 0.669926 0.706459 0.744297 0.783463 0.823978 0.865868 0.909153 0.953857 1 
3.05176e-05 0 0 0 0 0 0 0 0 0 0 0 0 0 0 0 0 0 0 0 0 0 0 0 0 0 0.0670781 0.0751156 0.0837711 0.0930675 0.103028 0.113674 0.125031 0.137119 0.149963 0.163586 0.178009 0.193256 0.209351 0.226315 0.244171 0.262943 0.282654 0.303326 0.324982 0.347645 0.371338 0.396084 0.421906 0.448826 0.476868 0.506054 0.536407 0.567951 0.600708 0.634701 0.669952 0.706486 0.744324 0.783489 0.824005 0.865894 0.90918 0.953884 1.00003 
0.000102997 0 0 0 0 0 0 0 0 0 0 0 0 0 0 0 0 0 0 0 0 0 0 0 0 0 0.0671511 0.0751884 0.0838438 0.0931401 0.1031 0.113747 0.125103 0.137192 0.150036 0.163658 0.178082 0.193329 0.209423 0.226387 0.244244 0.263016 0.282726 0.303398 0.325054 0.347717 0.37141 0.396156 0.421978 0.448898 0.47694 0.506126 0.53648 0.568024 0.60078 0.634773 0.670025 0.706558 0.744396 0.783562 0.824078 0.865967 0.909252 0.953957 1.0001 
0.000244141 0 0 0 0 0 0 0 0 0 0 0 0 0 0 0 0 0 0 0 0 0 0 0 0 0 0.0672925 0.0753297 0.0839851 0.0932813 0.103241 0.113888 0.125244 0.137333 0.150177 0.163799 0.178223 0.19347 0.209564 0.226528 0.244385 0.263157 0.282867 0.303539 0.325195 0.347858 0.371552 0.396297 0.422119 0.449039 0.477081 0.506268 0.536621 0.568165 0.600922 0.634914 0.670166 0.706699 0.744537 0.783703 0.824219 0.866108 0.909393 0.954098 1.00024 
0.000476837 0 0 0 0 0 0 0 0 0 0 0 0 0 0 0 0 0 0 0 0 0 0 0 0 0 0.0675252 0.0755625 0.0842178 0.0935141 0.103474 0.114121 0.125477 0.137566 0.15041 0.164032 0.178456 0.193703 0.209797 0.226761 0.244618 0.26339 0.2831 0.303772 0.325428 0.348091 0.371784 0.39653 0.422352 0.449272 0.477314 0.5065 0.536854 0.568398 0.601154 0.635147 0.670399 0.706932 0.74477 0.783936 0.824451 0.866341 0.909626 0.95433 1.00048 
0.000823975 0 0 0 0 0 0 0 0 0 0 0 0 0 0 0 0 0 0 0 0 0 0 0 0 0 0.0678723 0.0759097 0.084565 0.0938613 0.103821 0.114468 0.125824 0.137913 0.150757 0.164379 0.178803 0.19405 0.210144 0.227108 0.244965 0.263737 0.283447 0.304119 0.325775 0.348438 0.372131 0.396877 0.422699 0.449619 0.477661 0.506847 0.537201 0.568745 0.601501 0.635494 0.670746 0.707279 0.745117 0.784283 0.824799 0.866688 0.909973 0.954678 1.00082 
0.00130844 0 0 0 0 0 0 0 0 0 0 0 0 0 0 0 0 0 0 0 0 0 0 0 0 0 0.0683568 0.0763941 0.0850495 0.0943457 0.104306 0.114953 0.126309 0.138398 0.151242 0.164864 0.179287 0.194534 0.210629 0.227593 0.245449 0.264221 0.283932 0.304604 0.32626 0.348923 0.372616 0.397362 0.423183 0.450104 0.478146 0.507332 0.537685 0.569229 0.601986 0.635979 0.67123 0.707764 0.745602 0.784767 0.825283 0.867172 0.910458 0.955162 1.00131 
0.00195312 0 0 0 0 0 0 0 0 0 0 0 0 0 0 0 0 0 0 0 0 0 0 0 0 0 0.0690015 0.0770388 0.0856941 0.0949904 0.10495 0.115597 0.126953 0.139042 0.151886 0.165509 0.179932 0.195179 0.211273 0.228237 0.246094 0.264866 0.284577 0.305248 0.326904 0.349567 0.373261 0.398006 0.423828 0.450748 0.47879 0.507977 0.53833 0.569874 0.602631 0.636623 0.671875 0.708408 0.746246 0.785412 0.825928 0.867817 0.911102 0.955807 1.00195 
0.00278091 0 0 0 0 0 0 0 0 0 0 0 0 0 0 0 0 0 0 0 0 0 0 0 0 0 0.0698292 0.0778664 0.0865218 0.0958181 0.105778 0.116425 0.127781 0.13987 0.152714 0.166336 0.18076 0.196007 0.212101 0.229065 0.246922 0.265694 0.285404 0.306076 0.327732 0.350395 0.374088 0.398834 0.424656 0.451576 0.479618 0.508804 0.539158 0.570702 0.603458 0.637451 0.672703 0.709236 0.747074 0.78624 0.826756 0.868645 0.91193 0.956635 1.00278 
0.0038147 0 0 0 0 0 0 0 0 0 0 0 0 0 0 0 0 0 0 0 0 0 0 0 0 0 0.0708627 0.0789 0.0875554 0.0968518 0.106812 0.117459 0.128815 0.140904 0.153748 0.16737 0.181793 0.197041 0.213135 0.230099 0.247955 0.266728 0.286438 0.30711 0.328766 0.351429 0.375122 0.399868 0.42569 0.45261 0.480652 0.509838 0.540192 0.571735 0.604492 0.638485 0.673737 0.71027 0.748108 0.787273 0.827789 0.869679 0.912964 0.957668 1.00381 
0.00507736 0 0 0 0 0 0 0 0 0 0 0 0 0 0 0 0 0 0 0 0 0 0 0 0 0 0.0721246 0.0801623 0.0888179 0.0981143 0.108075 0.118721 0.130078 0.142166 0.15501 0.168633 0.183056 0.198303 0.214398 0.231362 0.249218 0.26799 0.287701 0.308373 0.330029 0.352692 0.376385 0.401131 0.426952 0.453873 0.481915 0.511101 0.541454 0.572998 0.605755 0.639748 0.674999 0.711533 0.749371 0.788536 0.829052 0.870941 0.914227 0.958931 1.00508 
0.0065918 0 0 0 0 0 0 0 0 0 0 0 0 0 0 0 0 0 0 0 0 0 0 0 0 0.066193 0.073638 0.0816763 0.0903321 0.0996287 0.109589 0.120236 0.131592 0.143681 0.156525 0.170147 0.184571 0.199818 0.215912 0.232876 0.250733 0.269505 0.289215 0.309887 0.331543 0.354206 0.377899 0.402645 0.428467 0.455387 0.483429 0.512615 0.542969 0.574513 0.607269 0.641262 0.676514 0.713047 0.750885 0.790051 0.830566 0.872456 0.915741 0.960445 1.00659 
0.00838089 0 0 0 0 0 0 0 0 0 0 0 0 0 0 0 0 0 0 0 0 0 0 0 0 0.0679855 0.0754277 0.0834655 0.0921212 0.101418 0.111378 0.122025 0.133381 0.14547 0.158314 0.171936 0.18636 0.201607 0.217701 0.234665 0.252522 0.271294 0.291004 0.311676 0.333332 0.355995 0.379688 0.404434 0.430256 0.457176 0.485218 0.514404 0.544758 0.576302 0.609058 0.643051 0.678303 0.714836 0.752674 0.79184 0.832356 0.874245 0.91753 0.962234 1.00838 
0.0104675 0 0 0 0 0 0 0 0 0 0 0 0 0 0 0 0 0 0 0 0 0 0 0 0 0.0700722 0.0775147 0.0855523 0.094208 0.103504 0.113465 0.124111 0.135468 0.147557 0.160401 0.174023 0.188446 0.203694 0.219788 0.236752 0.254608 0.27338 0.293091 0.313763 0.335419 0.358082 0.381775 0.406521 0.432343 0.459263 0.487305 0.516491 0.546845 0.578388 0.611145 0.645138 0.680389 0.716923 0.754761 0.793926 0.834442 0.876331 0.919617 0.964321 1.01047 
0.0128746 0 0 0 0 0 0 0 0 0 0 0 0 0 0 0 0 0 0 0 0 0 0 0 0.0656084 0.0724793 0.0799219 0.0879595 0.0966151 0.105912 0.115872 0.126519 0.137875 0.149964 0.162808 0.17643 0.190853 0.206101 0.222195 0.239159 0.257015 0.275787 0.295498 0.31617 0.337826 0.360489 0.384182 0.408928 0.43475 0.46167 0.489712 0.518898 0.549252 0.580795 0.613552 0.647545 0.682797 0.71933 0.757168 0.796333 0.836849 0.878738 0.922024 0.966728 1.01287 
0.015625 0 0 0 0 0 0 0 0 0 0 0 0 0 0 0 0 0 0 0 0 0 0 0 0.0683596 0.0752301 0.0826726 0.0907101 0.0993656 0.108662 0.118622 0.129269 0.140625 0.152714 0.165558 0.17918 0.193604 0.208851 0.224945 0.241909 0.259766 0.278538 0.298248 0.31892 0.340576 0.363239 0.386932 0.411678 0.4375 0.46442 0.492462 0.521648 0.552002 0.583546 0.616303 0.650295 0.685547 0.72208 0.759918 0.799084 0.8396 0.881489 0.924774 0.969479 1.01562 
0.0187416 0 0 0 0 0 0 0 0 0 0 0 0 0 0 0 0 0 0 0 0 0 0 0.0651544 0.0714768 0.0783472 0.0857895 0.0938269 0.102482 0.111779 0.121739 0.132386 0.143742 0.155831 0.168675 0.182297 0.19672 0.211968 0.228062 0.245026 0.262882 0.281654 0.301365 0.322037 0.343693 0.366356 0.390049 0.414795 0.440617 0.467537 0.495579 0.524765 0.555119 0.586662 0.619419 0.653412 0.688664 0.725197 0.763035 0.8022 0.842716 0.884605 0.927891 0.972595 1.01874 
0.0222473 0 0 0 0 0 0 0 0 0 0 0 0 0 0 0 0 0 0 0 0 0 0.0628848 0.0686671 0.0749846 0.0818537 0.0892956 0.0973328 0.105988 0.115284 0.125245 0.135891 0.147248 0.159336 0.17218 0.185803 0.200226 0.215473 0.231568 0.248531 0.266388 0.28516 0.304871 0.325543 0.347199 0.369862 0.393555 0.418301 0.444122 0.471043 0.499085 0.528271 0.558624 0.590168 0.622925 0.656918 0.692169 0.728703 0.766541 0.805706 0.846222 0.888111 0.931396 0.976101 1.02225 
0.026165 0 0 0 0 0 0 0 0 0 0 0 0 0 0 0 0 0 0 0 0 0.0614948 0.0667908 0.0725831 0.0789022 0.0857714 0.0932133 0.101251 0.109906 0.119202 0.129162 0.139809 0.151165 0.163254 0.176098 0.18972 0.204144 0.219391 0.235485 0.252449 0.270306 0.289078 0.308788 0.32946 0.351116 0.373779 0.397472 0.422218 0.44804 0.47496 0.503002 0.532188 0.562542 0.594086 0.626843 0.660835 0.696087 0.73262 0.770458 0.809624 0.85014 0.892029 0.935314 0.980019 1.02617 
0.0305176 0 0 0 0 0 0 0 0 0 0 0 0 0 0 0 0 0 0 0 0.0610314 0.0658452 0.0711388 0.0769335 0.0832539 0.0901237 0.0975657 0.105603 0.114258 0.123555 0.133515 0.144162 0.155518 0.167607 0.180451 0.194073 0.208496 0.223744 0.239838 0.256802 0.274658 0.29343 0.313141 0.333813 0.355469 0.378132 0.401825 0.426571 0.452393 0.479313 0.507355 0.536541 0.566895 0.598438 0.631195 0.665188 0.700439 0.736973 0.774811 0.813976 0.854492 0.896381 0.939667 0.984371 1.03052 
0.0353279 0 0 0 0 0 0 0 0 0 0 0 0 0 0 0 0 0 0 0.0614856 0.0658414 0.0706543 0.0759471 0.0817423 0.0880634 0.0949335 0.102376 0.110413 0.119069 0.128365 0.138325 0.148972 0.160328 0.172417 0.185261 0.198883 0.213307 0.228554 0.244648 0.261612 0.279469 0.298241 0.317951 0.338623 0.360279 0.382942 0.406635 0.431381 0.457203 0.484123 0.512165 0.541351 0.571705 0.603249 0.636005 0.669998 0.70525 0.741783 0.779621 0.818787 0.859303 0.901192 0.944477 0.989182 1.03533 
0.0406189 0 0 0 0 0 0 0 0 0 0 0 0 0 0 0 0 0 0.0628568 0.0667778 0.0711327 0.0759448 0.0812371 0.0870324 0.0933537 0.100224 0.107666 0.115704 0.12436 0.133656 0.143616 0.154263 0.165619 0.177708 0.190552 0.204174 0.218598 0.233845 0.249939 0.266903 0.28476 0.303532 0.323242 0.343914 0.36557 0.388233 0.411926 0.436672 0.462494 0.489414 0.517456 0.546642 0.576996 0.60854 0.641296 0.675289 0.710541 0.747074 0.784912 0.824078 0.864594 0.906483 0.949768 0.994473 1.04062 
0.0464134 0 0 0 0 0 0 0 0 0 0 0 0 0 0 0 0 0.065154 0.0686565 0.0725744 0.076928 0.0817394 0.0870313 0.0928264 0.0991478 0.106018 0.113461 0.121498 0.130154 0.13945 0.14941 0.160057 0.171414 0.183502 0.196346 0.209969 0.224392 0.239639 0.255734 0.272698 0.290554 0.309326 0.329037 0.349709 0.371365 0.394028 0.417721 0.442467 0.468288 0.495209 0.523251 0.552437 0.58279 0.614334 0.647091 0.681084 0.716335 0.752869 0.790707 0.829872 0.870388 0.912277 0.955563 1.00027 1.04641 
0.0527344 0 0 0 0 0 0 0 0 0 0 0 0 0 0 0.065605 0.0683594 0.0714748 0.0749792 0.0788967 0.0832497 0.0880606 0.0933522 0.0991472 0.105468 0.112339 0.119782 0.127819 0.136475 0.145771 0.155731 0.166378 0.177734 0.189823 0.202667 0.21629 0.230713 0.24596 0.262055 0.279018 0.296875 0.315647 0.335358 0.35603 0.377686 0.400349 0.424042 0.448788 0.474609 0.50153 0.529572 0.558758 0.589111 0.620655 0.653412 0.687405 0.722656 0.75919 0.797028 0.836193 0.876709 0.918598 0.961884 1.00659 1.05273 
0.0596046 0.0596043 0 0 0 0 0 0 0 0 0 0 0.0661928 0.0679843 0.0700721 0.0724777 0.0752287 0.0783449 0.0818502 0.0857677 0.0901205 0.0949311 0.100222 0.106017 0.112339 0.119209 0.126652 0.134689 0.143345 0.152641 0.162602 0.173248 0.184605 0.196693 0.209538 0.22316 0.237583 0.252831 0.268925 0.285889 0.303745 0.322517 0.342228 0.3629 0.384556 0.407219 0.430912 0.455658 0.48148 0.5084 0.536442 0.565628 0.595982 0.627525 0.660282 0.694275 0.729527 0.76606 0.803898 0.843063 0.883579 0.925468 0.968754 1.01346 1.0596 
0.0670471 0.0670497 0.0670774 0.067149 0.0672897 0.0675223 0.0678695 0.068354 0.0689986 0.0698265 0.0708609 0.0721244 0.0736374 0.0754269 0.0775138 0.0799206 0.082671 0.0857875 0.089293 0.0932106 0.0975633 0.102374 0.107665 0.11346 0.119781 0.126651 0.134094 0.142132 0.150787 0.160084 0.170044 0.180691 0.192047 0.204136 0.21698 0.230602 0.245026 0.260273 0.276367 0.293331 0.311188 0.32996 0.34967 0.370342 0.391998 0.414661 0.438355 0.4631 0.488922 0.515842 0.543884 0.573071 0.603424 0.634968 0.667725 0.701717 0.736969 0.773502 0.81134 0.850506 0.891022 0.932911 0.976196 1.0209 1.06705 
0.0750847 0.075088 0.0751147 0.0751868 0.0753276 0.0755602 0.0759073 0.0763918 0.0770365 0.0778644 0.0788984 0.0801613 0.0816754 0.0834646 0.0855513 0.0879583 0.0907086 0.0938251 0.0973308 0.101248 0.105601 0.110412 0.115703 0.121497 0.127819 0.134689 0.142132 0.150169 0.158825 0.168121 0.178081 0.188728 0.200085 0.212173 0.225018 0.23864 0.253063 0.268311 0.284405 0.301369 0.319225 0.337997 0.357708 0.37838 0.400036 0.422699 0.446392 0.471138 0.49696 0.52388 0.551922 0.581108 0.611462 0.643005 0.675762 0.709755 0.745007 0.78154 0.819378 0.858543 0.899059 0.940948 0.984234 1.02894 1.07508 
0.0837402 0.0837437 0.0837702 0.0838425 0.0839834 0.084216 0.0845631 0.0850475 0.0856922 0.0865201 0.087554 0.0888167 0.0903311 0.0921202 0.0942068 0.0966139 0.0993642 0.102481 0.105986 0.109904 0.114257 0.119067 0.124358 0.130153 0.136474 0.143344 0.150787 0.158825 0.16748 0.176777 0.186737 0.197384 0.20874 0.220829 0.233673 0.247295 0.261719 0.276966 0.29306 0.310024 0.327881 0.346653 0.366364 0.387035 0.408691 0.431355 0.455048 0.479794 0.505615 0.532536 0.560577 0.589764 0.620117 0.651661 0.684418 0.71841 0.753662 0.790195 0.828033 0.867199 0.907715 0.949604 0.992889 1.03759 1.08374 
0.0930367 0.0930402 0.0930667 0.093139 0.09328 0.0935126 0.0938597 0.0943441 0.0949888 0.0958166 0.0968504 0.0981131 0.0996276 0.101417 0.103503 0.10591 0.108661 0.111777 0.115283 0.119201 0.123553 0.128364 0.133655 0.139449 0.14577 0.152641 0.160083 0.168121 0.176777 0.186073 0.196033 0.20668 0.218037 0.230125 0.242969 0.256592 0.271015 0.286262 0.302357 0.319321 0.337177 0.355949 0.37566 0.396332 0.417988 0.440651 0.464344 0.48909 0.514912 0.541832 0.569874 0.59906 0.629414 0.660957 0.693714 0.727707 0.762959 0.799492 0.83733 0.876495 0.917011 0.9589 1.00219 1.04689 1.09304 
0.102997 0.103 0.103027 0.103099 0.10324 0.103473 0.10382 0.104304 0.104949 0.105777 0.106811 0.108073 0.109588 0.111377 0.113464 0.115871 0.118621 0.121738 0.125243 0.129161 0.133514 0.138324 0.143615 0.14941 0.155731 0.162601 0.170044 0.178081 0.186737 0.196033 0.205993 0.21664 0.227997 0.240086 0.25293 0.266552 0.280975 0.296223 0.312317 0.329281 0.347137 0.36591 0.38562 0.406292 0.427948 0.450611 0.474304 0.49905 0.524872 0.551792 0.579834 0.60902 0.639374 0.670918 0.703674 0.737667 0.772919 0.809452 0.84729 0.886456 0.926971 0.968861 1.01215 1.05685 1.103 
0.113644 0.113647 0.113674 0.113746 0.113887 0.11412 0.114467 0.114951 0.115596 0.116424 0.117458 0.11872 0.120235 0.122024 0.12411 0.126517 0.129268 0.132384 0.13589 0.139808 0.144161 0.148971 0.154262 0.160057 0.166378 0.173248 0.18069 0.188728 0.197384 0.20668 0.21664 0.227287 0.238644 0.250732 0.263576 0.277199 0.291622 0.306869 0.322964 0.339928 0.357784 0.376556 0.396267 0.416939 0.438595 0.461258 0.484951 0.509697 0.535519 0.562439 0.590481 0.619667 0.650021 0.681564 0.714321 0.748314 0.783566 0.820099 0.857937 0.897102 0.937618 0.979507 1.02279 1.0675 1.11364 
0.125 0.125004 0.12503 0.125103 0.125244 0.125476 0.125823 0.126308 0.126952 0.12778 0.128814 0.130077 0.131591 0.13338 0.135467 0.137874 0.140624 0.143741 0.147247 0.151164 0.155517 0.160327 0.165618 0.171413 0.177734 0.184604 0.192047 0.200084 0.20874 0.218036 0.227997 0.238643 0.25 0.262089 0.274933 0.288555 0.302978 0.318226 0.33432 0.351284 0.369141 0.387913 0.407623 0.428295 0.449951 0.472614 0.496307 0.521053 0.546875 0.573795 0.601837 0.631023 0.661377 0.692921 0.725677 0.75967 0.794922 0.831455 0.869293 0.908459 0.948975 0.990864 1.03415 1.07885 1.125 
0.137089 0.137092 0.137119 0.137191 0.137333 0.137565 0.137912 0.138397 0.139041 0.139869 0.140903 0.142165 0.14368 0.145469 0.147556 0.149963 0.152713 0.15583 0.159335 0.163253 0.167606 0.172416 0.177707 0.183502 0.189823 0.196693 0.204136 0.212173 0.220829 0.230125 0.240085 0.250732 0.262089 0.274177 0.287022 0.300644 0.315067 0.330315 0.346409 0.363373 0.381229 0.400001 0.419712 0.440384 0.46204 0.484703 0.508396 0.533142 0.558964 0.585884 0.613926 0.643112 0.673466 0.705009 0.737766 0.771759 0.807011 0.843544 0.881382 0.920547 0.961063 1.00295 1.04624 1.09094 1.13709 
0.149933 0.149937 0.149963 0.150036 0.150177 0.150409 0.150756 0.151241 0.151885 0.152713 0.153747 0.15501 0.156524 0.158313 0.1604 0.162807 0.165557 0.168674 0.17218 0.176097 0.18045 0.18526 0.190551 0.196346 0.202667 0.209537 0.21698 0.225017 0.233673 0.242969 0.252929 0.263576 0.274933 0.287022 0.299866 0.313488 0.327911 0.343159 0.359253 0.376217 0.394073 0.412846 0.432556 0.453228 0.474884 0.497547 0.52124 0.545986 0.571808 0.598728 0.62677 0.655956 0.68631 0.717854 0.75061 0.784603 0.819855 0.856388 0.894226 0.933392 0.973907 1.0158 1.05908 1.10379 1.14993 
0.163555 0.163559 0.163586 0.163658 0.163799 0.164032 0.164379 0.164863 0.165508 0.166336 0.167369 0.168632 0.170146 0.171935 0.174022 0.176429 0.17918 0.182296 0.185802 0.18972 0.194072 0.198883 0.204174 0.209968 0.216289 0.223159 0.230602 0.23864 0.247295 0.256592 0.266552 0.277199 0.288555 0.300644 0.313488 0.32711 0.341534 0.356781 0.372875 0.389839 0.407696 0.426468 0.446178 0.46685 0.488506 0.511169 0.534862 0.559608 0.58543 0.61235 0.640392 0.669579 0.699932 0.731476 0.764233 0.798225 0.833477 0.87001 0.907848 0.947014 0.98753 1.02942 1.0727 1.11741 1.16356 
0.177979 0.177982 0.178009 0.178081 0.178222 0.178455 0.178802 0.179287 0.179931 0.180759 0.181793 0.183055 0.18457 0.186359 0.188446 0.190853 0.193603 0.19672 0.200225 0.204143 0.208496 0.213306 0.218597 0.224392 0.230713 0.237583 0.245025 0.253063 0.261718 0.271015 0.280975 0.291622 0.302978 0.315067 0.327911 0.341534 0.355957 0.371204 0.387299 0.404262 0.422119 0.440891 0.460602 0.481274 0.50293 0.525593 0.549286 0.574032 0.599853 0.626774 0.654816 0.684002 0.714355 0.745899 0.778656 0.812649 0.8479 0.884434 0.922272 0.961437 1.00195 1.04384 1.08713 1.13183 1.17798 
0.193226 0.19323 0.193256 0.193329 0.19347 0.193702 0.19405 0.194534 0.195179 0.196006 0.19704 0.198303 0.199817 0.201606 0.203693 0.2061 0.20885 0.211967 0.215473 0.21939 0.223743 0.228553 0.233844 0.239639 0.24596 0.25283 0.260273 0.26831 0.276966 0.286262 0.296222 0.306869 0.318226 0.330314 0.343159 0.356781 0.371204 0.386452 0.402546 0.41951 0.437366 0.456139 0.475849 0.496521 0.518177 0.54084 0.564533 0.589279 0.615101 0.642021 0.670063 0.699249 0.729603 0.761147 0.793903 0.827896 0.863148 0.899681 0.937519 0.976685 1.0172 1.05909 1.10238 1.14708 1.19323 
0.20932 0.209324 0.20935 0.209423 0.209564 0.209797 0.210144 0.210628 0.211273 0.212101 0.213134 0.214397 0.215911 0.217701 0.219787 0.222194 0.224945 0.228061 0.231567 0.235485 0.239837 0.244648 0.249939 0.255733 0.262054 0.268924 0.276367 0.284404 0.29306 0.302357 0.312317 0.322964 0.33432 0.346409 0.359253 0.372875 0.387298 0.402546 0.41864 0.435604 0.453461 0.472233 0.491943 0.512615 0.534271 0.556934 0.580627 0.605373 0.631195 0.658115 0.686157 0.715343 0.745697 0.777241 0.809998 0.84399 0.879242 0.915775 0.953613 0.992779 1.03329 1.07518 1.11847 1.16317 1.20932 
0.226284 0.226288 0.226314 0.226387 0.226528 0.226761 0.227108 0.227592 0.228237 0.229065 0.230098 0.231361 0.232875 0.234665 0.236751 0.239158 0.241909 0.245025 0.248531 0.252449 0.256801 0.261612 0.266903 0.272697 0.279018 0.285888 0.293331 0.301368 0.310024 0.31932 0.329281 0.339927 0.351284 0.363373 0.376217 0.389839 0.404262 0.41951 0.435604 0.452568 0.470425 0.489197 0.508907 0.529579 0.551235 0.573898 0.597591 0.622337 0.648159 0.675079 0.703121 0.732307 0.762661 0.794205 0.826962 0.860954 0.896206 0.932739 0.970577 1.00974 1.05026 1.09215 1.13543 1.18014 1.22628 
0.244141 0.244144 0.244171 0.244244 0.244385 0.244617 0.244964 0.245449 0.246093 0.246921 0.247955 0.249218 0.250732 0.252521 0.254608 0.257015 0.259765 0.262882 0.266388 0.270305 0.274658 0.279468 0.284759 0.290554 0.296875 0.303745 0.311187 0.319225 0.327881 0.337177 0.347137 0.357784 0.36914 0.381229 0.394073 0.407696 0.422119 0.437366 0.453461 0.470425 0.488281 0.507053 0.526764 0.547436 0.569092 0.591755 0.615448 0.640194 0.666016 0.692936 0.720978 0.750164 0.780518 0.812061 0.844818 0.878811 0.914062 0.950596 0.988434 1.0276 1.06812 1.11 1.15329 1.19799 1.24414 
0.262913 0.262917 0.262943 0.263016 0.263157 0.263389 0.263737 0.264221 0.264866 0.265693 0.266727 0.26799 0.269504 0.271293 0.27338 0.275787 0.278537 0.281654 0.28516 0.289077 0.29343 0.29824 0.303531 0.309326 0.315647 0.322517 0.32996 0.337997 0.346653 0.355949 0.365909 0.376556 0.387913 0.400001 0.412845 0.426468 0.440891 0.456139 0.472233 0.489197 0.507053 0.525825 0.545536 0.566208 0.587864 0.610527 0.63422 0.658966 0.684788 0.711708 0.73975 0.768936 0.79929 0.830833 0.86359 0.897583 0.932835 0.969368 1.00721 1.04637 1.08689 1.12878 1.17206 1.21677 1.26291 
0.282623 0.282627 0.282654 0.282726 0.282867 0.2831 0.283447 0.283932 0.284576 0.285404 0.286438 0.2877 0.289215 0.291004 0.293091 0.295498 0.298248 0.301365 0.30487 0.308788 0.313141 0.317951 0.323242 0.329036 0.335357 0.342228 0.34967 0.357708 0.366363 0.37566 0.38562 0.396267 0.407623 0.419712 0.432556 0.446178 0.460602 0.475849 0.491943 0.508907 0.526764 0.545536 0.565247 0.585918 0.607574 0.630238 0.653931 0.678677 0.704498 0.731419 0.75946 0.788647 0.819 0.850544 0.883301 0.917294 0.952545 0.989079 1.02692 1.06608 1.1066 1.14849 1.19177 1.23648 1.28262 
0.303295 0.303299 0.303326 0.303398 0.303539 0.303772 0.304119 0.304603 0.305248 0.306076 0.30711 0.308372 0.309887 0.311676 0.313762 0.316169 0.31892 0.322036 0.325542 0.32946 0.333812 0.338623 0.343914 0.349708 0.356029 0.3629 0.370342 0.37838 0.387035 0.396332 0.406292 0.416939 0.428295 0.440384 0.453228 0.46685 0.481274 0.496521 0.512615 0.529579 0.547436 0.566208 0.585918 0.60659 0.628246 0.650909 0.674602 0.699348 0.72517 0.75209 0.780132 0.809319 0.839672 0.871216 0.903973 0.937965 0.973217 1.00975 1.04759 1.08675 1.12727 1.16916 1.21244 1.25715 1.3033 
0.324951 0.324955 0.324982 0.325054 0.325195 0.325428 0.325775 0.326259 0.326904 0.327732 0.328766 0.330028 0.331543 0.333332 0.335418 0.337826 0.340576 0.343693 0.347198 0.351116 0.355469 0.360279 0.36557 0.371364 0.377685 0.384556 0.391998 0.400036 0.408691 0.417988 0.427948 0.438595 0.449951 0.46204 0.474884 0.488506 0.50293 0.518177 0.534271 0.551235 0.569092 0.587864 0.607574 0.628246 0.649902 0.672565 0.696259 0.721004 0.746826 0.773746 0.801788 0.830975 0.861328 0.892872 0.925629 0.959621 0.994873 1.03141 1.06924 1.10841 1.14893 1.19081 1.2341 1.2788 1.32495 
0.347614 0.347618 0.347645 0.347717 0.347858 0.348091 0.348438 0.348923 0.349567 0.350395 0.351429 0.352691 0.354206 0.355995 0.358082 0.360489 0.363239 0.366356 0.369861 0.373779 0.378132 0.382942 0.388233 0.394027 0.400348 0.407219 0.414661 0.422699 0.431354 0.440651 0.450611 0.461258 0.472614 0.484703 0.497547 0.511169 0.525593 0.54084 0.556934 0.573898 0.591755 0.610527 0.630238 0.650909 0.672565 0.695229 0.718922 0.743668 0.769489 0.79641 0.824451 0.853638 0.883991 0.915535 0.948292 0.982285 1.01754 1.05407 1.09191 1.13107 1.17159 1.21348 1.25676 1.30147 1.34761 
0.371307 0.371311 0.371338 0.37141 0.371551 0.371784 0.372131 0.372616 0.37326 0.374088 0.375122 0.376385 0.377899 0.379688 0.381775 0.384182 0.386932 0.390049 0.393554 0.397472 0.401825 0.406635 0.411926 0.417721 0.424042 0.430912 0.438354 0.446392 0.455047 0.464344 0.474304 0.484951 0.496307 0.508396 0.52124 0.534862 0.549286 0.564533 0.580627 0.597591 0.615448 0.63422 0.653931 0.674602 0.696258 0.718922 0.742615 0.767361 0.793182 0.820103 0.848145 0.877331 0.907684 0.939228 0.971985 1.00598 1.04123 1.07776 1.1156 1.15477 1.19528 1.23717 1.28046 1.32516 1.37131 
0.396053 0.396057 0.396084 0.396156 0.396297 0.39653 0.396877 0.397362 0.398006 0.398834 0.399868 0.401131 0.402645 0.404434 0.406521 0.408928 0.411678 0.414795 0.4183 0.422218 0.426571 0.431381 0.436672 0.442467 0.448788 0.455658 0.4631 0.471138 0.479793 0.48909 0.49905 0.509697 0.521053 0.533142 0.545986 0.559608 0.574032 0.589279 0.605373 0.622337 0.640194 0.658966 0.678677 0.699348 0.721004 0.743668 0.767361 0.792107 0.817928 0.844849 0.87289 0.902077 0.93243 0.963974 0.996731 1.03072 1.06598 1.10251 1.14035 1.17951 1.22003 1.26192 1.3052 1.34991 1.39605 
0.421875 0.421879 0.421905 0.421978 0.422119 0.422352 0.422699 0.423183 0.423828 0.424656 0.42569 0.426952 0.428467 0.430256 0.432342 0.434749 0.4375 0.440616 0.444122 0.44804 0.452392 0.457203 0.462494 0.468288 0.474609 0.481479 0.488922 0.49696 0.505615 0.514912 0.524872 0.535519 0.546875 0.558964 0.571808 0.58543 0.599853 0.615101 0.631195 0.648159 0.666016 0.684788 0.704498 0.72517 0.746826 0.769489 0.793182 0.817928 0.84375 0.87067 0.898712 0.927898 0.958252 0.989796 1.02255 1.05655 1.0918 1.12833 1.16617 1.20533 1.24585 1.28774 1.33102 1.37573 1.42188 
0.448795 0.448799 0.448826 0.448898 0.449039 0.449272 0.449619 0.450104 0.450748 0.451576 0.45261 0.453873 0.455387 0.457176 0.459263 0.46167 0.46442 0.467537 0.471042 0.47496 0.479313 0.484123 0.489414 0.495209 0.50153 0.5084 0.515842 0.52388 0.532535 0.541832 0.551792 0.562439 0.573795 0.585884 0.598728 0.61235 0.626774 0.642021 0.658115 0.675079 0.692936 0.711708 0.731419 0.75209 0.773746 0.79641 0.820103 0.844849 0.87067 0.897591 0.925632 0.954819 0.985172 1.01672 1.04947 1.08347 1.11872 1.15525 1.19309 1.23225 1.27277 1.31466 1.35794 1.40265 1.4488 
0.476837 0.476841 0.476868 0.47694 0.477081 0.477314 0.477661 0.478146 0.47879 0.479618 0.480652 0.481914 0.483429 0.485218 0.487305 0.489712 0.492462 0.495579 0.499084 0.503002 0.507355 0.512165 0.517456 0.52325 0.529571 0.536442 0.543884 0.551922 0.560577 0.569874 0.579834 0.590481 0.601837 0.613926 0.62677 0.640392 0.654816 0.670063 0.686157 0.703121 0.720978 0.73975 0.75946 0.780132 0.801788 0.824451 0.848144 0.87289 0.898712 0.925632 0.953674 0.982861 1.01321 1.04476 1.07751 1.11151 1.14676 1.18329 1.22113 1.2603 1.30081 1.3427 1.38599 1.43069 1.47684 
0.506023 0.506027 0.506054 0.506126 0.506267 0.5065 0.506847 0.507332 0.507976 0.508804 0.509838 0.511101 0.512615 0.514404 0.516491 0.518898 0.521648 0.524765 0.528271 0.532188 0.536541 0.541351 0.546642 0.552437 0.558758 0.565628 0.57307 0.581108 0.589764 0.59906 0.60902 0.619667 0.631023 0.643112 0.655956 0.669578 0.684002 0.699249 0.715343 0.732307 0.750164 0.768936 0.788647 0.809319 0.830975 0.853638 0.877331 0.902077 0.927898 0.954819 0.982861 1.01205 1.0424 1.07394 1.1067 1.14069 1.17595 1.21248 1.25032 1.28948 1.33 1.37189 1.41517 1.45988 1.50602 
0.536377 0.536381 0.536407 0.53648 0.536621 0.536854 0.537201 0.537685 0.53833 0.539158 0.540192 0.541454 0.542969 0.544758 0.546844 0.549251 0.552002 0.555118 0.558624 0.562542 0.566894 0.571705 0.576996 0.58279 0.589111 0.595981 0.603424 0.611462 0.620117 0.629414 0.639374 0.650021 0.661377 0.673466 0.68631 0.699932 0.714355 0.729603 0.745697 0.762661 0.780518 0.79929 0.819 0.839672 0.861328 0.883991 0.907684 0.93243 0.958252 0.985172 1.01321 1.0424 1.07275 1.1043 1.13705 1.17105 1.2063 1.24283 1.28067 1.31984 1.36035 1.40224 1.44553 1.49023 1.53638 
0.567921 0.567924 0.567951 0.568024 0.568165 0.568397 0.568745 0.569229 0.569874 0.570702 0.571735 0.572998 0.574512 0.576301 0.578388 0.580795 0.583546 0.586662 0.590168 0.594086 0.598438 0.603248 0.608539 0.614334 0.620655 0.627525 0.634968 0.643005 0.651661 0.660957 0.670917 0.681564 0.692921 0.705009 0.717853 0.731476 0.745899 0.761146 0.777241 0.794205 0.812061 0.830833 0.850544 0.871216 0.892872 0.915535 0.939228 0.963974 0.989796 1.01672 1.04476 1.07394 1.1043 1.13584 1.1686 1.20259 1.23784 1.27438 1.31221 1.35138 1.3919 1.43378 1.47707 1.52177 1.56792 
0.600677 0.600681 0.600708 0.60078 0.600922 0.601154 0.601501 0.601986 0.602631 0.603458 0.604492 0.605755 0.607269 0.609058 0.611145 0.613552 0.616302 0.619419 0.622925 0.626842 0.631195 0.636005 0.641296 0.647091 0.653412 0.660282 0.667725 0.675762 0.684418 0.693714 0.703674 0.714321 0.725677 0.737766 0.75061 0.764233 0.778656 0.793903 0.809998 0.826961 0.844818 0.86359 0.883301 0.903973 0.925629 0.948292 0.971985 0.996731 1.02255 1.04947 1.07751 1.1067 1.13705 1.1686 1.20135 1.23535 1.2706 1.30713 1.34497 1.38414 1.42465 1.46654 1.50983 1.55453 1.60068 
0.63467 0.634674 0.634701 0.634773 0.634914 0.635147 0.635494 0.635979 0.636623 0.637451 0.638485 0.639748 0.641262 0.643051 0.645138 0.647545 0.650295 0.653412 0.656917 0.660835 0.665188 0.669998 0.675289 0.681084 0.687405 0.694275 0.701717 0.709755 0.71841 0.727707 0.737667 0.748314 0.75967 0.771759 0.784603 0.798225 0.812649 0.827896 0.84399 0.860954 0.878811 0.897583 0.917294 0.937965 0.959621 0.982285 1.00598 1.03072 1.05655 1.08347 1.11151 1.14069 1.17105 1.20259 1.23535 1.26934 1.30459 1.34113 1.37896 1.41813 1.45864 1.50053 1.54382 1.58852 1.63467 
0.669922 0.669926 0.669952 0.670025 0.670166 0.670399 0.670746 0.67123 0.671875 0.672703 0.673737 0.674999 0.676514 0.678303 0.680389 0.682796 0.685547 0.688663 0.692169 0.696087 0.700439 0.70525 0.710541 0.716335 0.722656 0.729526 0.736969 0.745006 0.753662 0.762958 0.772919 0.783565 0.794922 0.807011 0.819855 0.833477 0.8479 0.863148 0.879242 0.896206 0.914062 0.932835 0.952545 0.973217 0.994873 1.01754 1.04123 1.06598 1.0918 1.11872 1.14676 1.17595 1.2063 1.23784 1.2706 1.30459 1.33984 1.37638 1.41422 1.45338 1.4939 1.53579 1.57907 1.62378 1.66992 
0.706455 0.706459 0.706486 0.706558 0.706699 0.706932 0.707279 0.707764 0.708408 0.709236 0.71027 0.711533 0.713047 0.714836 0.716923 0.71933 0.72208 0.725197 0.728702 0.73262 0.736973 0.741783 0.747074 0.752869 0.75919 0.76606 0.773502 0.78154 0.790195 0.799492 0.809452 0.820099 0.831455 0.843544 0.856388 0.87001 0.884434 0.899681 0.915775 0.932739 0.950596 0.969368 0.989078 1.00975 1.03141 1.05407 1.07776 1.10251 1.12833 1.15525 1.18329 1.21248 1.24283 1.27438 1.30713 1.34113 1.37638 1.41291 1.45075 1.48991 1.53043 1.57232 1.6156 1.66031 1.70646 
0.744293 0.744297 0.744324 0.744396 0.744537 0.74477 0.745117 0.745602 0.746246 0.747074 0.748108 0.749371 0.750885 0.752674 0.754761 0.757168 0.759918 0.763035 0.76654 0.770458 0.774811 0.779621 0.784912 0.790707 0.797028 0.803898 0.81134 0.819378 0.828033 0.83733 0.84729 0.857937 0.869293 0.881382 0.894226 0.907848 0.922272 0.937519 0.953613 0.970577 0.988434 1.00721 1.02692 1.04759 1.06924 1.09191 1.1156 1.14035 1.16617 1.19309 1.22113 1.25032 1.28067 1.31221 1.34497 1.37896 1.41422 1.45075 1.48859 1.52775 1.56827 1.61016 1.65344 1.69815 1.74429 
0.783459 0.783463 0.783489 0.783562 0.783703 0.783936 0.784283 0.784767 0.785412 0.78624 0.787273 0.788536 0.79005 0.79184 0.793926 0.796333 0.799084 0.8022 0.805706 0.809624 0.813976 0.818787 0.824078 0.829872 0.836193 0.843063 0.850506 0.858543 0.867199 0.876495 0.886455 0.897102 0.908459 0.920547 0.933392 0.947014 0.961437 0.976685 0.992779 1.00974 1.0276 1.04637 1.06608 1.08675 1.10841 1.13107 1.15477 1.17951 1.20533 1.23225 1.2603 1.28948 1.31984 1.35138 1.38414 1.41813 1.45338 1.48991 1.52775 1.56692 1.60743 1.64932 1.69261 1.73731 1.78346 
0.823975 0.823978 0.824005 0.824078 0.824219 0.824451 0.824799 0.825283 0.825928 0.826755 0.827789 0.829052 0.830566 0.832355 0.834442 0.836849 0.8396 0.842716 0.846222 0.85014 0.854492 0.859302 0.864593 0.870388 0.876709 0.883579 0.891022 0.899059 0.907715 0.917011 0.926971 0.937618 0.948975 0.961063 0.973907 0.98753 1.00195 1.0172 1.03329 1.05026 1.06812 1.08689 1.1066 1.12727 1.14893 1.17159 1.19528 1.22003 1.24585 1.27277 1.30081 1.33 1.36035 1.3919 1.42465 1.45864 1.4939 1.53043 1.56827 1.60743 1.64795 1.68984 1.73312 1.77783 1.82397 
0.865864 0.865868 0.865894 0.865967 0.866108 0.866341 0.866688 0.867172 0.867817 0.868645 0.869678 0.870941 0.872456 0.874245 0.876331 0.878738 0.881489 0.884605 0.888111 0.892029 0.896381 0.901192 0.906483 0.912277 0.918598 0.925468 0.932911 0.940948 0.949604 0.9589 0.968861 0.979507 0.990864 1.00295 1.0158 1.02942 1.04384 1.05909 1.07518 1.09215 1.11 1.12878 1.14849 1.16916 1.19081 1.21348 1.23717 1.26192 1.28774 1.31466 1.3427 1.37189 1.40224 1.43378 1.46654 1.50053 1.53579 1.57232 1.61016 1.64932 1.68984 1.73173 1.77501 1.81972 1.86586 
0.909149 0.909153 0.90918 0.909252 0.909393 0.909626 0.909973 0.910458 0.911102 0.91193 0.912964 0.914227 0.915741 0.91753 0.919617 0.922024 0.924774 0.927891 0.931396 0.935314 0.939667 0.944477 0.949768 0.955563 0.961884 0.968754 0.976196 0.984234 0.992889 1.00219 1.01215 1.02279 1.03415 1.04624 1.05908 1.0727 1.08713 1.10238 1.11847 1.13543 1.15329 1.17206 1.19177 1.21244 1.2341 1.25676 1.28046 1.3052 1.33102 1.35794 1.38599 1.41517 1.44553 1.47707 1.50983 1.54382 1.57907 1.6156 1.65344 1.69261 1.73312 1.77501 1.8183 1.863 1.90915 
0.953854 0.953857 0.953884 0.953957 0.954098 0.95433 0.954678 0.955162 0.955807 0.956635 0.957668 0.958931 0.960445 0.962234 0.964321 0.966728 0.969479 0.972595 0.976101 0.980019 0.984371 0.989182 0.994472 1.00027 1.00659 1.01346 1.0209 1.02894 1.03759 1.04689 1.05685 1.0675 1.07885 1.09094 1.10379 1.11741 1.13183 1.14708 1.16317 1.18014 1.19799 1.21677 1.23648 1.25715 1.2788 1.30147 1.32516 1.34991 1.37573 1.40265 1.43069 1.45988 1.49023 1.52177 1.55453 1.58852 1.62378 1.66031 1.69815 1.73731 1.77783 1.81972 1.863 1.90771 1.95385 
1 1 1.00003 1.0001 1.00024 1.00048 1.00082 1.00131 1.00195 1.00278 1.00381 1.00508 1.00659 1.00838 1.01047 1.01287 1.01562 1.01874 1.02225 1.02617 1.03052 1.03533 1.04062 1.04641 1.05273 1.0596 1.06705 1.07508 1.08374 1.09304 1.103 1.11364 1.125 1.13709 1.14993 1.16356 1.17798 1.19323 1.20932 1.22628 1.24414 1.26291 1.28262 1.3033 1.32495 1.34761 1.37131 1.39605 1.42188 1.4488 1.47684 1.50602 1.53638 1.56792 1.60068 1.63467 1.66992 1.70646 1.74429 1.78346 1.82397 1.86586 1.90915 1.95385 2 
