0 3.05176e-05 0.000244141 0.000823975 0.00195312 0.0038147 0.0065918 0.0104675 0.015625 0.0222473 0.0305176 0.0406189 0.0527344 0.0670471 0.0837402 0.102997 0.125 0.149933 0.177979 0.20932 0.244141 0.282623 0.324951 0.371307 0.421875 0.476837 0.536377 0.600677 0.669922 0.744293 0.823975 0.909149 1 
3.05176e-05 6.10352e-05 0.000274658 0.000854492 0.00198364 0.00384521 0.00662231 0.010498 0.0156555 0.0222778 0.0305481 0.0406494 0.0527649 0.0670776 0.0837708 0.103027 0.125031 0.149963 0.178009 0.209351 0.244171 0.282654 0.324982 0.371338 0.421906 0.476868 0.536407 0.600708 0.669952 0.744324 0.824005 0.90918 1.00003 
0.000244141 0.000274658 0.000488281 0.00106812 0.00219727 0.00405884 0.00683594 0.0107117 0.0158691 0.0224915 0.0307617 0.040863 0.0529785 0.0672913 0.0839844 0.103241 0.125244 0.150177 0.178223 0.209564 0.244385 0.282867 0.325195 0.371552 0.422119 0.477081 0.536621 0.600922 0.670166 0.744537 0.824219 0.909393 1.00024 
0.000823975 0.000854492 0.00106812 0.00164795 0.0027771 0.00463867 0.00741577 0.0112915 0.016449 0.0230713 0.0313416 0.0414429 0.0535583 0.0678711 0.0845642 0.103821 0.125824 0.150757 0.178802 0.210144 0.244965 0.283447 0.325775 0.372131 0.422699 0.477661 0.537201 0.601501 0.670746 0.745117 0.824799 0.909973 1.00082 
0.00195312 0.00198364 0.00219727 0.0027771 0.00390625 0.00576782 0.00854492 0.0124207 0.0175781 0.0242004 0.0324707 0.042572 0.0546875 0.0690002 0.0856934 0.10495 0.126953 0.151886 0.179932 0.211273 0.246094 0.284576 0.326904 0.37326 0.423828 0.47879 0.53833 0.602631 0.671875 0.746246 0.825928 0.911102 1.00195 
0.0038147 0.00384521 0.00405884 0.00463867 0.00576782 0.00762939 0.0104065 0.0142822 0.0194397 0.026062 0.0343323 0.0444336 0.0565491 0.0708618 0.0875549 0.106812 0.128815 0.153748 0.181793 0.213135 0.247955 0.286438 0.328766 0.375122 0.42569 0.480652 0.540192 0.604492 0.673737 0.748108 0.827789 0.912964 1.00381 
0.0065918 0.00662231 0.00683594 0.00741577 0.00854492 0.0104065 0.0131836 0.0170593 0.0222168 0.0288391 0.0371094 0.0472107 0.0593262 0.0736389 0.090332 0.109589 0.131592 0.156525 0.18457 0.215912 0.250732 0.289215 0.331543 0.377899 0.428467 0.483429 0.542969 0.607269 0.676514 0.750885 0.830566 0.915741 1.00659 
0.0104675 0.010498 0.0107117 0.0112915 0.0124207 0.0142822 0.0170593 0.0209351 0.0260925 0.0327148 0.0409851 0.0510864 0.0632019 0.0775146 0.0942078 0.113464 0.135468 0.1604 0.188446 0.219788 0.254608 0.293091 0.335419 0.381775 0.432343 0.487305 0.546844 0.611145 0.680389 0.754761 0.834442 0.919617 1.01047 
0.015625 0.0156555 0.0158691 0.016449 0.0175781 0.0194397 0.0222168 0.0260925 0.03125 0.0378723 0.0461426 0.0562439 0.0683594 0.0826721 0.0993652 0.118622 0.140625 0.165558 0.193604 0.224945 0.259766 0.298248 0.340576 0.386932 0.4375 0.492462 0.552002 0.616302 0.685547 0.759918 0.8396 0.924774 1.01562 
0.0222473 0.0222778 0.0224915 0.0230713 0.0242004 0.026062 0.0288391 0.0327148 0.0378723 0.0444946 0.0527649 0.0628662 0.0749817 0.0892944 0.105988 0.125244 0.147247 0.17218 0.200226 0.231567 0.266388 0.304871 0.347198 0.393555 0.444122 0.499084 0.558624 0.622925 0.692169 0.766541 0.846222 0.931396 1.02225 
0.0305176 0.0305481 0.0307617 0.0313416 0.0324707 0.0343323 0.0371094 0.0409851 0.0461426 0.0527649 0.0610352 0.0711365 0.083252 0.0975647 0.114258 0.133514 0.155518 0.18045 0.208496 0.239838 0.274658 0.313141 0.355469 0.401825 0.452393 0.507355 0.566895 0.631195 0.700439 0.774811 0.854492 0.939667 1.03052 
0.0406189 0.0406494 0.040863 0.0414429 0.042572 0.0444336 0.0472107 0.0510864 0.0562439 0.0628662 0.0711365 0.0812378 0.0933533 0.107666 0.124359 0.143616 0.165619 0.190552 0.218597 0.249939 0.28476 0.323242 0.36557 0.411926 0.462494 0.517456 0.576996 0.641296 0.710541 0.784912 0.864594 0.949768 1.04062 
0.0527344 0.0527649 0.0529785 0.0535583 0.0546875 0.0565491 0.0593262 0.0632019 0.0683594 0.0749817 0.083252 0.0933533 0.105469 0.119781 0.136475 0.155731 0.177734 0.202667 0.230713 0.262054 0.296875 0.335358 0.377686 0.424042 0.474609 0.529572 0.589111 0.653412 0.722656 0.797028 0.876709 0.961884 1.05273 
0.0670471 0.0670776 0.0672913 0.0678711 0.0690002 0.0708618 0.0736389 0.0775146 0.0826721 0.0892944 0.0975647 0.107666 0.119781 0.134094 0.150787 0.170044 0.192047 0.21698 0.245026 0.276367 0.311188 0.34967 0.391998 0.438354 0.488922 0.543884 0.603424 0.667725 0.736969 0.81134 0.891022 0.976196 1.06705 
0.0837402 0.0837708 0.0839844 0.0845642 0.0856934 0.0875549 0.090332 0.0942078 0.0993652 0.105988 0.114258 0.124359 0.136475 0.150787 0.16748 0.186737 0.20874 0.233673 0.261719 0.29306 0.327881 0.366364 0.408691 0.455048 0.505615 0.560577 0.620117 0.684418 0.753662 0.828033 0.907715 0.992889 1.08374 
0.102997 0.103027 0.103241 0.103821 0.10495 0.106812 0.109589 0.113464 0.118622 0.125244 0.133514 0.143616 0.155731 0.170044 0.186737 0.205994 0.227997 0.25293 0.280975 0.312317 0.347137 0.38562 0.427948 0.474304 0.524872 0.579834 0.639374 0.703674 0.772919 0.84729 0.926971 1.01215 1.103 
0.125 0.125031 0.125244 0.125824 0.126953 0.128815 0.131592 0.135468 0.140625 0.147247 0.155518 0.165619 0.177734 0.192047 0.20874 0.227997 0.25 0.274933 0.302979 0.33432 0.369141 0.407623 0.449951 0.496307 0.546875 0.601837 0.661377 0.725677 0.794922 0.869293 0.948975 1.03415 1.125 
0.149933 0.149963 0.150177 0.150757 0.151886 0.153748 0.156525 0.1604 0.165558 0.17218 0.18045 0.190552 0.202667 0.21698 0.233673 0.25293 0.274933 0.299866 0.327911 0.359253 0.394073 0.432556 0.474884 0.52124 0.571808 0.62677 0.68631 0.75061 0.819855 0.894226 0.973907 1.05908 1.14993 
0.177979 0.178009 0.178223 0.178802 0.179932 0.181793 0.18457 0.188446 0.193604 0.200226 0.208496 0.218597 0.230713 0.245026 0.261719 0.280975 0.302979 0.327911 0.355957 0.387299 0.422119 0.460602 0.50293 0.549286 0.599854 0.654816 0.714355 0.778656 0.8479 0.922272 1.00195 1.08713 1.17798 
0.20932 0.209351 0.209564 0.210144 0.211273 0.213135 0.215912 0.219788 0.224945 0.231567 0.239838 0.249939 0.262054 0.276367 0.29306 0.312317 0.33432 0.359253 0.387299 0.41864 0.453461 0.491943 0.534271 0.580627 0.631195 0.686157 0.745697 0.809998 0.879242 0.953613 1.03329 1.11847 1.20932 
0.244141 0.244171 0.244385 0.244965 0.246094 0.247955 0.250732 0.254608 0.259766 0.266388 0.274658 0.28476 0.296875 0.311188 0.327881 0.347137 0.369141 0.394073 0.422119 0.453461 0.488281 0.526764 0.569092 0.615448 0.666016 0.720978 0.780518 0.844818 0.914063 0.988434 1.06812 1.15329 1.24414 
0.282623 0.282654 0.282867 0.283447 0.284576 0.286438 0.289215 0.293091 0.298248 0.304871 0.313141 0.323242 0.335358 0.34967 0.366364 0.38562 0.407623 0.432556 0.460602 0.491943 0.526764 0.565247 0.607574 0.653931 0.704498 0.75946 0.819 0.883301 0.952545 1.02692 1.1066 1.19177 1.28262 
0.324951 0.324982 0.325195 0.325775 0.326904 0.328766 0.331543 0.335419 0.340576 0.347198 0.355469 0.36557 0.377686 0.391998 0.408691 0.427948 0.449951 0.474884 0.50293 0.534271 0.569092 0.607574 0.649902 0.696259 0.746826 0.801788 0.861328 0.925629 0.994873 1.06924 1.14893 1.2341 1.32495 
0.371307 0.371338 0.371552 0.372131 0.37326 0.375122 0.377899 0.381775 0.386932 0.393555 0.401825 0.411926 0.424042 0.438354 0.455048 0.474304 0.496307 0.52124 0.549286 0.580627 0.615448 0.653931 0.696259 0.742615 0.793182 0.848145 0.907684 0.971985 1.04123 1.1156 1.19528 1.28046 1.37131 
0.421875 0.421906 0.422119 0.422699 0.423828 0.42569 0.428467 0.432343 0.4375 0.444122 0.452393 0.462494 0.474609 0.488922 0.505615 0.524872 0.546875 0.571808 0.599854 0.631195 0.666016 0.704498 0.746826 0.793182 0.84375 0.898712 0.958252 1.02255 1.0918 1.16617 1.24585 1.33102 1.42188 
0.476837 0.476868 0.477081 0.477661 0.47879 0.480652 0.483429 0.487305 0.492462 0.499084 0.507355 0.517456 0.529572 0.543884 0.560577 0.579834 0.601837 0.62677 0.654816 0.686157 0.720978 0.75946 0.801788 0.848145 0.898712 0.953674 1.01321 1.07751 1.14676 1.22113 1.30081 1.38599 1.47684 
0.536377 0.536407 0.536621 0.537201 0.53833 0.540192 0.542969 0.546844 0.552002 0.558624 0.566895 0.576996 0.589111 0.603424 0.620117 0.639374 0.661377 0.68631 0.714355 0.745697 0.780518 0.819 0.861328 0.907684 0.958252 1.01321 1.07275 1.13705 1.2063 1.28067 1.36035 1.44553 1.53638 
0.600677 0.600708 0.600922 0.601501 0.602631 0.604492 0.607269 0.611145 0.616302 0.622925 0.631195 0.641296 0.653412 0.667725 0.684418 0.703674 0.725677 0.75061 0.778656 0.809998 0.844818 0.883301 0.925629 0.971985 1.02255 1.07751 1.13705 1.20135 1.2706 1.34497 1.42465 1.50983 1.60068 
0.669922 0.669952 0.670166 0.670746 0.671875 0.673737 0.676514 0.680389 0.685547 0.692169 0.700439 0.710541 0.722656 0.736969 0.753662 0.772919 0.794922 0.819855 0.8479 0.879242 0.914063 0.952545 0.994873 1.04123 1.0918 1.14676 1.2063 1.2706 1.33984 1.41422 1.4939 1.57907 1.66992 
0.744293 0.744324 0.744537 0.745117 0.746246 0.748108 0.750885 0.754761 0.759918 0.766541 0.774811 0.784912 0.797028 0.81134 0.828033 0.84729 0.869293 0.894226 0.922272 0.953613 0.988434 1.02692 1.06924 1.1156 1.16617 1.22113 1.28067 1.34497 1.41422 1.48859 1.56827 1.65344 1.74429 
0.823975 0.824005 0.824219 0.824799 0.825928 0.827789 0.830566 0.834442 0.8396 0.846222 0.854492 0.864594 0.876709 0.891022 0.907715 0.926971 0.948975 0.973907 1.00195 1.03329 1.06812 1.1066 1.14893 1.19528 1.24585 1.30081 1.36035 1.42465 1.4939 1.56827 1.64795 1.73312 1.82397 
0.909149 0.90918 0.909393 0.909973 0.911102 0.912964 0.915741 0.919617 0.924774 0.931396 0.939667 0.949768 0.961884 0.976196 0.992889 1.01215 1.03415 1.05908 1.08713 1.11847 1.15329 1.19177 1.2341 1.28046 1.33102 1.38599 1.44553 1.50983 1.57907 1.65344 1.73312 1.8183 1.90915 
1 1.00003 1.00024 1.00082 1.00195 1.00381 1.00659 1.01047 1.01562 1.02225 1.03052 1.04062 1.05273 1.06705 1.08374 1.103 1.125 1.14993 1.17798 1.20932 1.24414 1.28262 1.32495 1.37131 1.42188 1.47684 1.53638 1.60068 1.66992 1.74429 1.82397 1.90915 2 
