0 0.00195312 0.015625 0.0527344 0.125 0.244141 0.421875 0.669922 1 
0.00195312 0 0 0.0764246 0.135382 0.249838 0.425594 0.672601 1.00195 
0.015625 0 0.0422595 0.0810694 0.148858 0.264548 0.440092 0.686684 1.01562 
0.0527344 0.0764246 0.0810694 0.115329 0.184745 0.301436 0.477291 0.723889 1.05273 
0.125 0.135382 0.148858 0.184745 0.25539 0.372909 0.549215 0.796034 1.125 
0.244141 0.249838 0.264548 0.301436 0.372909 0.491065 0.667814 0.914938 1.24414 
0.421875 0.425594 0.440092 0.477291 0.549215 0.667814 0.844945 1.09239 1.42188 
0.669922 0.672601 0.686684 0.723889 0.796034 0.914938 1.09239 1.34014 1.66992 
1 1.00195 1.01562 1.05273 1.125 1.24414 1.42188 1.66992 2 
