0 0 0 0 0 0 0 0 0 0 0 0 0 0 0 0 0 0 0 0 0 0 0 0 0 0 0 0 0 0 0 0 0 
0 0.0081606 0.00989988 0.0112652 0.0123286 0.0131815 0.0138866 0.014484 0.0149998 0.0154514 0.015851 0.0162073 0.0165267 0.0168143 0.0170738 0.0173082 0.0175202 0.0177116 0.0178843 0.0180398 0.0181794 0.0183043 0.0184156 0.0185142 0.0186011 0.0186772 0.0187433 0.0188001 0.0188482 0.0188884 0.0189211 0.0189466 0 
0 0.00989988 0.0108406 0.0117815 0.0126189 0.0133426 0.0139674 0.0145108 0.0149879 0.0154104 0.0157874 0.0161259 0.0164313 0.0167079 0.0169591 0.0171875 0.0173956 0.0175852 0.0177578 0.017915 0.018058 0.0181877 0.0183053 0.0184117 0.0185076 0.0185937 0.0186709 0.0187398 0.0188008 0.0188546 0.0189014 0.0189417 0 
0 0.0112652 0.0117815 0.0124024 0.0130239 0.0136041 0.0141313 0.0146059 0.0150326 0.0154172 0.0157648 0.0160803 0.0163676 0.0166299 0.01687 0.0170903 0.0172926 0.0174786 0.0176498 0.0178074 0.0179525 0.018086 0.0182089 0.0183219 0.0184258 0.0185212 0.0186086 0.0186887 0.0187619 0.0188285 0.0188889 0.0189433 0 
0 0.0123286 0.0126189 0.0130239 0.0134718 0.0139209 0.0143503 0.0147517 0.0151228 0.0154643 0.0157782 0.0160669 0.0163329 0.0165784 0.0168053 0.0170154 0.0172103 0.0173914 0.0175598 0.0177165 0.0178626 0.0179989 0.0181261 0.0182448 0.0183557 0.0184594 0.0185562 0.0186467 0.0187311 0.0188099 0.0188832 0.0189513 0 
0 0.0131815 0.0133426 0.0136041 0.0139209 0.0142599 0.0146007 0.0149316 0.0152467 0.0155435 0.0158216 0.0160815 0.0163242 0.016551 0.0167631 0.0169616 0.0171478 0.0173227 0.0174871 0.017642 0.0177881 0.0179261 0.0180566 0.0181801 0.0182971 0.0184081 0.0185134 0.0186134 0.0187084 0.0187985 0.018884 0.018965 0 
0 0.0138866 0.0139674 0.0141313 0.0143503 0.0146007 0.0148651 0.0151319 0.0153939 0.0156471 0.0158893 0.0161197 0.0163383 0.0165454 0.0167416 0.0169275 0.017104 0.0172717 0.0174312 0.0175833 0.0177285 0.0178673 0.0180001 0.0181275 0.0182497 0.0183671 0.0184801 0.0185887 0.0186933 0.0187939 0.0188907 0.0189838 0 
0 0.014484 0.0145108 0.0146059 0.0147517 0.0149316 0.0151319 0.0153425 0.0155562 0.0157683 0.0159759 0.0161773 0.0163718 0.0165589 0.0167387 0.0169115 0.0170776 0.0172373 0.0173913 0.0175397 0.0176832 0.0178219 0.0179563 0.0180866 0.0182132 0.0183361 0.0184557 0.0185721 0.0186853 0.0187956 0.0189028 0.0190072 0 
0 0.0149998 0.0149879 0.0150326 0.0151228 0.0152467 0.0153939 0.0155562 0.0157269 0.0159016 0.0160768 0.0162506 0.0164216 0.016589 0.0167525 0.0169119 0.0170672 0.0172186 0.0173664 0.0175106 0.0176516 0.0177896 0.0179247 0.0180572 0.0181872 0.0183148 0.0184401 0.0185632 0.0186842 0.018803 0.0189198 0.0190344 0 
0 0.0154514 0.0154104 0.0154172 0.0154643 0.0155435 0.0156471 0.0157683 0.0159016 0.0160426 0.0161883 0.0163364 0.0164852 0.0166336 0.0167811 0.0169272 0.0170717 0.0172145 0.0173557 0.0174952 0.0176332 0.0177697 0.0179049 0.0180387 0.0181712 0.0183026 0.0184327 0.0185616 0.0186894 0.0188158 0.018941 0.0190649 0 
0 0.015851 0.0157874 0.0157648 0.0157782 0.0158216 0.0158893 0.0159759 0.0160768 0.0161883 0.0163075 0.0164319 0.0165601 0.0166907 0.0168229 0.0169561 0.0170899 0.017224 0.0173584 0.0174928 0.0176273 0.0177618 0.0178963 0.0180307 0.018165 0.0182992 0.0184332 0.0185669 0.0187003 0.0188333 0.0189658 0.0190978 0 
0 0.0162073 0.0161259 0.0160803 0.0160669 0.0160815 0.0161197 0.0161773 0.0162506 0.0163364 0.0164319 0.0165352 0.0166444 0.0167584 0.0168762 0.0169971 0.0171205 0.0172461 0.0173736 0.0175027 0.0176333 0.0177653 0.0178985 0.0180328 0.018168 0.0183042 0.0184411 0.0185786 0.0187167 0.0188551 0.0189937 0.0191326 0 
0 0.0165267 0.0164313 0.0163676 0.0163329 0.0163242 0.0163383 0.0163718 0.0164216 0.0164852 0.0165601 0.0166444 0.0167367 0.0168355 0.0169399 0.0170492 0.0171627 0.0172799 0.0174005 0.0175241 0.0176505 0.0177795 0.0179109 0.0180444 0.0181798 0.0183171 0.018456 0.0185963 0.0187378 0.0188805 0.0190241 0.0191686 0 
0 0.0168143 0.0167079 0.0166299 0.0165784 0.016551 0.0165454 0.0165589 0.016589 0.0166336 0.0166907 0.0167584 0.0168355 0.0169206 0.0170128 0.0171113 0.0172154 0.0173246 0.0174384 0.0175565 0.0176784 0.0178041 0.017933 0.0180651 0.0182 0.0183375 0.0184774 0.0186194 0.0187634 0.0189091 0.0190565 0.0192053 0 
0 0.0170738 0.0169591 0.01687 0.0168053 0.0167631 0.0167416 0.0167387 0.0167525 0.0167811 0.0168229 0.0168762 0.0169399 0.0170128 0.0170939 0.0171825 0.0172778 0.0173793 0.0174866 0.017599 0.0177164 0.0178383 0.0179644 0.0180944 0.018228 0.0183649 0.0185048 0.0186475 0.0187928 0.0189404 0.0190902 0.019242 0 
0 0.0173082 0.0171875 0.0170903 0.0170154 0.0169616 0.0169275 0.0169115 0.0169119 0.0169272 0.0169561 0.0169971 0.0170492 0.0171113 0.0171825 0.017262 0.0173492 0.0174435 0.0175444 0.0176513 0.0177639 0.0178817 0.0180045 0.0181318 0.0182634 0.0183988 0.0185379 0.0186803 0.0188257 0.018974 0.0191249 0.0192783 0 
0 0.0175202 0.0173956 0.0172926 0.0172103 0.0171478 0.017104 0.0170776 0.0170672 0.0170717 0.0170899 0.0171205 0.0171627 0.0172154 0.0172778 0.0173492 0.017429 0.0175165 0.0176112 0.0177126 0.0178203 0.0179338 0.0180528 0.0181769 0.0183058 0.018439 0.0185762 0.0187172 0.0188617 0.0190095 0.0191602 0.0193137 0 
0 0.0177116 0.0175852 0.0174786 0.0173914 0.0173227 0.0172717 0.0172373 0.0172186 0.0172145 0.017224 0.0172461 0.0172799 0.0173246 0.0173793 0.0174435 0.0175165 0.0175976 0.0176864 0.0177824 0.0178851 0.0179941 0.018109 0.0182293 0.0183547 0.0184848 0.0186194 0.018758 0.0189004 0.0190464 0.0191956 0.019348 0 
0 0.0178843 0.0177578 0.0176498 0.0175598 0.0174871 0.0174312 0.0173913 0.0173664 0.0173557 0.0173584 0.0173736 0.0174005 0.0174384 0.0174866 0.0175444 0.0176112 0.0176864 0.0177697 0.0178603 0.017958 0.0180621 0.0181724 0.0182884 0.0184098 0.0185361 0.0186671 0.0188023 0.0189415 0.0190845 0.0192309 0.0193807 0 
0 0.0180398 0.017915 0.0178074 0.0177165 0.017642 0.0175833 0.0175397 0.0175106 0.0174952 0.0174928 0.0175027 0.0175241 0.0175565 0.017599 0.0176513 0.0177126 0.0177824 0.0178603 0.0179457 0.0180383 0.0181374 0.0182428 0.018354 0.0184707 0.0185924 0.0187188 0.0188497 0.0189847 0.0191235 0.0192659 0.0194117 0 
0 0.0181794 0.018058 0.0179525 0.0178626 0.0177881 0.0177285 0.0176832 0.0176516 0.0176332 0.0176273 0.0176333 0.0176505 0.0176784 0.0177164 0.0177639 0.0178203 0.0178851 0.017958 0.0180383 0.0181256 0.0182195 0.0183197 0.0184256 0.0185369 0.0186533 0.0187745 0.0189 0.0190296 0.0191631 0.0193003 0.0194409 0 
0 0.0183043 0.0181877 0.018086 0.0179989 0.0179261 0.0178673 0.0178219 0.0177896 0.0177697 0.0177618 0.0177653 0.0177795 0.0178041 0.0178383 0.0178817 0.0179338 0.0179941 0.0180621 0.0181374 0.0182195 0.0183081 0.0184026 0.0185028 0.0186083 0.0187186 0.0188336 0.0189529 0.0190762 0.0192033 0.019334 0.019468 0 
0 0.0184156 0.0183053 0.0182089 0.0181261 0.0180566 0.0180001 0.0179563 0.0179247 0.0179049 0.0178963 0.0178985 0.0179109 0.017933 0.0179644 0.0180045 0.0180528 0.018109 0.0181724 0.0182428 0.0183197 0.0184026 0.0184913 0.0185853 0.0186843 0.018788 0.0188961 0.0190083 0.0191243 0.0192439 0.0193669 0.0194932 0 
0 0.0185142 0.0184117 0.0183219 0.0182448 0.0181801 0.0181275 0.0180866 0.0180572 0.0180387 0.0180307 0.0180328 0.0180444 0.0180651 0.0180944 0.0181318 0.0181769 0.0182293 0.0182884 0.018354 0.0184256 0.0185028 0.0185853 0.0186727 0.0187648 0.0188612 0.0189616 0.0190658 0.0191736 0.0192848 0.0193991 0.0195165 0 
0 0.0186011 0.0185076 0.0184258 0.0183557 0.0182971 0.0182497 0.0182132 0.0181872 0.0181712 0.018165 0.018168 0.0181798 0.0182 0.018228 0.0182634 0.0183058 0.0183547 0.0184098 0.0184707 0.0185369 0.0186083 0.0186843 0.0187648 0.0188494 0.0189379 0.01903 0.0191255 0.0192242 0.0193259 0.0194305 0.019538 0 
0 0.0186772 0.0185937 0.0185212 0.0184594 0.0184081 0.0183671 0.0183361 0.0183148 0.0183026 0.0182992 0.0183042 0.0183171 0.0183375 0.0183649 0.0183988 0.018439 0.0184848 0.0185361 0.0185924 0.0186533 0.0187186 0.018788 0.0188612 0.0189379 0.0190179 0.019101 0.0191871 0.0192759 0.0193674 0.0194614 0.0195578 0 
0 0.0187433 0.0186709 0.0186086 0.0185562 0.0185134 0.0184801 0.0184557 0.0184401 0.0184327 0.0184332 0.0184411 0.018456 0.0184774 0.0185048 0.0185379 0.0185762 0.0186194 0.0186671 0.0187188 0.0187745 0.0188336 0.0188961 0.0189616 0.01903 0.019101 0.0191746 0.0192505 0.0193287 0.0194091 0.0194917 0.0195762 0 
0 0.0188001 0.0187398 0.0186887 0.0186467 0.0186134 0.0185887 0.0185721 0.0185632 0.0185616 0.0185669 0.0185786 0.0185963 0.0186194 0.0186475 0.0186803 0.0187172 0.018758 0.0188023 0.0188497 0.0189 0.0189529 0.0190083 0.0190658 0.0191255 0.0191871 0.0192505 0.0193157 0.0193827 0.0194513 0.0195216 0.0195935 0 
0 0.0188482 0.0188008 0.0187619 0.0187311 0.0187084 0.0186933 0.0186853 0.0186842 0.0186894 0.0187003 0.0187167 0.0187378 0.0187634 0.0187928 0.0188257 0.0188617 0.0189004 0.0189415 0.0189847 0.0190296 0.0190762 0.0191243 0.0191736 0.0192242 0.0192759 0.0193287 0.0193827 0.0194377 0.0194939 0.0195513 0.0196098 0 
0 0.0188884 0.0188546 0.0188285 0.0188099 0.0187985 0.0187939 0.0187956 0.018803 0.0188158 0.0188333 0.0188551 0.0188805 0.0189091 0.0189404 0.018974 0.0190095 0.0190464 0.0190845 0.0191235 0.0191631 0.0192033 0.0192439 0.0192848 0.0193259 0.0193674 0.0194091 0.0194513 0.0194939 0.0195371 0.019581 0.0196256 0 
0 0.0189211 0.0189014 0.0188889 0.0188832 0.018884 0.0188907 0.0189028 0.0189198 0.018941 0.0189658 0.0189937 0.0190241 0.0190565 0.0190902 0.0191249 0.0191602 0.0191956 0.0192309 0.0192659 0.0193003 0.019334 0.0193669 0.0193991 0.0194305 0.0194614 0.0194917 0.0195216 0.0195513 0.019581 0.0196108 0.019641 0 
0 0.0189466 0.0189417 0.0189433 0.0189513 0.018965 0.0189838 0.0190072 0.0190344 0.0190649 0.0190978 0.0191326 0.0191686 0.0192053 0.019242 0.0192783 0.0193137 0.019348 0.0193807 0.0194117 0.0194409 0.019468 0.0194932 0.0195165 0.019538 0.0195578 0.0195762 0.0195935 0.0196098 0.0196256 0.019641 0.0196563 0 
0 0 0 0 0 0 0 0 0 0 0 0 0 0 0 0 0 0 0 0 0 0 0 0 0 0 0 0 0 0 0 0 0 
