0 0 0 0 0 0 0 0 0 
0 0.00189659 0.00350445 0.00457878 0.00495604 0.00457878 0.00350445 0.00189659 0 
0 0.00350445 0.00647537 0.00846048 0.00915756 0.00846048 0.00647537 0.00350445 0 
0 0.00457878 0.00846048 0.0110542 0.0119649 0.0110542 0.00846048 0.00457878 0 
0 0.00495604 0.00915756 0.0119649 0.0129507 0.0119649 0.00915756 0.00495604 0 
0 0.00457878 0.00846048 0.0110542 0.0119649 0.0110542 0.00846048 0.00457878 0 
0 0.00350445 0.00647537 0.00846048 0.00915756 0.00846048 0.00647537 0.00350445 0 
0 0.00189659 0.00350445 0.00457878 0.00495604 0.00457878 0.00350445 0.00189659 0 
0 0 0 0 0 0 0 0 0 
