0 0.000244141 0.00195312 0.0065918 0.015625 0.0305176 0.0527344 0.0837402 0.125 0.177979 0.244141 0.324951 0.421875 0.536377 0.669922 0.823975 1 
0.000244141 0 0 0 0 0 0.0563335 0.0861621 0.126714 0.179236 0.245093 0.325694 0.422468 0.536857 0.670312 0.824289 1.00024 
0.00195312 0 0 0 0 0 0.0600401 0.089579 0.129643 0.181805 0.247415 0.327842 0.424488 0.538779 0.672154 0.826062 1.00195 
0.0065918 0 0 0 0 0 0.0682983 0.0956538 0.135124 0.187039 0.252498 0.332813 0.429371 0.543589 0.676902 0.830753 1.00659 
0.015625 0 0 0 0 0.0521838 0.0746333 0.104262 0.144274 0.196307 0.261767 0.34205 0.438566 0.552741 0.686013 0.839825 1.01562 
0.0305176 0 0 0 0.0521838 0.0666483 0.0884371 0.118602 0.158979 0.211189 0.276723 0.357027 0.45354 0.5677 0.700951 0.854741 1.03052 
0.0527344 0.0563335 0.0600401 0.0682983 0.0746333 0.0884371 0.109978 0.140308 0.180895 0.233256 0.298881 0.379233 0.475767 0.589934 0.723184 0.876966 1.05273 
0.0837402 0.0861621 0.089579 0.0956538 0.104262 0.118602 0.140308 0.170799 0.211545 0.264033 0.329748 0.410159 0.50673 0.620918 0.75418 0.907969 1.08374 
0.125 0.126714 0.129643 0.135124 0.144274 0.158979 0.180895 0.211545 0.252424 0.305021 0.37082 0.451293 0.547908 0.662126 0.795409 0.949215 1.125 
0.177979 0.179236 0.181805 0.187039 0.196307 0.211189 0.233256 0.264033 0.305021 0.357711 0.423585 0.504117 0.600778 0.715032 0.848343 1.00217 1.17798 
0.244141 0.245093 0.247415 0.252498 0.261767 0.276723 0.298881 0.329748 0.37082 0.423585 0.489523 0.57011 0.666816 0.781108 0.914451 1.06831 1.24414 
0.324951 0.325694 0.327842 0.332813 0.34205 0.357027 0.379233 0.410159 0.451293 0.504117 0.57011 0.650745 0.747494 0.861824 0.995201 1.14909 1.32495 
0.421875 0.422468 0.424488 0.429371 0.438566 0.45354 0.475767 0.50673 0.547908 0.600778 0.666816 0.747494 0.844283 0.958649 1.09206 1.24598 1.42188 
0.536377 0.536857 0.538779 0.543589 0.552741 0.5677 0.589934 0.620918 0.662126 0.715032 0.781108 0.861824 0.958649 1.07305 1.2065 1.36045 1.53638 
0.669922 0.670312 0.672154 0.676902 0.686013 0.700951 0.723184 0.75418 0.795409 0.848343 0.914451 0.995201 1.09206 1.2065 1.33998 1.49396 1.66992 
0.823975 0.824289 0.826062 0.830753 0.839825 0.854741 0.876966 0.907969 0.949215 1.00217 1.06831 1.14909 1.24598 1.36045 1.49396 1.64798 1.82397 
1 1.00024 1.00195 1.00659 1.01562 1.03052 1.05273 1.08374 1.125 1.17798 1.24414 1.32495 1.42188 1.53638 1.66992 1.82397 2 
