0 0 0 0 0 0 0 0 0 0 0 0 0 0 0 0 0 
0 0.000122515 0.000240321 0.000348892 0.000444055 0.000522154 0.000580186 0.000615922 0.000627989 0.000615922 0.000580186 0.000522154 0.000444055 0.000348892 0.000240321 0.000122515 0 
0 0.000240321 0.000471406 0.000684376 0.000871046 0.00102424 0.00113808 0.00120817 0.00123184 0.00120817 0.00113808 0.00102424 0.000871046 0.000684376 0.000471406 0.000240321 0 
0 0.000348892 0.000684376 0.00099356 0.00126456 0.00148697 0.00165223 0.001754 0.00178836 0.001754 0.00165223 0.00148697 0.00126456 0.00099356 0.000684376 0.000348892 0 
0 0.000444055 0.000871046 0.00126456 0.00160948 0.00189255 0.00210289 0.00223242 0.00227615 0.00223242 0.00210289 0.00189255 0.00160948 0.00126456 0.000871046 0.000444055 0 
0 0.000522154 0.00102424 0.00148697 0.00189255 0.0022254 0.00247274 0.00262504 0.00267647 0.00262504 0.00247274 0.0022254 0.00189255 0.00148697 0.00102424 0.000522154 0 
0 0.000580186 0.00113808 0.00165223 0.00210289 0.00247274 0.00274756 0.00291679 0.00297394 0.00291679 0.00274756 0.00247274 0.00210289 0.00165223 0.00113808 0.000580186 0 
0 0.000615922 0.00120817 0.001754 0.00223242 0.00262504 0.00291679 0.00309645 0.00315711 0.00309645 0.00291679 0.00262504 0.00223242 0.001754 0.00120817 0.000615922 0 
0 0.000627989 0.00123184 0.00178836 0.00227615 0.00267647 0.00297394 0.00315711 0.00321896 0.00315711 0.00297394 0.00267647 0.00227615 0.00178836 0.00123184 0.000627989 0 
0 0.000615922 0.00120817 0.001754 0.00223242 0.00262504 0.00291679 0.00309645 0.00315711 0.00309645 0.00291679 0.00262504 0.00223242 0.001754 0.00120817 0.000615922 0 
0 0.000580186 0.00113808 0.00165223 0.00210289 0.00247274 0.00274756 0.00291679 0.00297394 0.00291679 0.00274756 0.00247274 0.00210289 0.00165223 0.00113808 0.000580186 0 
0 0.000522154 0.00102424 0.00148697 0.00189255 0.0022254 0.00247274 0.00262504 0.00267647 0.00262504 0.00247274 0.0022254 0.00189255 0.00148697 0.00102424 0.000522154 0 
0 0.000444055 0.000871046 0.00126456 0.00160948 0.00189255 0.00210289 0.00223242 0.00227615 0.00223242 0.00210289 0.00189255 0.00160948 0.00126456 0.000871046 0.000444055 0 
0 0.000348892 0.000684376 0.00099356 0.00126456 0.00148697 0.00165223 0.001754 0.00178836 0.001754 0.00165223 0.00148697 0.00126456 0.00099356 0.000684376 0.000348892 0 
0 0.000240321 0.000471406 0.000684376 0.000871046 0.00102424 0.00113808 0.00120817 0.00123184 0.00120817 0.00113808 0.00102424 0.000871046 0.000684376 0.000471406 0.000240321 0 
0 0.000122515 0.000240321 0.000348892 0.000444055 0.000522154 0.000580186 0.000615922 0.000627989 0.000615922 0.000580186 0.000522154 0.000444055 0.000348892 0.000240321 0.000122515 0 
0 0 0 0 0 0 0 0 0 0 0 0 0 0 0 0 0 
