0 0 0 0 0 0 0 0 0 
0 0.148343 0.274102 0.358132 0.387639 0.358132 0.274102 0.148343 4.68652e-17 
0 0.274102 0.506475 0.661742 0.716264 0.661742 0.506475 0.274102 8.65956e-17 
0 0.358132 0.661742 0.864608 0.935844 0.864608 0.661742 0.358132 1.13143e-16 
0 0.387639 0.716264 0.935844 1.01295 0.935844 0.716264 0.387639 1.22465e-16 
0 0.358132 0.661742 0.864608 0.935844 0.864608 0.661742 0.358132 1.13143e-16 
0 0.274102 0.506475 0.661742 0.716264 0.661742 0.506475 0.274102 8.65956e-17 
0 0.148343 0.274102 0.358132 0.387639 0.358132 0.274102 0.148343 4.68652e-17 
0 4.68652e-17 8.65956e-17 1.13143e-16 1.22465e-16 1.13143e-16 8.65956e-17 4.68652e-17 1.49976e-32 
