0 -0.00160612 -0.00233453 -0.00276432 -0.00306439 -0.00329503 -0.0034826 -0.00364077 -0.00377751 -0.00389792 -0.00400543 -0.00410249 -0.00419088 -0.00427197 -0.0043468 -0.00441619 -0.00448081 -0.0045412 -0.0045978 -0.00465098 -0.00470106 -0.00474828 -0.00479289 -0.00483507 -0.00487499 -0.00491281 -0.00494864 -0.00498262 -0.00501482 -0.00504536 -0.00507431 -0.00510174 -0.00512773 -0.00515234 -0.00517562 -0.00519764 -0.00521843 -0.00523804 -0.00525653 -0.00527393 -0.00529029 -0.00530563 -0.00532 -0.00533344 -0.00534597 -0.00535763 -0.00536846 -0.00537847 -0.00538772 -0.00539622 -0.005404 -0.00541109 -0.00541752 -0.00542332 -0.0054285 -0.0054331 -0.00543714 -0.00544064 -0.00544363 -0.00544611 -0.00544811 -0.00544965 -0.00545074 -0.00545139 -0.0054516 
-0.00160612 0.000363623 0.00232757 0.00437343 0.00647736 0.00861071 0.010752 0.0128856 0.0149992 0.0170832 0.019129 0.0211291 0.023077 0.0249662 0.0267912 0.0285465 0.0302271 0.0318283 0.0333455 0.0347748 0.0361122 0.0373541 0.0384971 0.0395383 0.0404748 0.0413041 0.0420241 0.0426328 0.0431285 0.0435099 0.043776 0.0439258 0.043959 0.0438753 0.0436748 0.0433578 0.0429252 0.0423777 0.0417166 0.0409435 0.04006 0.0390684 0.0379707 0.0367698 0.0354683 0.0340693 0.0325762 0.0309925 0.0293219 0.0275685 0.0257364 0.0238299 0.0218537 0.0198123 0.0177108 0.0155542 0.0133475 0.0110961 0.00880544 0.00648091 0.00412813 0.00175274 -0.000639556 -0.003043 -0.00545182 
-0.00233453 0.00232757 0.00688457 0.0114184 0.0159436 0.020451 0.0249257 0.0293521 0.0337153 0.0380014 0.0421975 0.0462916 0.050272 0.0541278 0.0578488 0.0614251 0.0648472 0.0681064 0.0711941 0.0741026 0.0768243 0.0793524 0.0816804 0.0838025 0.0857132 0.0874078 0.0888819 0.0901318 0.0911543 0.0919467 0.0925071 0.0928338 0.0929261 0.0927835 0.0924062 0.0917952 0.0909517 0.0898776 0.0885756 0.0870485 0.0853001 0.0833345 0.0811563 0.0787707 0.0761833 0.0734005 0.0704287 0.0672751 0.0639473 0.0604531 0.056801 0.0529998 0.0490585 0.0449866 0.0407939 0.0364904 0.0320864 0.0275926 0.0230197 0.0183787 0.0136808 0.00893733 0.0041596 -0.000640843 -0.00545246 
-0.00276432 0.00437343 0.0114184 0.0184028 0.0253353 0.0322093 0.0390107 0.0457227 0.0523275 0.0588076 0.0651455 0.0713247 0.0773291 0.083143 0.0887516 0.0941406 0.0992963 0.104206 0.108857 0.113238 0.117337 0.121146 0.124653 0.127851 0.130731 0.133287 0.135512 0.1374 0.138947 0.140148 0.141002 0.141505 0.141656 0.141455 0.140901 0.139998 0.138745 0.137147 0.135207 0.13293 0.130321 0.127386 0.124133 0.120568 0.116701 0.112541 0.108098 0.103382 0.0984049 0.0931784 0.0877152 0.0820284 0.0761316 0.0700389 0.063765 0.057325 0.0507344 0.044009 0.0371649 0.0302187 0.023187 0.0160868 0.00893519 0.0017493 -0.00545352 
-0.00306439 0.00647736 0.0159436 0.0253353 0.0346477 0.0438683 0.0529799 0.0619622 0.070794 0.0794535 0.087919 0.0961693 0.104184 0.111942 0.119425 0.126614 0.133492 0.14004 0.146243 0.152086 0.157554 0.162633 0.167312 0.171578 0.175421 0.178832 0.181802 0.184324 0.186391 0.187999 0.189143 0.189821 0.19003 0.189771 0.189044 0.187849 0.186191 0.184073 0.1815 0.178478 0.175014 0.171117 0.166796 0.162062 0.156924 0.151397 0.145493 0.139226 0.132612 0.125666 0.118405 0.110846 0.103008 0.0949088 0.0865689 0.078008 0.0692466 0.0603057 0.051207 0.0419723 0.0326238 0.023184 0.0136757 0.00412169 -0.00545498 
-0.00329503 0.00861071 0.020451 0.0322093 0.0438683 0.0554079 0.0668053 0.0780356 0.089073 0.0998914 0.110464 0.120766 0.130772 0.140457 0.149797 0.158769 0.167351 0.175523 0.183263 0.190554 0.197377 0.203715 0.209554 0.214878 0.219675 0.223932 0.22764 0.23079 0.233373 0.235383 0.236815 0.237666 0.237934 0.237617 0.236717 0.235235 0.233175 0.230542 0.227342 0.223582 0.219273 0.214423 0.209045 0.203151 0.196756 0.189875 0.182524 0.174721 0.166486 0.157837 0.148795 0.139382 0.129622 0.119537 0.109151 0.0984895 0.0875784 0.0764437 0.0651122 0.0536112 0.0419684 0.0302118 0.0183697 0.00647061 -0.00545684 
-0.0034826 0.010752 0.0249257 0.0390107 0.0529799 0.0668053 0.0804579 0.0939074 0.107123 0.120074 0.132729 0.145058 0.157031 0.168618 0.179793 0.190527 0.200793 0.210569 0.219828 0.228549 0.236711 0.244293 0.251277 0.257647 0.263385 0.268479 0.272917 0.276686 0.279778 0.282186 0.283903 0.284926 0.285251 0.284877 0.283806 0.28204 0.279584 0.276442 0.272622 0.268134 0.262989 0.257198 0.250776 0.243737 0.2361 0.227881 0.219102 0.209782 0.199945 0.189614 0.178813 0.16757 0.15591 0.143863 0.131456 0.11872 0.105686 0.0923839 0.078847 0.0651075 0.0511984 0.0371533 0.023006 0.00879042 -0.00545908 
-0.00364077 0.0128856 0.0293521 0.0457227 0.0619622 0.0780356 0.0939074 0.109542 0.124903 0.139954 0.15466 0.168986 0.182897 0.19636 0.209342 0.221812 0.233738 0.245094 0.25585 0.26598 0.275461 0.284269 0.292382 0.299781 0.306448 0.312367 0.317522 0.321903 0.325497 0.328296 0.330294 0.331485 0.331867 0.331437 0.330199 0.328153 0.325305 0.321662 0.317233 0.312027 0.306058 0.29934 0.291889 0.283723 0.274861 0.265325 0.255138 0.244324 0.232909 0.22092 0.208387 0.19534 0.18181 0.167829 0.153431 0.138651 0.123525 0.108088 0.0923783 0.0764334 0.0602916 0.0439918 0.0275733 0.0110755 -0.00546168 
-0.00377751 0.0149992 0.0337153 0.0523275 0.070794 0.089073 0.107123 0.124903 0.14237 0.159485 0.176207 0.192495 0.20831 0.223616 0.238374 0.252549 0.266107 0.279015 0.291242 0.302758 0.313534 0.323546 0.332769 0.34118 0.348759 0.355488 0.36135 0.366331 0.370418 0.373603 0.375876 0.377233 0.37767 0.377186 0.375782 0.373461 0.370229 0.366094 0.361065 0.355155 0.348377 0.340748 0.332286 0.323012 0.312947 0.302117 0.290546 0.278263 0.265298 0.251681 0.237446 0.222626 0.207257 0.191377 0.175023 0.158235 0.141053 0.123518 0.105674 0.0875616 0.069226 0.0507108 0.0320606 0.0133205 -0.00546462 
-0.00389792 0.0170832 0.0380014 0.0588076 0.0794535 0.0998914 0.120074 0.139954 0.159485 0.178621 0.197317 0.215527 0.233209 0.25032 0.266819 0.282665 0.297822 0.312251 0.325919 0.338792 0.350839 0.362032 0.372342 0.381744 0.390217 0.39774 0.404293 0.409863 0.414434 0.417995 0.420539 0.422058 0.42255 0.422012 0.420447 0.417857 0.414248 0.409631 0.404014 0.397413 0.389843 0.381321 0.371869 0.361509 0.350266 0.338167 0.325241 0.311519 0.297035 0.281823 0.265919 0.249362 0.232192 0.214451 0.19618 0.177424 0.158228 0.138638 0.118701 0.0984654 0.0779801 0.0572941 0.0364573 0.0155198 -0.00546787 
-0.00400543 0.019129 0.0421975 0.0651455 0.087919 0.110464 0.132729 0.15466 0.176207 0.197317 0.217941 0.238029 0.257534 0.276409 0.294608 0.312088 0.328806 0.344722 0.359798 0.373998 0.387286 0.399631 0.411004 0.421376 0.430722 0.43902 0.44625 0.452394 0.457437 0.461368 0.464176 0.465854 0.466399 0.465809 0.464085 0.461232 0.457256 0.452167 0.445977 0.438701 0.430356 0.420962 0.410542 0.399121 0.386727 0.373389 0.359139 0.344011 0.328043 0.311271 0.293738 0.275484 0.256555 0.236994 0.216851 0.196172 0.175008 0.153409 0.131429 0.109119 0.0865329 0.063726 0.0407527 0.0176683 -0.00547143 
-0.00410249 0.0211291 0.0462916 0.0713247 0.0961693 0.120766 0.145058 0.168986 0.192495 0.215527 0.238029 0.259947 0.281228 0.30182 0.321676 0.340747 0.358986 0.376351 0.392798 0.40829 0.422787 0.436256 0.448663 0.459979 0.470176 0.47923 0.487119 0.493823 0.499326 0.503616 0.506681 0.508514 0.509111 0.50847 0.506593 0.503483 0.499149 0.493601 0.486852 0.478918 0.469819 0.459576 0.448213 0.435759 0.422243 0.407698 0.392158 0.375661 0.358247 0.339957 0.320836 0.300929 0.280285 0.258954 0.236985 0.214434 0.191353 0.167798 0.143826 0.119495 0.0948638 0.0699908 0.0449364 0.0197608 -0.00547527 
-0.00419088 0.023077 0.050272 0.0773291 0.104184 0.130772 0.157031 0.182897 0.20831 0.233209 0.257534 0.281228 0.304232 0.326493 0.347957 0.368572 0.388289 0.40706 0.42484 0.441585 0.457257 0.471817 0.485229 0.497461 0.508485 0.518272 0.526801 0.534049 0.539999 0.544637 0.547952 0.549936 0.550583 0.549893 0.547866 0.544508 0.539826 0.533833 0.526541 0.517969 0.508137 0.497069 0.484791 0.471334 0.456729 0.441011 0.424219 0.406392 0.387574 0.36781 0.347147 0.325636 0.303327 0.280275 0.256536 0.232166 0.207223 0.181769 0.155864 0.129571 0.102953 0.0760736 0.0489984 0.0217923 -0.00547935 
-0.00427197 0.0249662 0.0541278 0.083143 0.111942 0.140457 0.168618 0.19636 0.223616 0.25032 0.276409 0.30182 0.326493 0.350369 0.373389 0.395498 0.416645 0.436776 0.455845 0.473805 0.490613 0.506228 0.520613 0.533733 0.545556 0.556053 0.565201 0.572975 0.579358 0.584334 0.587891 0.59002 0.590716 0.589978 0.587807 0.584208 0.57919 0.572765 0.564948 0.555758 0.545217 0.533351 0.520188 0.50576 0.490101 0.473249 0.455244 0.436131 0.415955 0.394764 0.372609 0.349544 0.325625 0.300909 0.275455 0.249325 0.222581 0.195289 0.167513 0.139321 0.11078 0.0819597 0.052929 0.0237578 -0.00548367 
-0.0043468 0.0267912 0.0578488 0.0887516 0.119425 0.149797 0.179793 0.209342 0.238374 0.266819 0.294608 0.321676 0.347957 0.373389 0.397909 0.42146 0.443985 0.465429 0.48574 0.504871 0.522774 0.539408 0.55473 0.568705 0.5813 0.592482 0.602226 0.610508 0.617308 0.62261 0.6264 0.62867 0.629413 0.628629 0.626318 0.622487 0.617145 0.610304 0.601981 0.592195 0.580971 0.568336 0.554319 0.538954 0.522279 0.504333 0.48516 0.464806 0.44332 0.420753 0.39716 0.372598 0.347125 0.320804 0.293697 0.26587 0.237389 0.208324 0.178745 0.148722 0.118327 0.087635 0.0567186 0.0256526 -0.00548819 
-0.00441619 0.0285465 0.0614251 0.0941406 0.126614 0.158769 0.190527 0.221812 0.252549 0.282665 0.312088 0.340747 0.368572 0.395498 0.42146 0.446395 0.470244 0.492948 0.514453 0.534709 0.553664 0.571275 0.587499 0.602296 0.61563 0.627471 0.637788 0.646558 0.653759 0.659373 0.663387 0.665792 0.666581 0.665752 0.663308 0.659254 0.6536 0.64636 0.63755 0.627193 0.615312 0.601937 0.5871 0.570836 0.553185 0.534189 0.513894 0.492348 0.469603 0.445715 0.42074 0.39474 0.367775 0.339913 0.311218 0.281761 0.251613 0.220845 0.189533 0.157751 0.125576 0.0930857 0.0603582 0.0274723 -0.0054929 
-0.00448081 0.0302271 0.0648472 0.0992963 0.133492 0.167351 0.200793 0.233738 0.266107 0.297822 0.328806 0.358986 0.388289 0.416645 0.443985 0.470244 0.495358 0.519268 0.541915 0.563246 0.583208 0.601754 0.618839 0.634422 0.648466 0.660935 0.671801 0.681037 0.688621 0.694535 0.698763 0.701297 0.702129 0.701258 0.698686 0.694419 0.688468 0.680845 0.671571 0.660666 0.648158 0.634076 0.618454 0.60133 0.582746 0.562745 0.541376 0.51869 0.494742 0.46959 0.443294 0.415918 0.387527 0.358189 0.327976 0.29696 0.265216 0.23282 0.199851 0.166387 0.132509 0.0982988 0.063839 0.0292123 -0.00549776 
-0.0045412 0.0318283 0.0681064 0.104206 0.14004 0.175523 0.210569 0.245094 0.279015 0.312251 0.344722 0.376351 0.40706 0.436776 0.465429 0.492948 0.519268 0.544325 0.56806 0.590414 0.611335 0.630772 0.648677 0.665008 0.679726 0.692795 0.704183 0.713863 0.721812 0.72801 0.732443 0.7351 0.735973 0.735062 0.732369 0.727899 0.721663 0.713677 0.70396 0.692534 0.679429 0.664674 0.648305 0.630363 0.610889 0.589932 0.56754 0.54377 0.518676 0.492321 0.464767 0.43608 0.406331 0.375589 0.343931 0.31143 0.278167 0.244221 0.209674 0.174608 0.139109 0.103262 0.0671526 0.0308687 -0.00550275 
-0.0045978 0.0333455 0.0711941 0.108857 0.146243 0.183263 0.219828 0.25585 0.291242 0.325919 0.359798 0.392798 0.42484 0.455845 0.48574 0.514453 0.541915 0.56806 0.592824 0.616149 0.637977 0.658257 0.67694 0.69398 0.709337 0.722973 0.734856 0.744957 0.753251 0.75972 0.764346 0.767119 0.768032 0.767083 0.764274 0.759612 0.753108 0.744777 0.73464 0.722721 0.709049 0.693657 0.676581 0.657863 0.637548 0.615684 0.592325 0.567526 0.541347 0.513852 0.485106 0.455179 0.424142 0.392072 0.359043 0.325137 0.290435 0.25502 0.218978 0.182396 0.145361 0.107962 0.0702911 0.0324372 -0.00550785 
-0.00465098 0.0347748 0.0741026 0.113238 0.152086 0.190554 0.228549 0.26598 0.302758 0.338792 0.373998 0.40829 0.441585 0.473805 0.504871 0.534709 0.563246 0.590414 0.616149 0.640387 0.663071 0.684145 0.70356 0.721268 0.737226 0.751397 0.763746 0.774243 0.782863 0.789586 0.794394 0.797277 0.798227 0.797242 0.794325 0.789482 0.782725 0.77407 0.763538 0.751154 0.736949 0.720956 0.703214 0.683765 0.662657 0.63994 0.615669 0.589902 0.562701 0.534132 0.504264 0.473168 0.440919 0.407596 0.373278 0.338047 0.30199 0.265192 0.227742 0.18973 0.151249 0.11239 0.0732469 0.0339143 -0.00551304 
-0.00470106 0.0361122 0.0768243 0.117337 0.157554 0.197377 0.236711 0.275461 0.313534 0.350839 0.387286 0.422787 0.457257 0.490613 0.522774 0.553664 0.583208 0.611335 0.637977 0.663071 0.686554 0.708373 0.728472 0.746805 0.763327 0.777998 0.790784 0.801652 0.810577 0.817537 0.822516 0.825502 0.826486 0.825468 0.822449 0.817437 0.810443 0.801484 0.790583 0.777764 0.76306 0.746505 0.728139 0.708007 0.686157 0.662641 0.637516 0.610843 0.582686 0.553112 0.522193 0.490003 0.456621 0.422125 0.386599 0.35013 0.312804 0.274711 0.235944 0.196595 0.156759 0.116533 0.0760128 0.0352964 -0.00551829 
-0.00474828 0.0373541 0.0793524 0.121146 0.162633 0.203715 0.244293 0.284269 0.323546 0.362032 0.399631 0.436256 0.471817 0.506228 0.539408 0.571275 0.601754 0.630772 0.658257 0.684145 0.708373 0.730882 0.751618 0.770532 0.787577 0.802713 0.815904 0.827117 0.836325 0.843507 0.848644 0.851725 0.852742 0.851693 0.848579 0.84341 0.836196 0.826955 0.81571 0.802488 0.78732 0.770243 0.751298 0.73053 0.70799 0.683732 0.657815 0.6303 0.601253 0.570746 0.538851 0.505645 0.471209 0.435624 0.398977 0.361355 0.322851 0.283555 0.243564 0.202972 0.161879 0.120382 0.0785824 0.0365801 -0.00552357 
-0.00479289 0.0384971 0.0816804 0.124653 0.167312 0.209554 0.251277 0.292382 0.332769 0.372342 0.411004 0.448663 0.485229 0.520613 0.55473 0.587499 0.618839 0.648677 0.67694 0.70356 0.728472 0.751618 0.772941 0.79239 0.809917 0.825482 0.839046 0.850576 0.860046 0.867431 0.872715 0.875884 0.87693 0.875852 0.872652 0.867338 0.859921 0.850421 0.83886 0.825265 0.80967 0.792112 0.772633 0.75128 0.728105 0.703164 0.676515 0.648225 0.61836 0.586992 0.554198 0.520056 0.484648 0.44806 0.410379 0.371697 0.332107 0.291703 0.250584 0.208847 0.166595 0.123928 0.0809493 0.0377623 -0.00552888 
-0.00483507 0.0395383 0.0838025 0.127851 0.171578 0.214878 0.257647 0.299781 0.34118 0.381744 0.421376 0.459979 0.497461 0.533733 0.568705 0.602296 0.634422 0.665008 0.69398 0.721268 0.746805 0.770532 0.79239 0.812326 0.830294 0.84625 0.860154 0.871975 0.881682 0.889253 0.89467 0.89792 0.898994 0.89789 0.89461 0.889163 0.881562 0.871825 0.859975 0.846041 0.830056 0.812059 0.792094 0.770207 0.746453 0.720888 0.693573 0.664575 0.633963 0.601811 0.568196 0.5332 0.496907 0.459403 0.42078 0.38113 0.340549 0.299135 0.256986 0.214206 0.170896 0.127162 0.0831079 0.0388403 -0.00553417 
-0.00487499 0.0404748 0.0857132 0.130731 0.175421 0.219675 0.263385 0.306448 0.348759 0.390217 0.430722 0.470176 0.508485 0.545556 0.5813 0.61563 0.648466 0.679726 0.709337 0.737226 0.763327 0.787577 0.809917 0.830294 0.848659 0.864966 0.879178 0.89126 0.901182 0.908921 0.914458 0.91778 0.918878 0.917751 0.9144 0.908834 0.901067 0.891116 0.879006 0.864766 0.84843 0.830038 0.809633 0.787266 0.762989 0.736862 0.708947 0.679311 0.648026 0.615167 0.580813 0.545047 0.507955 0.469627 0.430154 0.389632 0.348158 0.305832 0.262757 0.219035 0.174773 0.130076 0.0850529 0.0398114 -0.00553944 
-0.00491281 0.0413041 0.0874078 0.133287 0.178832 0.223932 0.268479 0.312367 0.355488 0.39774 0.43902 0.47923 0.518272 0.556053 0.592482 0.627471 0.660935 0.692795 0.722973 0.751397 0.777998 0.802713 0.825482 0.84625 0.864966 0.881587 0.896072 0.908385 0.918498 0.926386 0.93203 0.935416 0.936536 0.935388 0.931974 0.926303 0.918387 0.908247 0.895906 0.881394 0.864747 0.846003 0.825209 0.802415 0.777674 0.751048 0.722599 0.692397 0.660514 0.627027 0.592017 0.555567 0.517766 0.478705 0.438478 0.397181 0.354915 0.31178 0.267881 0.223324 0.178215 0.132664 0.0867798 0.0406732 -0.00554466 
-0.00494864 0.0420241 0.0888819 0.135512 0.181802 0.22764 0.272917 0.317522 0.36135 0.404293 0.44625 0.487119 0.526801 0.565201 0.602226 0.637788 0.671801 0.704183 0.734856 0.763746 0.790784 0.815904 0.839046 0.860154 0.879178 0.896072 0.910794 0.92331 0.933589 0.941607 0.947344 0.950786 0.951926 0.95076 0.947291 0.941527 0.933483 0.923177 0.910635 0.895886 0.878967 0.859918 0.838784 0.815617 0.790473 0.763411 0.734498 0.703802 0.671398 0.637364 0.601781 0.564736 0.526317 0.486618 0.445733 0.403761 0.360803 0.316964 0.272347 0.227061 0.181215 0.134919 0.0882843 0.0414238 -0.00554982 
-0.00498262 0.0426328 0.0901318 0.1374 0.184324 0.23079 0.276686 0.321903 0.366331 0.409863 0.452394 0.493823 0.534049 0.572975 0.610508 0.646558 0.681037 0.713863 0.744957 0.774243 0.801652 0.827117 0.850576 0.871975 0.89126 0.908385 0.92331 0.935998 0.946419 0.954547 0.960363 0.963853 0.965009 0.963828 0.960312 0.95447 0.946316 0.93587 0.923157 0.908207 0.891057 0.871748 0.850325 0.826842 0.801354 0.773922 0.744614 0.713499 0.680652 0.646152 0.610083 0.572531 0.533587 0.493345 0.4519 0.409355 0.36581 0.32137 0.276143 0.230238 0.183764 0.136835 0.0895628 0.0420614 -0.00555489 
-0.00501482 0.0431285 0.0911543 0.138947 0.186391 0.233373 0.279778 0.325497 0.370418 0.414434 0.457437 0.499326 0.539999 0.579358 0.617308 0.653759 0.688621 0.721812 0.753251 0.782863 0.810577 0.836325 0.860046 0.881682 0.901182 0.918498 0.933589 0.946419 0.956956 0.965175 0.971056 0.974586 0.975755 0.974561 0.971007 0.965101 0.956857 0.946296 0.933442 0.918328 0.900988 0.881464 0.859805 0.836062 0.810291 0.782556 0.752923 0.721463 0.688252 0.65337 0.616902 0.578934 0.539558 0.49887 0.456966 0.413949 0.369921 0.324989 0.279261 0.232847 0.185858 0.138409 0.0906123 0.0425843 -0.00555986 
-0.00504536 0.0435099 0.0919467 0.140148 0.187999 0.235383 0.282186 0.328296 0.373603 0.417995 0.461368 0.503616 0.544637 0.584334 0.62261 0.659373 0.694535 0.72801 0.75972 0.789586 0.817537 0.843507 0.867431 0.889253 0.908921 0.926386 0.941607 0.954547 0.965175 0.973465 0.979397 0.982958 0.984138 0.982934 0.97935 0.973394 0.96508 0.954429 0.941466 0.926222 0.908734 0.889045 0.8672 0.843254 0.817264 0.789291 0.759405 0.727676 0.694181 0.659001 0.622221 0.583928 0.544216 0.50318 0.460918 0.417533 0.373128 0.327812 0.281693 0.234881 0.187491 0.139636 0.0914303 0.0429913 -0.00556472 
-0.00507431 0.043776 0.0925071 0.141002 0.189143 0.236815 0.283903 0.330294 0.375876 0.420539 0.464176 0.506681 0.547952 0.587891 0.6264 0.663387 0.698763 0.732443 0.764346 0.794394 0.822516 0.848644 0.872715 0.89467 0.914458 0.93203 0.947344 0.960363 0.971056 0.979397 0.985366 0.988949 0.990137 0.988926 0.985321 0.979329 0.970966 0.96025 0.947209 0.931873 0.914279 0.89447 0.872493 0.848402 0.822254 0.794112 0.764044 0.732123 0.698425 0.663032 0.626028 0.587503 0.54755 0.506264 0.463746 0.420097 0.375423 0.329832 0.283432 0.236337 0.188659 0.140513 0.0920147 0.0432815 -0.00556944 
-0.00510174 0.0439258 0.0928338 0.141505 0.189821 0.237666 0.284926 0.331485 0.377233 0.422058 0.465854 0.508514 0.549936 0.59002 0.62867 0.665792 0.701297 0.7351 0.767119 0.797277 0.825502 0.851725 0.875884 0.89792 0.91778 0.935416 0.950786 0.963853 0.974586 0.982958 0.988949 0.992545 0.993738 0.992523 0.988906 0.982893 0.974499 0.963745 0.950657 0.935265 0.917608 0.897728 0.875671 0.851493 0.82525 0.797007 0.76683 0.734793 0.700973 0.665452 0.628314 0.589649 0.549551 0.508116 0.465443 0.421637 0.376801 0.331044 0.284476 0.23721 0.189359 0.141038 0.0923641 0.0434542 -0.00557402 
-0.00512773 0.043959 0.0929261 0.141656 0.19003 0.237934 0.285251 0.331867 0.37767 0.42255 0.466399 0.509111 0.550583 0.590716 0.629413 0.666581 0.702129 0.735973 0.768032 0.798227 0.826486 0.852742 0.87693 0.898994 0.918878 0.936536 0.951926 0.965009 0.975755 0.984138 0.990137 0.993738 0.994932 0.993717 0.990095 0.984075 0.975672 0.964905 0.951801 0.936392 0.918714 0.898809 0.876727 0.85252 0.826246 0.797968 0.767755 0.73568 0.70182 0.666255 0.629073 0.590362 0.550215 0.50873 0.466007 0.422147 0.377257 0.331445 0.284821 0.237498 0.189589 0.14121 0.0924778 0.0435089 -0.00557844 
-0.00515234 0.0438753 0.0927835 0.141455 0.189771 0.237617 0.284877 0.331437 0.377186 0.422012 0.465809 0.50847 0.549893 0.589978 0.628629 0.665752 0.701258 0.735062 0.767083 0.797242 0.825468 0.851693 0.875852 0.89789 0.917751 0.935388 0.95076 0.963828 0.974561 0.982934 0.988926 0.992523 0.993717 0.992503 0.988886 0.982874 0.974481 0.963728 0.95064 0.93525 0.917593 0.897713 0.875657 0.851479 0.825237 0.796994 0.766818 0.734781 0.700962 0.66544 0.628303 0.589639 0.549541 0.508106 0.465434 0.421627 0.376791 0.331035 0.284467 0.237201 0.18935 0.141029 0.0923554 0.0434455 -0.0055827 
-0.00517562 0.0436748 0.0924062 0.140901 0.189044 0.236717 0.283806 0.330199 0.375782 0.420447 0.464085 0.506593 0.547866 0.587807 0.626318 0.663308 0.698686 0.732369 0.764274 0.794325 0.822449 0.848579 0.872652 0.89461 0.9144 0.931974 0.947291 0.960312 0.971007 0.97935 0.985321 0.988906 0.990095 0.988886 0.985282 0.979292 0.97093 0.960216 0.947176 0.931841 0.914249 0.894441 0.872465 0.848375 0.822228 0.794087 0.76402 0.7321 0.698402 0.66301 0.626006 0.587482 0.547529 0.506244 0.463726 0.420078 0.375405 0.329814 0.283414 0.236319 0.188641 0.140495 0.0919972 0.0432642 -0.00558677 
-0.00519764 0.0433578 0.0917952 0.139998 0.187849 0.235235 0.28204 0.328153 0.373461 0.417857 0.461232 0.503483 0.544508 0.584208 0.622487 0.659254 0.694419 0.727899 0.759612 0.789482 0.817437 0.84341 0.867338 0.889163 0.908834 0.926303 0.941527 0.95447 0.965101 0.973394 0.979329 0.982893 0.984075 0.982874 0.979292 0.973339 0.965027 0.954378 0.941417 0.926175 0.908689 0.889001 0.867158 0.843213 0.817224 0.789254 0.759368 0.727641 0.694147 0.658968 0.622189 0.583897 0.544185 0.50315 0.460889 0.417504 0.3731 0.327785 0.281666 0.234855 0.187465 0.139609 0.0914042 0.0429653 -0.00559066 
-0.00521843 0.0429252 0.0909517 0.138745 0.186191 0.233175 0.279584 0.325305 0.370229 0.414248 0.457256 0.499149 0.539826 0.57919 0.617145 0.6536 0.688468 0.721663 0.753108 0.782725 0.810443 0.836196 0.859921 0.881562 0.901067 0.918387 0.933483 0.946316 0.956857 0.96508 0.970966 0.974499 0.975672 0.974481 0.97093 0.965027 0.956787 0.946228 0.933377 0.918265 0.900927 0.881406 0.859749 0.836008 0.810239 0.782506 0.752874 0.721416 0.688207 0.653326 0.616859 0.578892 0.539517 0.49883 0.456928 0.413911 0.369884 0.324953 0.279225 0.232811 0.185823 0.138374 0.0905777 0.0425497 -0.00559436 
-0.00523804 0.0423777 0.0898776 0.137147 0.184073 0.230542 0.276442 0.321662 0.366094 0.409631 0.452167 0.493601 0.533833 0.572765 0.610304 0.64636 0.680845 0.713677 0.744777 0.77407 0.801484 0.826955 0.850421 0.871825 0.891116 0.908247 0.923177 0.93587 0.946296 0.954429 0.96025 0.963745 0.964905 0.963728 0.960216 0.954378 0.946228 0.935786 0.923076 0.908129 0.890982 0.871675 0.850256 0.826775 0.801289 0.77386 0.744553 0.71344 0.680595 0.646097 0.61003 0.572479 0.533537 0.493295 0.451852 0.409307 0.365763 0.321325 0.276098 0.230194 0.183721 0.136792 0.0895197 0.0420183 -0.00559786 
-0.00525653 0.0417166 0.0885756 0.135207 0.1815 0.227342 0.272622 0.317233 0.361065 0.404014 0.445977 0.486852 0.526541 0.564948 0.601981 0.63755 0.671571 0.70396 0.73464 0.763538 0.790583 0.81571 0.83886 0.859975 0.879006 0.895906 0.910635 0.923157 0.933442 0.941466 0.947209 0.950657 0.951801 0.95064 0.947176 0.941417 0.933377 0.923076 0.910538 0.895793 0.878877 0.859831 0.838701 0.815537 0.790395 0.763336 0.734426 0.703732 0.67133 0.637298 0.601718 0.564674 0.526257 0.486559 0.445675 0.403705 0.360748 0.316909 0.272293 0.227008 0.181162 0.134867 0.0882327 0.0413724 -0.00560116 
-0.00527393 0.0409435 0.0870485 0.13293 0.178478 0.223582 0.268134 0.312027 0.355155 0.397413 0.438701 0.478918 0.517969 0.555758 0.592195 0.627193 0.660666 0.692534 0.722721 0.751154 0.777764 0.802488 0.825265 0.846041 0.864766 0.881394 0.895886 0.908207 0.918328 0.926222 0.931873 0.935265 0.936392 0.93525 0.931841 0.926175 0.918265 0.908129 0.895793 0.881286 0.864642 0.845903 0.825113 0.802321 0.777584 0.750961 0.722515 0.692316 0.660436 0.626951 0.591943 0.555495 0.517696 0.478637 0.438411 0.397116 0.354851 0.311717 0.267819 0.223262 0.178154 0.132604 0.0867199 0.0406136 -0.00560425 
-0.00529029 0.04006 0.0853001 0.130321 0.175014 0.219273 0.262989 0.306058 0.348377 0.389843 0.430356 0.469819 0.508137 0.545217 0.580971 0.615312 0.648158 0.679429 0.709049 0.736949 0.76306 0.78732 0.80967 0.830056 0.84843 0.864747 0.878967 0.891057 0.900988 0.908734 0.914279 0.917608 0.918714 0.917593 0.914249 0.908689 0.900927 0.890982 0.878877 0.864642 0.848311 0.829923 0.809523 0.78716 0.762887 0.736763 0.708851 0.679219 0.647936 0.61508 0.580729 0.544965 0.507875 0.469549 0.430078 0.389557 0.348085 0.305761 0.262686 0.218966 0.174704 0.130008 0.0849849 0.0397436 -0.00560713 
-0.00530563 0.0390684 0.0833345 0.127386 0.171117 0.214423 0.257198 0.29934 0.340748 0.381321 0.420962 0.459576 0.497069 0.533351 0.568336 0.601937 0.634076 0.664674 0.693657 0.720956 0.746505 0.770243 0.792112 0.812059 0.830038 0.846003 0.859918 0.871748 0.881464 0.889045 0.89447 0.897728 0.898809 0.897713 0.894441 0.889001 0.881406 0.871675 0.859831 0.845903 0.829923 0.811932 0.791971 0.770089 0.746339 0.720777 0.693466 0.664472 0.633863 0.601714 0.568103 0.533109 0.496818 0.459316 0.420695 0.381047 0.340468 0.299055 0.256908 0.214128 0.170819 0.127085 0.0830319 0.0387646 -0.0056098 
-0.00532 0.0379707 0.0811563 0.124133 0.166796 0.209045 0.250776 0.291889 0.332286 0.371869 0.410542 0.448213 0.484791 0.520188 0.554319 0.5871 0.618454 0.648305 0.676581 0.703214 0.728139 0.751298 0.772633 0.792094 0.809633 0.825209 0.838784 0.850325 0.859805 0.8672 0.872493 0.875671 0.876727 0.875657 0.872465 0.867158 0.859749 0.850256 0.838701 0.825113 0.809523 0.791971 0.772497 0.75115 0.727979 0.703042 0.676398 0.648111 0.61825 0.586886 0.554094 0.519955 0.48455 0.447964 0.410286 0.371606 0.332017 0.291615 0.250497 0.208761 0.16651 0.123844 0.0808655 0.0376788 -0.00561227 
-0.00533344 0.0367698 0.0787707 0.120568 0.162062 0.203151 0.243737 0.283723 0.323012 0.361509 0.399121 0.435759 0.471334 0.50576 0.538954 0.570836 0.60133 0.630363 0.657863 0.683765 0.708007 0.73053 0.75128 0.770207 0.787266 0.802415 0.815617 0.826842 0.836062 0.843254 0.848402 0.851493 0.85252 0.851479 0.848375 0.843213 0.836008 0.826775 0.815537 0.802321 0.78716 0.770089 0.75115 0.730388 0.707853 0.6836 0.657686 0.630176 0.601133 0.57063 0.538738 0.505535 0.471102 0.435519 0.398875 0.361255 0.322753 0.283459 0.243469 0.202879 0.161786 0.12029 0.078491 0.036489 -0.00561454 
-0.00534597 0.0354683 0.0761833 0.116701 0.156924 0.196756 0.2361 0.274861 0.312947 0.350266 0.386727 0.422243 0.456729 0.490101 0.522279 0.553185 0.582746 0.610889 0.637548 0.662657 0.686157 0.70799 0.728105 0.746453 0.762989 0.777674 0.790473 0.801354 0.810291 0.817264 0.822254 0.82525 0.826246 0.825237 0.822228 0.817224 0.810239 0.801289 0.790395 0.777584 0.762887 0.746339 0.727979 0.707853 0.686008 0.662497 0.637378 0.610709 0.582556 0.552986 0.522071 0.489885 0.456505 0.422012 0.386489 0.350022 0.312698 0.274607 0.235841 0.196493 0.156659 0.116434 0.0759141 0.035198 -0.0056166 
-0.00535763 0.0340693 0.0734005 0.112541 0.151397 0.189875 0.227881 0.265325 0.302117 0.338167 0.373389 0.407698 0.441011 0.473249 0.504333 0.534189 0.562745 0.589932 0.615684 0.63994 0.662641 0.683732 0.703164 0.720888 0.736862 0.751048 0.763411 0.773922 0.782556 0.789291 0.794112 0.797007 0.797968 0.796994 0.794087 0.789254 0.782506 0.77386 0.763336 0.750961 0.736763 0.720777 0.703042 0.6836 0.662497 0.639786 0.61552 0.589758 0.562562 0.533997 0.504133 0.47304 0.440795 0.407475 0.373159 0.337932 0.301876 0.26508 0.227632 0.189622 0.151141 0.112283 0.0731409 0.0338088 -0.00561846 
-0.00536846 0.0325762 0.0704287 0.108098 0.145493 0.182524 0.219102 0.255138 0.290546 0.325241 0.359139 0.392158 0.424219 0.455244 0.48516 0.513894 0.541376 0.56754 0.592325 0.615669 0.637516 0.657815 0.676515 0.693573 0.708947 0.722599 0.734498 0.744614 0.752923 0.759405 0.764044 0.76683 0.767755 0.766818 0.76402 0.759368 0.752874 0.744553 0.734426 0.722515 0.708851 0.693466 0.676398 0.657686 0.637378 0.61552 0.592166 0.567373 0.541199 0.513708 0.484966 0.455043 0.42401 0.391943 0.358917 0.325014 0.290314 0.254901 0.218861 0.18228 0.145246 0.107849 0.0701782 0.0323248 -0.00562014 
-0.00537847 0.0309925 0.0672751 0.103382 0.139226 0.174721 0.209782 0.244324 0.278263 0.311519 0.344011 0.375661 0.406392 0.436131 0.464806 0.492348 0.51869 0.54377 0.567526 0.589902 0.610843 0.6303 0.648225 0.664575 0.679311 0.692397 0.703802 0.713499 0.721463 0.727676 0.732123 0.734793 0.73568 0.734781 0.7321 0.727641 0.721416 0.71344 0.703732 0.692316 0.679219 0.664472 0.648111 0.630176 0.610709 0.589758 0.567373 0.543607 0.518519 0.492168 0.464619 0.435937 0.406191 0.375453 0.343797 0.3113 0.278039 0.244095 0.20955 0.174486 0.138988 0.103141 0.0670331 0.0307496 -0.00562163 
-0.00538772 0.0293219 0.0639473 0.0984049 0.132612 0.166486 0.199945 0.232909 0.265298 0.297035 0.328043 0.358247 0.387574 0.415955 0.44332 0.469603 0.494742 0.518676 0.541347 0.562701 0.582686 0.601253 0.61836 0.633963 0.648026 0.660514 0.671398 0.680652 0.688252 0.694181 0.698425 0.700973 0.70182 0.700962 0.698402 0.694147 0.688207 0.680595 0.67133 0.660436 0.647936 0.633863 0.61825 0.601133 0.582556 0.562562 0.541199 0.518519 0.494577 0.46943 0.443138 0.415766 0.387379 0.358045 0.327836 0.296823 0.265081 0.232688 0.19972 0.166258 0.132381 0.0981722 0.0637132 0.029087 -0.00562294 
-0.00539622 0.0275685 0.0604531 0.0931784 0.125666 0.157837 0.189614 0.22092 0.251681 0.281823 0.311271 0.339957 0.36781 0.394764 0.420753 0.445715 0.46959 0.492321 0.513852 0.534132 0.553112 0.570746 0.586992 0.601811 0.615167 0.627027 0.637364 0.646152 0.65337 0.659001 0.663032 0.665452 0.666255 0.66544 0.66301 0.658968 0.653326 0.646097 0.637298 0.626951 0.61508 0.601714 0.586886 0.57063 0.552986 0.533997 0.513708 0.492168 0.46943 0.445547 0.420577 0.394581 0.367621 0.339762 0.311071 0.281617 0.251471 0.220706 0.189396 0.157616 0.125442 0.0929531 0.0602264 0.0273409 -0.00562409 
-0.005404 0.0257364 0.056801 0.0877152 0.118405 0.148795 0.178813 0.208387 0.237446 0.265919 0.293738 0.320836 0.347147 0.372609 0.39716 0.42074 0.443294 0.464767 0.485106 0.504264 0.522193 0.538851 0.554198 0.568196 0.580813 0.592017 0.601781 0.610083 0.616902 0.622221 0.626028 0.628314 0.629073 0.628303 0.626006 0.622189 0.616859 0.61003 0.601718 0.591943 0.580729 0.568103 0.554094 0.538738 0.522071 0.504133 0.484966 0.464619 0.443138 0.420577 0.39699 0.372432 0.346964 0.320647 0.293543 0.265719 0.237242 0.208179 0.178602 0.148581 0.118188 0.0874966 0.056581 0.0255156 -0.00562508 
-0.00541109 0.0238299 0.0529998 0.0820284 0.110846 0.139382 0.16757 0.19534 0.222626 0.249362 0.275484 0.300929 0.325636 0.349544 0.372598 0.39474 0.415918 0.43608 0.455179 0.473168 0.490003 0.505645 0.520056 0.5332 0.545047 0.555567 0.564736 0.572531 0.578934 0.583928 0.587503 0.589649 0.590362 0.589639 0.587482 0.583897 0.578892 0.572479 0.564674 0.555495 0.544965 0.533109 0.519955 0.505535 0.489885 0.47304 0.455043 0.435937 0.415766 0.394581 0.372432 0.349372 0.325458 0.300745 0.275295 0.249168 0.222428 0.195138 0.167364 0.139174 0.110635 0.0818159 0.052786 0.0236153 -0.00562592 
-0.00541752 0.0218537 0.0490585 0.0761316 0.103008 0.129622 0.15591 0.18181 0.207257 0.232192 0.256555 0.280285 0.303327 0.325625 0.347125 0.367775 0.387527 0.406331 0.424142 0.440919 0.456621 0.471209 0.484648 0.496907 0.507955 0.517766 0.526317 0.533587 0.539558 0.544216 0.54755 0.549551 0.550215 0.549541 0.547529 0.544185 0.539517 0.533537 0.526257 0.517696 0.507875 0.496818 0.48455 0.471102 0.456505 0.440795 0.42401 0.406191 0.387379 0.367621 0.346964 0.325458 0.303154 0.280106 0.25637 0.232004 0.207064 0.181613 0.15571 0.129419 0.102803 0.0759247 0.0488504 0.0216448 -0.00562663 
-0.00542332 0.0198123 0.0449866 0.0700389 0.0949088 0.119537 0.143863 0.167829 0.191377 0.214451 0.236994 0.258954 0.280275 0.300909 0.320804 0.339913 0.358189 0.375589 0.392072 0.407596 0.422125 0.435624 0.44806 0.459403 0.469627 0.478705 0.486618 0.493345 0.49887 0.50318 0.506264 0.508116 0.50873 0.508106 0.506244 0.50315 0.49883 0.493295 0.486559 0.478637 0.469549 0.459316 0.447964 0.435519 0.422012 0.407475 0.391943 0.375453 0.358045 0.339762 0.320647 0.300745 0.280106 0.258779 0.236815 0.214267 0.191189 0.167637 0.143668 0.119339 0.0947089 0.0698372 0.0447837 0.0196087 -0.00562721 
-0.0054285 0.0177108 0.0407939 0.063765 0.0865689 0.109151 0.131456 0.153431 0.175023 0.19618 0.216851 0.236985 0.256536 0.275455 0.293697 0.311218 0.327976 0.343931 0.359043 0.373278 0.386599 0.398977 0.410379 0.42078 0.430154 0.438478 0.445733 0.4519 0.456966 0.460918 0.463746 0.465443 0.466007 0.465434 0.463726 0.460889 0.456928 0.451852 0.445675 0.438411 0.430078 0.420695 0.410286 0.398875 0.386489 0.373159 0.358917 0.343797 0.327836 0.311071 0.293543 0.275295 0.25637 0.236815 0.216675 0.196 0.174839 0.153244 0.131266 0.108958 0.0863736 0.063568 0.0405957 0.0175119 -0.00562768 
-0.0054331 0.0155542 0.0364904 0.057325 0.078008 0.0984895 0.11872 0.138651 0.158235 0.177424 0.196172 0.214434 0.232166 0.249325 0.26587 0.281761 0.29696 0.31143 0.325137 0.338047 0.35013 0.361355 0.371697 0.38113 0.389632 0.397181 0.403761 0.409355 0.413949 0.417533 0.420097 0.421637 0.422147 0.421627 0.420078 0.417504 0.413911 0.409307 0.403705 0.397116 0.389557 0.381047 0.371606 0.361255 0.350022 0.337932 0.325014 0.3113 0.296823 0.281617 0.265719 0.249168 0.232004 0.214267 0.196 0.177248 0.158055 0.138468 0.118534 0.0983004 0.0778168 0.0571322 0.0362964 0.0153595 -0.00562804 
-0.00543714 0.0133475 0.0320864 0.0507344 0.0692466 0.0875784 0.105686 0.123525 0.141053 0.158228 0.175008 0.191353 0.207223 0.222581 0.237389 0.251613 0.265216 0.278167 0.290435 0.30199 0.312804 0.322851 0.332107 0.340549 0.348158 0.354915 0.360803 0.36581 0.369921 0.373128 0.375423 0.376801 0.377257 0.376791 0.375405 0.3731 0.369884 0.365763 0.360748 0.354851 0.348085 0.340468 0.332017 0.322753 0.312698 0.301876 0.290314 0.278039 0.265081 0.251471 0.237242 0.222428 0.207064 0.191189 0.174839 0.158055 0.140876 0.123345 0.105503 0.087393 0.0690591 0.0505453 0.0318961 0.0131566 -0.00562832 
-0.00544064 0.0110961 0.0275926 0.044009 0.0603057 0.0764437 0.0923839 0.108088 0.123518 0.138638 0.153409 0.167798 0.181769 0.195289 0.208324 0.220845 0.23282 0.244221 0.25502 0.265192 0.274711 0.283555 0.291703 0.299135 0.305832 0.31178 0.316964 0.32137 0.324989 0.327812 0.329832 0.331044 0.331445 0.331035 0.329814 0.327785 0.324953 0.321325 0.316909 0.311717 0.305761 0.299055 0.291615 0.283459 0.274607 0.26508 0.254901 0.244095 0.232688 0.220706 0.208179 0.195138 0.181613 0.167637 0.153244 0.138468 0.123345 0.107911 0.0922042 0.0762615 0.0601215 0.0438231 0.0274056 0.0109085 -0.00562853 
-0.00544363 0.00880544 0.0230197 0.0371649 0.051207 0.0651122 0.078847 0.0923783 0.105674 0.118701 0.131429 0.143826 0.155864 0.167513 0.178745 0.189533 0.199851 0.209674 0.218978 0.227742 0.235944 0.243564 0.250584 0.256986 0.262757 0.267881 0.272347 0.276143 0.279261 0.281693 0.283432 0.284476 0.284821 0.284467 0.283414 0.281666 0.279225 0.276098 0.272293 0.267819 0.262686 0.256908 0.250497 0.243469 0.235841 0.227632 0.218861 0.20955 0.19972 0.189396 0.178602 0.167364 0.15571 0.143668 0.131266 0.118534 0.105503 0.0922042 0.07867 0.0649328 0.0510256 0.0369819 0.0228355 0.00862062 -0.00562867 
-0.00544611 0.00648091 0.0183787 0.0302187 0.0419723 0.0536112 0.0651075 0.0764334 0.0875616 0.0984654 0.109119 0.119495 0.129571 0.139321 0.148722 0.157751 0.166387 0.174608 0.182396 0.18973 0.196595 0.202972 0.208847 0.214206 0.219035 0.223324 0.227061 0.230238 0.232847 0.234881 0.236337 0.23721 0.237498 0.237201 0.236319 0.234855 0.232811 0.230194 0.227008 0.223262 0.218966 0.214128 0.208761 0.202879 0.196493 0.189622 0.18228 0.174486 0.166258 0.157616 0.148581 0.139174 0.129419 0.119339 0.108958 0.0983004 0.087393 0.0762615 0.0649328 0.0534341 0.0417932 0.030038 0.018197 0.00629848 -0.00562877 
-0.00544811 0.00412813 0.0136808 0.023187 0.0326238 0.0419684 0.0511984 0.0602916 0.069226 0.0779801 0.0865329 0.0948638 0.102953 0.11078 0.118327 0.125576 0.132509 0.139109 0.145361 0.151249 0.156759 0.161879 0.166595 0.170896 0.174773 0.178215 0.181215 0.183764 0.185858 0.187491 0.188659 0.189359 0.189589 0.18935 0.188641 0.187465 0.185823 0.183721 0.181162 0.178154 0.174704 0.170819 0.16651 0.161786 0.156659 0.151141 0.145246 0.138988 0.132381 0.125442 0.118188 0.110635 0.102803 0.0947089 0.0863736 0.0778168 0.0690591 0.0601215 0.0510256 0.0417932 0.0324466 0.0230083 0.013501 0.00394764 -0.00562882 
-0.00544965 0.00175274 0.00893733 0.0160868 0.023184 0.0302118 0.0371533 0.0439918 0.0507108 0.0572941 0.063726 0.0699908 0.0760736 0.0819597 0.087635 0.0930857 0.0982988 0.103262 0.107962 0.11239 0.116533 0.120382 0.123928 0.127162 0.130076 0.132664 0.134919 0.136835 0.138409 0.139636 0.140513 0.141038 0.14121 0.141029 0.140495 0.139609 0.138374 0.136792 0.134867 0.132604 0.130008 0.127085 0.123844 0.12029 0.116434 0.112283 0.107849 0.103141 0.0981722 0.0929531 0.0874966 0.0818159 0.0759247 0.0698372 0.063568 0.0571322 0.0505453 0.0438231 0.0369819 0.030038 0.0230083 0.0159096 0.008759 0.00157376 -0.00562885 
-0.00545074 -0.000639556 0.0041596 0.00893519 0.0136757 0.0183697 0.023006 0.0275733 0.0320606 0.0364573 0.0407527 0.0449364 0.0489984 0.052929 0.0567186 0.0603582 0.063839 0.0671526 0.0702911 0.0732469 0.0760128 0.0785824 0.0809493 0.0831079 0.0850529 0.0867798 0.0882843 0.0895628 0.0906123 0.0914303 0.0920147 0.0923641 0.0924778 0.0923554 0.0919972 0.0914042 0.0905777 0.0895197 0.0882327 0.0867199 0.0849849 0.0830319 0.0808655 0.078491 0.0759141 0.0731409 0.0701782 0.0670331 0.0637132 0.0602264 0.056581 0.052786 0.0488504 0.0447837 0.0405957 0.0362964 0.0318961 0.0274056 0.0228355 0.018197 0.013501 0.008759 0.00398235 -0.000817461 -0.00562886 
-0.00545139 -0.003043 -0.000640843 0.0017493 0.00412169 0.00647061 0.00879042 0.0110755 0.0133205 0.0155198 0.0176683 0.0197608 0.0217923 0.0237578 0.0256526 0.0274723 0.0292123 0.0308687 0.0324372 0.0339143 0.0352964 0.0365801 0.0377623 0.0388403 0.0398114 0.0406732 0.0414238 0.0420614 0.0425843 0.0429913 0.0432815 0.0434542 0.0435089 0.0434455 0.0432642 0.0429653 0.0425497 0.0420183 0.0413724 0.0406136 0.0397436 0.0387646 0.0376788 0.036489 0.035198 0.0338088 0.0323248 0.0307496 0.029087 0.0273409 0.0255156 0.0236153 0.0216448 0.0196087 0.0175119 0.0153595 0.0131566 0.0109085 0.00862062 0.00629848 0.00394764 0.00157376 -0.000817461 -0.00322026 -0.00562886 
-0.0054516 -0.00545182 -0.00545246 -0.00545352 -0.00545498 -0.00545684 -0.00545908 -0.00546168 -0.00546462 -0.00546787 -0.00547143 -0.00547527 -0.00547935 -0.00548367 -0.00548819 -0.0054929 -0.00549776 -0.00550275 -0.00550785 -0.00551304 -0.00551829 -0.00552357 -0.00552888 -0.00553417 -0.00553944 -0.00554466 -0.00554982 -0.00555489 -0.00555986 -0.00556472 -0.00556944 -0.00557402 -0.00557844 -0.0055827 -0.00558677 -0.00559066 -0.00559436 -0.00559786 -0.00560116 -0.00560425 -0.00560713 -0.0056098 -0.00561227 -0.00561454 -0.0056166 -0.00561846 -0.00562014 -0.00562163 -0.00562294 -0.00562409 -0.00562508 -0.00562592 -0.00562663 -0.00562721 -0.00562768 -0.00562804 -0.00562832 -0.00562853 -0.00562867 -0.00562877 -0.00562882 -0.00562885 -0.00562886 -0.00562886 -0.00562886 
