0 0 0 0 0 0 0 0 0 0 0 0 0 0 0 0 0 
0 0 0 0 0 0 0 0.00217769 0.00147021 0.00101286 0.000708081 0.000498481 0.000348509 0.000235899 0.000146336 7.01078e-05 0 
0 0 0 0 0 0 0 0.0038856 0.00269031 0.00187315 0.00132098 0.000937334 0.000659657 0.00044875 0.000279336 0.000134095 0 
0 0 0 0 0 0 0 0.00532178 0.00353227 0.00246845 0.00176536 0.00127022 0.000904035 0.000620108 0.000388165 0.000186937 0 
0 0 0 0 0 0 0.00627391 0.00489713 0.00364853 0.00270301 0.00200181 0.00147413 0.00106616 0.000739481 0.000466278 0.000225489 0 
0 0 0 0 0 0.00561319 0.00518516 0.00434432 0.0034617 0.00269324 0.00206475 0.00155833 0.00114699 0.000805378 0.000511976 0.000248741 0 
0 0 0 0 0.00627391 0.00518516 0.00450922 0.00383327 0.00316072 0.0025435 0.00200562 0.00154745 0.00115811 0.000823061 0.000527508 0.0002575 0 
0 0.00217769 0.0038856 0.00532178 0.00489713 0.00434432 0.00383327 0.00331884 0.00280441 0.00231441 0.00186677 0.00146774 0.00111493 0.00080125 0.000517493 0.000253752 0 
0 0.00147021 0.00269031 0.00353227 0.00364853 0.0034617 0.00316072 0.00280441 0.00242368 0.00204295 0.00167933 0.0013418 0.00103262 0.000749514 0.000487464 0.000240014 0 
0 0.00101286 0.00187315 0.00246845 0.00270301 0.00269324 0.0025435 0.00231441 0.00204295 0.00175438 0.0014658 0.00118751 0.000924253 0.000676716 0.000442835 0.00021884 0 
0 0.000708081 0.00132098 0.00176536 0.00200181 0.00206475 0.00200562 0.00186677 0.00167933 0.0014658 0.00124199 0.00101818 0.000800162 0.000590262 0.000388321 0.000192511 0 
0 0.000498481 0.000937334 0.00127022 0.00147413 0.00155833 0.00154745 0.00146774 0.0013418 0.00118751 0.00101818 0.000843067 0.000667951 0.000495848 0.000327675 0.000162883 0 
0 0.000348509 0.000659657 0.000904035 0.00106616 0.00114699 0.00115811 0.00111493 0.00103262 0.000924253 0.000800162 0.000667951 0.000532728 0.000397504 0.00026365 0.000131345 0 
0 0.000235899 0.00044875 0.000620108 0.000739481 0.000805378 0.000823061 0.00080125 0.000749514 0.000676716 0.000590262 0.000495848 0.000397504 0.00029779 0.000198076 9.88454e-05 0 
0 0.000146336 0.000279336 0.000388165 0.000466278 0.000511976 0.000527508 0.000517493 0.000487464 0.000442835 0.000388321 0.000327675 0.00026365 0.000198076 0.000132019 6.59611e-05 0 
0 7.01078e-05 0.000134095 0.000186937 0.000225489 0.000248741 0.0002575 0.000253752 0.000240014 0.00021884 0.000192511 0.000162883 0.000131345 9.88454e-05 6.59611e-05 3.29806e-05 0 
0 0 0 0 0 0 0 0 0 0 0 0 0 0 0 0 0 
