0 0 0 0 0 0 0 0 0 0 0 0 0 0 0 0 0 0 0 0 0 0 0 0 0 0 0 0 0 0 0 0 0 0 0 0 0 0 0 0 0 0 0 0 0 0 0 0 0 0 0 0 0 0 0 0 0 0 0 0 0 0 0 0 0 
0 4.83506e-07 9.65847e-07 1.44586e-06 1.92239e-06 2.39429e-06 2.86042e-06 3.31967e-06 3.77091e-06 4.21307e-06 4.64508e-06 5.0659e-06 5.47451e-06 5.86994e-06 6.25122e-06 6.61745e-06 6.96773e-06 7.30123e-06 7.61714e-06 7.91469e-06 8.19318e-06 8.45194e-06 8.69033e-06 8.90778e-06 9.10378e-06 9.27784e-06 9.42956e-06 9.55855e-06 9.66452e-06 9.74721e-06 9.80641e-06 9.84199e-06 9.85386e-06 9.84199e-06 9.80641e-06 9.74721e-06 9.66452e-06 9.55855e-06 9.42956e-06 9.27784e-06 9.10378e-06 8.90778e-06 8.69033e-06 8.45194e-06 8.19318e-06 7.91469e-06 7.61714e-06 7.30123e-06 6.96773e-06 6.61745e-06 6.25122e-06 5.86994e-06 5.47451e-06 5.0659e-06 4.64508e-06 4.21307e-06 3.77091e-06 3.31967e-06 2.86042e-06 2.39429e-06 1.92239e-06 1.44586e-06 9.65847e-07 4.83506e-07 0 
0 9.65847e-07 1.92937e-06 2.88824e-06 3.84015e-06 4.78282e-06 5.71396e-06 6.63133e-06 7.53273e-06 8.41599e-06 9.27896e-06 1.01196e-05 1.09358e-05 1.17257e-05 1.24874e-05 1.3219e-05 1.39187e-05 1.45849e-05 1.52159e-05 1.58103e-05 1.63666e-05 1.68835e-05 1.73597e-05 1.77941e-05 1.81856e-05 1.85333e-05 1.88364e-05 1.90941e-05 1.93058e-05 1.94709e-05 1.95892e-05 1.96603e-05 1.9684e-05 1.96603e-05 1.95892e-05 1.94709e-05 1.93058e-05 1.90941e-05 1.88364e-05 1.85333e-05 1.81856e-05 1.77941e-05 1.73597e-05 1.68835e-05 1.63666e-05 1.58103e-05 1.52159e-05 1.45849e-05 1.39187e-05 1.3219e-05 1.24874e-05 1.17257e-05 1.09358e-05 1.01196e-05 9.27896e-06 8.41599e-06 7.53273e-06 6.63133e-06 5.71396e-06 4.78282e-06 3.84015e-06 2.88824e-06 1.92937e-06 9.65847e-07 0 
0 1.44586e-06 2.88824e-06 4.32366e-06 5.74866e-06 7.15982e-06 8.55373e-06 9.92703e-06 1.12764e-05 1.25986e-05 1.38905e-05 1.51489e-05 1.63708e-05 1.75533e-05 1.86935e-05 1.97886e-05 2.08361e-05 2.18334e-05 2.27781e-05 2.36679e-05 2.45006e-05 2.52744e-05 2.59873e-05 2.66376e-05 2.72237e-05 2.77442e-05 2.81979e-05 2.85836e-05 2.89005e-05 2.91477e-05 2.93248e-05 2.94312e-05 2.94667e-05 2.94312e-05 2.93248e-05 2.91477e-05 2.89005e-05 2.85836e-05 2.81979e-05 2.77442e-05 2.72237e-05 2.66376e-05 2.59873e-05 2.52744e-05 2.45006e-05 2.36679e-05 2.27781e-05 2.18334e-05 2.08361e-05 1.97886e-05 1.86935e-05 1.75533e-05 1.63708e-05 1.51489e-05 1.38905e-05 1.25986e-05 1.12764e-05 9.92703e-06 8.55373e-06 7.15982e-06 5.74866e-06 4.32366e-06 2.88824e-06 1.44586e-06 0 
0 1.92239e-06 3.84015e-06 5.74866e-06 7.64333e-06 9.51957e-06 1.13729e-05 1.31988e-05 1.49929e-05 1.67509e-05 1.84686e-05 2.01417e-05 2.17663e-05 2.33385e-05 2.48545e-05 2.63106e-05 2.77033e-05 2.90293e-05 3.02853e-05 3.14684e-05 3.25756e-05 3.36044e-05 3.45523e-05 3.54168e-05 3.61961e-05 3.68882e-05 3.74914e-05 3.80043e-05 3.84256e-05 3.87543e-05 3.89897e-05 3.91312e-05 3.91784e-05 3.91312e-05 3.89897e-05 3.87543e-05 3.84256e-05 3.80043e-05 3.74914e-05 3.68882e-05 3.61961e-05 3.54168e-05 3.45523e-05 3.36044e-05 3.25756e-05 3.14684e-05 3.02853e-05 2.90293e-05 2.77033e-05 2.63106e-05 2.48545e-05 2.33385e-05 2.17663e-05 2.01417e-05 1.84686e-05 1.67509e-05 1.49929e-05 1.31988e-05 1.13729e-05 9.51957e-06 7.64333e-06 5.74866e-06 3.84015e-06 1.92239e-06 0 
0 2.39429e-06 4.78282e-06 7.15982e-06 9.51957e-06 1.18564e-05 1.41646e-05 1.64388e-05 1.86733e-05 2.08629e-05 2.30021e-05 2.5086e-05 2.71094e-05 2.90676e-05 3.09557e-05 3.27692e-05 3.45038e-05 3.61552e-05 3.77196e-05 3.91931e-05 4.05722e-05 4.18535e-05 4.3034e-05 4.41108e-05 4.50814e-05 4.59433e-05 4.66946e-05 4.73334e-05 4.78581e-05 4.82676e-05 4.85608e-05 4.87369e-05 4.87957e-05 4.87369e-05 4.85608e-05 4.82676e-05 4.78581e-05 4.73334e-05 4.66946e-05 4.59433e-05 4.50814e-05 4.41108e-05 4.3034e-05 4.18535e-05 4.05722e-05 3.91931e-05 3.77196e-05 3.61552e-05 3.45038e-05 3.27692e-05 3.09557e-05 2.90676e-05 2.71094e-05 2.5086e-05 2.30021e-05 2.08629e-05 1.86733e-05 1.64388e-05 1.41646e-05 1.18564e-05 9.51957e-06 7.15982e-06 4.78282e-06 2.39429e-06 0 
0 2.86042e-06 5.71396e-06 8.55373e-06 1.13729e-05 1.41646e-05 1.69223e-05 1.96392e-05 2.23087e-05 2.49245e-05 2.74803e-05 2.99699e-05 3.23872e-05 3.47266e-05 3.69823e-05 3.91489e-05 4.12211e-05 4.31941e-05 4.5063e-05 4.68234e-05 4.84709e-05 5.00017e-05 5.1412e-05 5.26985e-05 5.3858e-05 5.48878e-05 5.57853e-05 5.65485e-05 5.71754e-05 5.76645e-05 5.80148e-05 5.82253e-05 5.82955e-05 5.82253e-05 5.80148e-05 5.76645e-05 5.71754e-05 5.65485e-05 5.57853e-05 5.48878e-05 5.3858e-05 5.26985e-05 5.1412e-05 5.00017e-05 4.84709e-05 4.68234e-05 4.5063e-05 4.31941e-05 4.12211e-05 3.91489e-05 3.69823e-05 3.47266e-05 3.23872e-05 2.99699e-05 2.74803e-05 2.49245e-05 2.23087e-05 1.96392e-05 1.69223e-05 1.41646e-05 1.13729e-05 8.55373e-06 5.71396e-06 2.86042e-06 0 
0 3.31967e-06 6.63133e-06 9.92703e-06 1.31988e-05 1.64388e-05 1.96392e-05 2.27922e-05 2.58904e-05 2.89262e-05 3.18923e-05 3.47815e-05 3.7587e-05 4.03019e-05 4.29198e-05 4.54342e-05 4.78392e-05 5.01289e-05 5.22979e-05 5.43409e-05 5.62529e-05 5.80295e-05 5.96662e-05 6.11592e-05 6.25049e-05 6.37e-05 6.47416e-05 6.56273e-05 6.63549e-05 6.69226e-05 6.73291e-05 6.75733e-05 6.76548e-05 6.75733e-05 6.73291e-05 6.69226e-05 6.63549e-05 6.56273e-05 6.47416e-05 6.37e-05 6.25049e-05 6.11592e-05 5.96662e-05 5.80295e-05 5.62529e-05 5.43409e-05 5.22979e-05 5.01289e-05 4.78392e-05 4.54342e-05 4.29198e-05 4.03019e-05 3.7587e-05 3.47815e-05 3.18923e-05 2.89262e-05 2.58904e-05 2.27922e-05 1.96392e-05 1.64388e-05 1.31988e-05 9.92703e-06 6.63133e-06 3.31967e-06 0 
0 3.77091e-06 7.53273e-06 1.12764e-05 1.49929e-05 1.86733e-05 2.23087e-05 2.58904e-05 2.94097e-05 3.28581e-05 3.62274e-05 3.95094e-05 4.26962e-05 4.57802e-05 4.87539e-05 5.16101e-05 5.4342e-05 5.6943e-05 5.94068e-05 6.17274e-05 6.38994e-05 6.59175e-05 6.77767e-05 6.94726e-05 7.10012e-05 7.23588e-05 7.3542e-05 7.4548e-05 7.53745e-05 7.60194e-05 7.64811e-05 7.67586e-05 7.68512e-05 7.67586e-05 7.64811e-05 7.60194e-05 7.53745e-05 7.4548e-05 7.3542e-05 7.23588e-05 7.10012e-05 6.94726e-05 6.77767e-05 6.59175e-05 6.38994e-05 6.17274e-05 5.94068e-05 5.6943e-05 5.4342e-05 5.16101e-05 4.87539e-05 4.57802e-05 4.26962e-05 3.95094e-05 3.62274e-05 3.28581e-05 2.94097e-05 2.58904e-05 2.23087e-05 1.86733e-05 1.49929e-05 1.12764e-05 7.53273e-06 3.77091e-06 0 
0 4.21307e-06 8.41599e-06 1.25986e-05 1.67509e-05 2.08629e-05 2.49245e-05 2.89262e-05 3.28581e-05 3.67109e-05 4.04752e-05 4.41421e-05 4.77026e-05 5.11482e-05 5.44705e-05 5.76617e-05 6.07139e-05 6.36198e-05 6.63725e-05 6.89653e-05 7.1392e-05 7.36466e-05 7.57239e-05 7.76187e-05 7.93265e-05 8.08432e-05 8.21652e-05 8.32892e-05 8.42126e-05 8.49331e-05 8.54489e-05 8.5759e-05 8.58624e-05 8.5759e-05 8.54489e-05 8.49331e-05 8.42126e-05 8.32892e-05 8.21652e-05 8.08432e-05 7.93265e-05 7.76187e-05 7.57239e-05 7.36466e-05 7.1392e-05 6.89653e-05 6.63725e-05 6.36198e-05 6.07139e-05 5.76617e-05 5.44705e-05 5.11482e-05 4.77026e-05 4.41421e-05 4.04752e-05 3.67109e-05 3.28581e-05 2.89262e-05 2.49245e-05 2.08629e-05 1.67509e-05 1.25986e-05 8.41599e-06 4.21307e-06 0 
0 4.64508e-06 9.27896e-06 1.38905e-05 1.84686e-05 2.30021e-05 2.74803e-05 3.18923e-05 3.62274e-05 4.04752e-05 4.46256e-05 4.86684e-05 5.2594e-05 5.63929e-05 6.00559e-05 6.35743e-05 6.69395e-05 7.01434e-05 7.31784e-05 7.6037e-05 7.87125e-05 8.11984e-05 8.34886e-05 8.55777e-05 8.74607e-05 8.91329e-05 9.05904e-05 9.18297e-05 9.28478e-05 9.36421e-05 9.42109e-05 9.45527e-05 9.46667e-05 9.45527e-05 9.42109e-05 9.36421e-05 9.28478e-05 9.18297e-05 9.05904e-05 8.91329e-05 8.74607e-05 8.55777e-05 8.34886e-05 8.11984e-05 7.87125e-05 7.6037e-05 7.31784e-05 7.01434e-05 6.69395e-05 6.35743e-05 6.00559e-05 5.63929e-05 5.2594e-05 4.86684e-05 4.46256e-05 4.04752e-05 3.62274e-05 3.18923e-05 2.74803e-05 2.30021e-05 1.84686e-05 1.38905e-05 9.27896e-06 4.64508e-06 0 
0 5.0659e-06 1.01196e-05 1.51489e-05 2.01417e-05 2.5086e-05 2.99699e-05 3.47815e-05 3.95094e-05 4.41421e-05 4.86684e-05 5.30775e-05 5.73588e-05 6.15018e-05 6.54967e-05 6.93338e-05 7.30039e-05 7.6498e-05 7.9808e-05 8.29256e-05 8.58435e-05 8.85545e-05 9.10522e-05 9.33306e-05 9.53841e-05 9.72079e-05 9.87974e-05 0.000100149 0.000101259 0.000102126 0.000102746 0.000103119 0.000103243 0.000103119 0.000102746 0.000102126 0.000101259 0.000100149 9.87974e-05 9.72079e-05 9.53841e-05 9.33306e-05 9.10522e-05 8.85545e-05 8.58435e-05 8.29256e-05 7.9808e-05 7.6498e-05 7.30039e-05 6.93338e-05 6.54967e-05 6.15018e-05 5.73588e-05 5.30775e-05 4.86684e-05 4.41421e-05 3.95094e-05 3.47815e-05 2.99699e-05 2.5086e-05 2.01417e-05 1.51489e-05 1.01196e-05 5.0659e-06 0 
0 5.47451e-06 1.09358e-05 1.63708e-05 2.17663e-05 2.71094e-05 3.23872e-05 3.7587e-05 4.26962e-05 4.77026e-05 5.2594e-05 5.73588e-05 6.19853e-05 6.64625e-05 7.07797e-05 7.49262e-05 7.88923e-05 8.26684e-05 8.62453e-05 8.96144e-05 9.27676e-05 9.56973e-05 9.83965e-05 0.000100859 0.000103078 0.000105049 0.000106766 0.000108227 0.000109427 0.000110363 0.000111033 0.000111436 0.000111571 0.000111436 0.000111033 0.000110363 0.000109427 0.000108227 0.000106766 0.000105049 0.000103078 0.000100859 9.83965e-05 9.56973e-05 9.27676e-05 8.96144e-05 8.62453e-05 8.26684e-05 7.88923e-05 7.49262e-05 7.07797e-05 6.64625e-05 6.19853e-05 5.73588e-05 5.2594e-05 4.77026e-05 4.26962e-05 3.7587e-05 3.23872e-05 2.71094e-05 2.17663e-05 1.63708e-05 1.09358e-05 5.47451e-06 0 
0 5.86994e-06 1.17257e-05 1.75533e-05 2.33385e-05 2.90676e-05 3.47266e-05 4.03019e-05 4.57802e-05 5.11482e-05 5.63929e-05 6.15018e-05 6.64625e-05 7.12632e-05 7.58921e-05 8.03382e-05 8.45908e-05 8.86395e-05 9.24748e-05 9.60872e-05 9.94682e-05 0.00010261 0.000105504 0.000108144 0.000110523 0.000112636 0.000114478 0.000116044 0.000117331 0.000118335 0.000119053 0.000119485 0.000119629 0.000119485 0.000119053 0.000118335 0.000117331 0.000116044 0.000114478 0.000112636 0.000110523 0.000108144 0.000105504 0.00010261 9.94682e-05 9.60872e-05 9.24748e-05 8.86395e-05 8.45908e-05 8.03382e-05 7.58921e-05 7.12632e-05 6.64625e-05 6.15018e-05 5.63929e-05 5.11482e-05 4.57802e-05 4.03019e-05 3.47266e-05 2.90676e-05 2.33385e-05 1.75533e-05 1.17257e-05 5.86994e-06 0 
0 6.25122e-06 1.24874e-05 1.86935e-05 2.48545e-05 3.09557e-05 3.69823e-05 4.29198e-05 4.87539e-05 5.44705e-05 6.00559e-05 6.54967e-05 7.07797e-05 7.58921e-05 8.08217e-05 8.55566e-05 9.00854e-05 9.43972e-05 9.84815e-05 0.000102329 0.000105929 0.000109275 0.000112357 0.000115168 0.000117702 0.000119953 0.000121914 0.000123582 0.000124952 0.000126021 0.000126787 0.000127247 0.0001274 0.000127247 0.000126787 0.000126021 0.000124952 0.000123582 0.000121914 0.000119953 0.000117702 0.000115168 0.000112357 0.000109275 0.000105929 0.000102329 9.84815e-05 9.43972e-05 9.00854e-05 8.55566e-05 8.08217e-05 7.58921e-05 7.07797e-05 6.54967e-05 6.00559e-05 5.44705e-05 4.87539e-05 4.29198e-05 3.69823e-05 3.09557e-05 2.48545e-05 1.86935e-05 1.24874e-05 6.25122e-06 0 
0 6.61745e-06 1.3219e-05 1.97886e-05 2.63106e-05 3.27692e-05 3.91489e-05 4.54342e-05 5.16101e-05 5.76617e-05 6.35743e-05 6.93338e-05 7.49262e-05 8.03382e-05 8.55566e-05 9.05689e-05 9.5363e-05 9.99274e-05 0.000104251 0.000108324 0.000112135 0.000115676 0.000118939 0.000121915 0.000124598 0.00012698 0.000129056 0.000130822 0.000132272 0.000133404 0.000134214 0.000134701 0.000134864 0.000134701 0.000134214 0.000133404 0.000132272 0.000130822 0.000129056 0.00012698 0.000124598 0.000121915 0.000118939 0.000115676 0.000112135 0.000108324 0.000104251 9.99274e-05 9.5363e-05 9.05689e-05 8.55566e-05 8.03382e-05 7.49262e-05 6.93338e-05 6.35743e-05 5.76617e-05 5.16101e-05 4.54342e-05 3.91489e-05 3.27692e-05 2.63106e-05 1.97886e-05 1.3219e-05 6.61745e-06 0 
0 6.96773e-06 1.39187e-05 2.08361e-05 2.77033e-05 3.45038e-05 4.12211e-05 4.78392e-05 5.4342e-05 6.07139e-05 6.69395e-05 7.30039e-05 7.88923e-05 8.45908e-05 9.00854e-05 9.5363e-05 0.000100411 0.000105217 0.000109769 0.000114057 0.000118071 0.0001218 0.000125235 0.000128369 0.000131193 0.000133702 0.000135888 0.000137747 0.000139274 0.000140466 0.000141319 0.000141831 0.000142002 0.000141831 0.000141319 0.000140466 0.000139274 0.000137747 0.000135888 0.000133702 0.000131193 0.000128369 0.000125235 0.0001218 0.000118071 0.000114057 0.000109769 0.000105217 0.000100411 9.5363e-05 9.00854e-05 8.45908e-05 7.88923e-05 7.30039e-05 6.69395e-05 6.07139e-05 5.4342e-05 4.78392e-05 4.12211e-05 3.45038e-05 2.77033e-05 2.08361e-05 1.39187e-05 6.96773e-06 0 
0 7.30123e-06 1.45849e-05 2.18334e-05 2.90293e-05 3.61552e-05 4.31941e-05 5.01289e-05 5.6943e-05 6.36198e-05 7.01434e-05 7.6498e-05 8.26684e-05 8.86395e-05 9.43972e-05 9.99274e-05 0.000105217 0.000110253 0.000115023 0.000119517 0.000123722 0.000127629 0.000131229 0.000134513 0.000137472 0.000140101 0.000142392 0.00014434 0.00014594 0.000147189 0.000148083 0.00014862 0.000148799 0.00014862 0.000148083 0.000147189 0.00014594 0.00014434 0.000142392 0.000140101 0.000137472 0.000134513 0.000131229 0.000127629 0.000123722 0.000119517 0.000115023 0.000110253 0.000105217 9.99274e-05 9.43972e-05 8.86395e-05 8.26684e-05 7.6498e-05 7.01434e-05 6.36198e-05 5.6943e-05 5.01289e-05 4.31941e-05 3.61552e-05 2.90293e-05 2.18334e-05 1.45849e-05 7.30123e-06 0 
0 7.61714e-06 1.52159e-05 2.27781e-05 3.02853e-05 3.77196e-05 4.5063e-05 5.22979e-05 5.94068e-05 6.63725e-05 7.31784e-05 7.9808e-05 8.62453e-05 9.24748e-05 9.84815e-05 0.000104251 0.000109769 0.000115023 0.00012 0.000124688 0.000129075 0.000133152 0.000136907 0.000140333 0.000143421 0.000146163 0.000148553 0.000150585 0.000152255 0.000153557 0.00015449 0.00015505 0.000155237 0.00015505 0.00015449 0.000153557 0.000152255 0.000150585 0.000148553 0.000146163 0.000143421 0.000140333 0.000136907 0.000133152 0.000129075 0.000124688 0.00012 0.000115023 0.000109769 0.000104251 9.84815e-05 9.24748e-05 8.62453e-05 7.9808e-05 7.31784e-05 6.63725e-05 5.94068e-05 5.22979e-05 4.5063e-05 3.77196e-05 3.02853e-05 2.27781e-05 1.52159e-05 7.61714e-06 0 
0 7.91469e-06 1.58103e-05 2.36679e-05 3.14684e-05 3.91931e-05 4.68234e-05 5.43409e-05 6.17274e-05 6.89653e-05 7.6037e-05 8.29256e-05 8.96144e-05 9.60872e-05 0.000102329 0.000108324 0.000114057 0.000119517 0.000124688 0.000129559 0.000134117 0.000138353 0.000142255 0.000145815 0.000149023 0.000151873 0.000154356 0.000156468 0.000158202 0.000159556 0.000160525 0.000161107 0.000161302 0.000161107 0.000160525 0.000159556 0.000158202 0.000156468 0.000154356 0.000151873 0.000149023 0.000145815 0.000142255 0.000138353 0.000134117 0.000129559 0.000124688 0.000119517 0.000114057 0.000108324 0.000102329 9.60872e-05 8.96144e-05 8.29256e-05 7.6037e-05 6.89653e-05 6.17274e-05 5.43409e-05 4.68234e-05 3.91931e-05 3.14684e-05 2.36679e-05 1.58103e-05 7.91469e-06 0 
0 8.19318e-06 1.63666e-05 2.45006e-05 3.25756e-05 4.05722e-05 4.84709e-05 5.62529e-05 6.38994e-05 7.1392e-05 7.87125e-05 8.58435e-05 9.27676e-05 9.94682e-05 0.000105929 0.000112135 0.000118071 0.000123722 0.000129075 0.000134117 0.000138836 0.000143221 0.000147261 0.000150946 0.000154267 0.000157216 0.000159787 0.000161973 0.000163769 0.00016517 0.000166173 0.000166776 0.000166977 0.000166776 0.000166173 0.00016517 0.000163769 0.000161973 0.000159787 0.000157216 0.000154267 0.000150946 0.000147261 0.000143221 0.000138836 0.000134117 0.000129075 0.000123722 0.000118071 0.000112135 0.000105929 9.94682e-05 9.27676e-05 8.58435e-05 7.87125e-05 7.1392e-05 6.38994e-05 5.62529e-05 4.84709e-05 4.05722e-05 3.25756e-05 2.45006e-05 1.63666e-05 8.19318e-06 0 
0 8.45194e-06 1.68835e-05 2.52744e-05 3.36044e-05 4.18535e-05 5.00017e-05 5.80295e-05 6.59175e-05 7.36466e-05 8.11984e-05 8.85545e-05 9.56973e-05 0.00010261 0.000109275 0.000115676 0.0001218 0.000127629 0.000133152 0.000138353 0.000143221 0.000147744 0.000151911 0.000155713 0.000159139 0.000162182 0.000164834 0.000167088 0.000168941 0.000170386 0.000171421 0.000172043 0.000172251 0.000172043 0.000171421 0.000170386 0.000168941 0.000167088 0.000164834 0.000162182 0.000159139 0.000155713 0.000151911 0.000147744 0.000143221 0.000138353 0.000133152 0.000127629 0.0001218 0.000115676 0.000109275 0.00010261 9.56973e-05 8.85545e-05 8.11984e-05 7.36466e-05 6.59175e-05 5.80295e-05 5.00017e-05 4.18535e-05 3.36044e-05 2.52744e-05 1.68835e-05 8.45194e-06 0 
0 8.69033e-06 1.73597e-05 2.59873e-05 3.45523e-05 4.3034e-05 5.1412e-05 5.96662e-05 6.77767e-05 7.57239e-05 8.34886e-05 9.10522e-05 9.83965e-05 0.000105504 0.000112357 0.000118939 0.000125235 0.000131229 0.000136907 0.000142255 0.000147261 0.000151911 0.000156196 0.000160105 0.000163627 0.000166756 0.000169483 0.000171801 0.000173706 0.000175192 0.000176256 0.000176896 0.000177109 0.000176896 0.000176256 0.000175192 0.000173706 0.000171801 0.000169483 0.000166756 0.000163627 0.000160105 0.000156196 0.000151911 0.000147261 0.000142255 0.000136907 0.000131229 0.000125235 0.000118939 0.000112357 0.000105504 9.83965e-05 9.10522e-05 8.34886e-05 7.57239e-05 6.77767e-05 5.96662e-05 5.1412e-05 4.3034e-05 3.45523e-05 2.59873e-05 1.73597e-05 8.69033e-06 0 
0 8.90778e-06 1.77941e-05 2.66376e-05 3.54168e-05 4.41108e-05 5.26985e-05 6.11592e-05 6.94726e-05 7.76187e-05 8.55777e-05 9.33306e-05 0.000100859 0.000108144 0.000115168 0.000121915 0.000128369 0.000134513 0.000140333 0.000145815 0.000150946 0.000155713 0.000160105 0.000164111 0.000167722 0.000170929 0.000173724 0.0001761 0.000178053 0.000179576 0.000180667 0.000181322 0.000181541 0.000181322 0.000180667 0.000179576 0.000178053 0.0001761 0.000173724 0.000170929 0.000167722 0.000164111 0.000160105 0.000155713 0.000150946 0.000145815 0.000140333 0.000134513 0.000128369 0.000121915 0.000115168 0.000108144 0.000100859 9.33306e-05 8.55777e-05 7.76187e-05 6.94726e-05 6.11592e-05 5.26985e-05 4.41108e-05 3.54168e-05 2.66376e-05 1.77941e-05 8.90778e-06 0 
0 9.10378e-06 1.81856e-05 2.72237e-05 3.61961e-05 4.50814e-05 5.3858e-05 6.25049e-05 7.10012e-05 7.93265e-05 8.74607e-05 9.53841e-05 0.000103078 0.000110523 0.000117702 0.000124598 0.000131193 0.000137472 0.000143421 0.000149023 0.000154267 0.000159139 0.000163627 0.000167722 0.000171412 0.00017469 0.000177546 0.000179975 0.00018197 0.000183527 0.000184642 0.000185312 0.000185535 0.000185312 0.000184642 0.000183527 0.00018197 0.000179975 0.000177546 0.00017469 0.000171412 0.000167722 0.000163627 0.000159139 0.000154267 0.000149023 0.000143421 0.000137472 0.000131193 0.000124598 0.000117702 0.000110523 0.000103078 9.53841e-05 8.74607e-05 7.93265e-05 7.10012e-05 6.25049e-05 5.3858e-05 4.50814e-05 3.61961e-05 2.72237e-05 1.81856e-05 9.10378e-06 0 
0 9.27784e-06 1.85333e-05 2.77442e-05 3.68882e-05 4.59433e-05 5.48878e-05 6.37e-05 7.23588e-05 8.08432e-05 8.91329e-05 9.72079e-05 0.000105049 0.000112636 0.000119953 0.00012698 0.000133702 0.000140101 0.000146163 0.000151873 0.000157216 0.000162182 0.000166756 0.000170929 0.00017469 0.00017803 0.000180941 0.000183416 0.000185449 0.000187036 0.000188172 0.000188855 0.000189083 0.000188855 0.000188172 0.000187036 0.000185449 0.000183416 0.000180941 0.00017803 0.00017469 0.000170929 0.000166756 0.000162182 0.000157216 0.000151873 0.000146163 0.000140101 0.000133702 0.00012698 0.000119953 0.000112636 0.000105049 9.72079e-05 8.91329e-05 8.08432e-05 7.23588e-05 6.37e-05 5.48878e-05 4.59433e-05 3.68882e-05 2.77442e-05 1.85333e-05 9.27784e-06 0 
0 9.42956e-06 1.88364e-05 2.81979e-05 3.74914e-05 4.66946e-05 5.57853e-05 6.47416e-05 7.3542e-05 8.21652e-05 9.05904e-05 9.87974e-05 0.000106766 0.000114478 0.000121914 0.000129056 0.000135888 0.000142392 0.000148553 0.000154356 0.000159787 0.000164834 0.000169483 0.000173724 0.000177546 0.000180941 0.0001839 0.000186415 0.000188482 0.000190094 0.000191249 0.000191943 0.000192174 0.000191943 0.000191249 0.000190094 0.000188482 0.000186415 0.0001839 0.000180941 0.000177546 0.000173724 0.000169483 0.000164834 0.000159787 0.000154356 0.000148553 0.000142392 0.000135888 0.000129056 0.000121914 0.000114478 0.000106766 9.87974e-05 9.05904e-05 8.21652e-05 7.3542e-05 6.47416e-05 5.57853e-05 4.66946e-05 3.74914e-05 2.81979e-05 1.88364e-05 9.42956e-06 0 
0 9.55855e-06 1.90941e-05 2.85836e-05 3.80043e-05 4.73334e-05 5.65485e-05 6.56273e-05 7.4548e-05 8.32892e-05 9.18297e-05 0.000100149 0.000108227 0.000116044 0.000123582 0.000130822 0.000137747 0.00014434 0.000150585 0.000156468 0.000161973 0.000167088 0.000171801 0.0001761 0.000179975 0.000183416 0.000186415 0.000188965 0.00019106 0.000192695 0.000193865 0.000194569 0.000194803 0.000194569 0.000193865 0.000192695 0.00019106 0.000188965 0.000186415 0.000183416 0.000179975 0.0001761 0.000171801 0.000167088 0.000161973 0.000156468 0.000150585 0.00014434 0.000137747 0.000130822 0.000123582 0.000116044 0.000108227 0.000100149 9.18297e-05 8.32892e-05 7.4548e-05 6.56273e-05 5.65485e-05 4.73334e-05 3.80043e-05 2.85836e-05 1.90941e-05 9.55855e-06 0 
0 9.66452e-06 1.93058e-05 2.89005e-05 3.84256e-05 4.78581e-05 5.71754e-05 6.63549e-05 7.53745e-05 8.42126e-05 9.28478e-05 0.000101259 0.000109427 0.000117331 0.000124952 0.000132272 0.000139274 0.00014594 0.000152255 0.000158202 0.000163769 0.000168941 0.000173706 0.000178053 0.00018197 0.000185449 0.000188482 0.00019106 0.000193178 0.000194831 0.000196015 0.000196726 0.000196963 0.000196726 0.000196015 0.000194831 0.000193178 0.00019106 0.000188482 0.000185449 0.00018197 0.000178053 0.000173706 0.000168941 0.000163769 0.000158202 0.000152255 0.00014594 0.000139274 0.000132272 0.000124952 0.000117331 0.000109427 0.000101259 9.28478e-05 8.42126e-05 7.53745e-05 6.63549e-05 5.71754e-05 4.78581e-05 3.84256e-05 2.89005e-05 1.93058e-05 9.66452e-06 0 
0 9.74721e-06 1.94709e-05 2.91477e-05 3.87543e-05 4.82676e-05 5.76645e-05 6.69226e-05 7.60194e-05 8.49331e-05 9.36421e-05 0.000102126 0.000110363 0.000118335 0.000126021 0.000133404 0.000140466 0.000147189 0.000153557 0.000159556 0.00016517 0.000170386 0.000175192 0.000179576 0.000183527 0.000187036 0.000190094 0.000192695 0.000194831 0.000196498 0.000197692 0.000198409 0.000198648 0.000198409 0.000197692 0.000196498 0.000194831 0.000192695 0.000190094 0.000187036 0.000183527 0.000179576 0.000175192 0.000170386 0.00016517 0.000159556 0.000153557 0.000147189 0.000140466 0.000133404 0.000126021 0.000118335 0.000110363 0.000102126 9.36421e-05 8.49331e-05 7.60194e-05 6.69226e-05 5.76645e-05 4.82676e-05 3.87543e-05 2.91477e-05 1.94709e-05 9.74721e-06 0 
0 9.80641e-06 1.95892e-05 2.93248e-05 3.89897e-05 4.85608e-05 5.80148e-05 6.73291e-05 7.64811e-05 8.54489e-05 9.42109e-05 0.000102746 0.000111033 0.000119053 0.000126787 0.000134214 0.000141319 0.000148083 0.00015449 0.000160525 0.000166173 0.000171421 0.000176256 0.000180667 0.000184642 0.000188172 0.000191249 0.000193865 0.000196015 0.000197692 0.000198892 0.000199614 0.000199855 0.000199614 0.000198892 0.000197692 0.000196015 0.000193865 0.000191249 0.000188172 0.000184642 0.000180667 0.000176256 0.000171421 0.000166173 0.000160525 0.00015449 0.000148083 0.000141319 0.000134214 0.000126787 0.000119053 0.000111033 0.000102746 9.42109e-05 8.54489e-05 7.64811e-05 6.73291e-05 5.80148e-05 4.85608e-05 3.89897e-05 2.93248e-05 1.95892e-05 9.80641e-06 0 
0 9.84199e-06 1.96603e-05 2.94312e-05 3.91312e-05 4.87369e-05 5.82253e-05 6.75733e-05 7.67586e-05 8.5759e-05 9.45527e-05 0.000103119 0.000111436 0.000119485 0.000127247 0.000134701 0.000141831 0.00014862 0.00015505 0.000161107 0.000166776 0.000172043 0.000176896 0.000181322 0.000185312 0.000188855 0.000191943 0.000194569 0.000196726 0.000198409 0.000199614 0.000200338 0.00020058 0.000200338 0.000199614 0.000198409 0.000196726 0.000194569 0.000191943 0.000188855 0.000185312 0.000181322 0.000176896 0.000172043 0.000166776 0.000161107 0.00015505 0.00014862 0.000141831 0.000134701 0.000127247 0.000119485 0.000111436 0.000103119 9.45527e-05 8.5759e-05 7.67586e-05 6.75733e-05 5.82253e-05 4.87369e-05 3.91312e-05 2.94312e-05 1.96603e-05 9.84199e-06 0 
0 9.85386e-06 1.9684e-05 2.94667e-05 3.91784e-05 4.87957e-05 5.82955e-05 6.76548e-05 7.68512e-05 8.58624e-05 9.46667e-05 0.000103243 0.000111571 0.000119629 0.0001274 0.000134864 0.000142002 0.000148799 0.000155237 0.000161302 0.000166977 0.000172251 0.000177109 0.000181541 0.000185535 0.000189083 0.000192174 0.000194803 0.000196963 0.000198648 0.000199855 0.00020058 0.000200822 0.00020058 0.000199855 0.000198648 0.000196963 0.000194803 0.000192174 0.000189083 0.000185535 0.000181541 0.000177109 0.000172251 0.000166977 0.000161302 0.000155237 0.000148799 0.000142002 0.000134864 0.0001274 0.000119629 0.000111571 0.000103243 9.46667e-05 8.58624e-05 7.68512e-05 6.76548e-05 5.82955e-05 4.87957e-05 3.91784e-05 2.94667e-05 1.9684e-05 9.85386e-06 0 
0 9.84199e-06 1.96603e-05 2.94312e-05 3.91312e-05 4.87369e-05 5.82253e-05 6.75733e-05 7.67586e-05 8.5759e-05 9.45527e-05 0.000103119 0.000111436 0.000119485 0.000127247 0.000134701 0.000141831 0.00014862 0.00015505 0.000161107 0.000166776 0.000172043 0.000176896 0.000181322 0.000185312 0.000188855 0.000191943 0.000194569 0.000196726 0.000198409 0.000199614 0.000200338 0.00020058 0.000200338 0.000199614 0.000198409 0.000196726 0.000194569 0.000191943 0.000188855 0.000185312 0.000181322 0.000176896 0.000172043 0.000166776 0.000161107 0.00015505 0.00014862 0.000141831 0.000134701 0.000127247 0.000119485 0.000111436 0.000103119 9.45527e-05 8.5759e-05 7.67586e-05 6.75733e-05 5.82253e-05 4.87369e-05 3.91312e-05 2.94312e-05 1.96603e-05 9.84199e-06 0 
0 9.80641e-06 1.95892e-05 2.93248e-05 3.89897e-05 4.85608e-05 5.80148e-05 6.73291e-05 7.64811e-05 8.54489e-05 9.42109e-05 0.000102746 0.000111033 0.000119053 0.000126787 0.000134214 0.000141319 0.000148083 0.00015449 0.000160525 0.000166173 0.000171421 0.000176256 0.000180667 0.000184642 0.000188172 0.000191249 0.000193865 0.000196015 0.000197692 0.000198892 0.000199614 0.000199855 0.000199614 0.000198892 0.000197692 0.000196015 0.000193865 0.000191249 0.000188172 0.000184642 0.000180667 0.000176256 0.000171421 0.000166173 0.000160525 0.00015449 0.000148083 0.000141319 0.000134214 0.000126787 0.000119053 0.000111033 0.000102746 9.42109e-05 8.54489e-05 7.64811e-05 6.73291e-05 5.80148e-05 4.85608e-05 3.89897e-05 2.93248e-05 1.95892e-05 9.80641e-06 0 
0 9.74721e-06 1.94709e-05 2.91477e-05 3.87543e-05 4.82676e-05 5.76645e-05 6.69226e-05 7.60194e-05 8.49331e-05 9.36421e-05 0.000102126 0.000110363 0.000118335 0.000126021 0.000133404 0.000140466 0.000147189 0.000153557 0.000159556 0.00016517 0.000170386 0.000175192 0.000179576 0.000183527 0.000187036 0.000190094 0.000192695 0.000194831 0.000196498 0.000197692 0.000198409 0.000198648 0.000198409 0.000197692 0.000196498 0.000194831 0.000192695 0.000190094 0.000187036 0.000183527 0.000179576 0.000175192 0.000170386 0.00016517 0.000159556 0.000153557 0.000147189 0.000140466 0.000133404 0.000126021 0.000118335 0.000110363 0.000102126 9.36421e-05 8.49331e-05 7.60194e-05 6.69226e-05 5.76645e-05 4.82676e-05 3.87543e-05 2.91477e-05 1.94709e-05 9.74721e-06 0 
0 9.66452e-06 1.93058e-05 2.89005e-05 3.84256e-05 4.78581e-05 5.71754e-05 6.63549e-05 7.53745e-05 8.42126e-05 9.28478e-05 0.000101259 0.000109427 0.000117331 0.000124952 0.000132272 0.000139274 0.00014594 0.000152255 0.000158202 0.000163769 0.000168941 0.000173706 0.000178053 0.00018197 0.000185449 0.000188482 0.00019106 0.000193178 0.000194831 0.000196015 0.000196726 0.000196963 0.000196726 0.000196015 0.000194831 0.000193178 0.00019106 0.000188482 0.000185449 0.00018197 0.000178053 0.000173706 0.000168941 0.000163769 0.000158202 0.000152255 0.00014594 0.000139274 0.000132272 0.000124952 0.000117331 0.000109427 0.000101259 9.28478e-05 8.42126e-05 7.53745e-05 6.63549e-05 5.71754e-05 4.78581e-05 3.84256e-05 2.89005e-05 1.93058e-05 9.66452e-06 0 
0 9.55855e-06 1.90941e-05 2.85836e-05 3.80043e-05 4.73334e-05 5.65485e-05 6.56273e-05 7.4548e-05 8.32892e-05 9.18297e-05 0.000100149 0.000108227 0.000116044 0.000123582 0.000130822 0.000137747 0.00014434 0.000150585 0.000156468 0.000161973 0.000167088 0.000171801 0.0001761 0.000179975 0.000183416 0.000186415 0.000188965 0.00019106 0.000192695 0.000193865 0.000194569 0.000194803 0.000194569 0.000193865 0.000192695 0.00019106 0.000188965 0.000186415 0.000183416 0.000179975 0.0001761 0.000171801 0.000167088 0.000161973 0.000156468 0.000150585 0.00014434 0.000137747 0.000130822 0.000123582 0.000116044 0.000108227 0.000100149 9.18297e-05 8.32892e-05 7.4548e-05 6.56273e-05 5.65485e-05 4.73334e-05 3.80043e-05 2.85836e-05 1.90941e-05 9.55855e-06 0 
0 9.42956e-06 1.88364e-05 2.81979e-05 3.74914e-05 4.66946e-05 5.57853e-05 6.47416e-05 7.3542e-05 8.21652e-05 9.05904e-05 9.87974e-05 0.000106766 0.000114478 0.000121914 0.000129056 0.000135888 0.000142392 0.000148553 0.000154356 0.000159787 0.000164834 0.000169483 0.000173724 0.000177546 0.000180941 0.0001839 0.000186415 0.000188482 0.000190094 0.000191249 0.000191943 0.000192174 0.000191943 0.000191249 0.000190094 0.000188482 0.000186415 0.0001839 0.000180941 0.000177546 0.000173724 0.000169483 0.000164834 0.000159787 0.000154356 0.000148553 0.000142392 0.000135888 0.000129056 0.000121914 0.000114478 0.000106766 9.87974e-05 9.05904e-05 8.21652e-05 7.3542e-05 6.47416e-05 5.57853e-05 4.66946e-05 3.74914e-05 2.81979e-05 1.88364e-05 9.42956e-06 0 
0 9.27784e-06 1.85333e-05 2.77442e-05 3.68882e-05 4.59433e-05 5.48878e-05 6.37e-05 7.23588e-05 8.08432e-05 8.91329e-05 9.72079e-05 0.000105049 0.000112636 0.000119953 0.00012698 0.000133702 0.000140101 0.000146163 0.000151873 0.000157216 0.000162182 0.000166756 0.000170929 0.00017469 0.00017803 0.000180941 0.000183416 0.000185449 0.000187036 0.000188172 0.000188855 0.000189083 0.000188855 0.000188172 0.000187036 0.000185449 0.000183416 0.000180941 0.00017803 0.00017469 0.000170929 0.000166756 0.000162182 0.000157216 0.000151873 0.000146163 0.000140101 0.000133702 0.00012698 0.000119953 0.000112636 0.000105049 9.72079e-05 8.91329e-05 8.08432e-05 7.23588e-05 6.37e-05 5.48878e-05 4.59433e-05 3.68882e-05 2.77442e-05 1.85333e-05 9.27784e-06 0 
0 9.10378e-06 1.81856e-05 2.72237e-05 3.61961e-05 4.50814e-05 5.3858e-05 6.25049e-05 7.10012e-05 7.93265e-05 8.74607e-05 9.53841e-05 0.000103078 0.000110523 0.000117702 0.000124598 0.000131193 0.000137472 0.000143421 0.000149023 0.000154267 0.000159139 0.000163627 0.000167722 0.000171412 0.00017469 0.000177546 0.000179975 0.00018197 0.000183527 0.000184642 0.000185312 0.000185535 0.000185312 0.000184642 0.000183527 0.00018197 0.000179975 0.000177546 0.00017469 0.000171412 0.000167722 0.000163627 0.000159139 0.000154267 0.000149023 0.000143421 0.000137472 0.000131193 0.000124598 0.000117702 0.000110523 0.000103078 9.53841e-05 8.74607e-05 7.93265e-05 7.10012e-05 6.25049e-05 5.3858e-05 4.50814e-05 3.61961e-05 2.72237e-05 1.81856e-05 9.10378e-06 0 
0 8.90778e-06 1.77941e-05 2.66376e-05 3.54168e-05 4.41108e-05 5.26985e-05 6.11592e-05 6.94726e-05 7.76187e-05 8.55777e-05 9.33306e-05 0.000100859 0.000108144 0.000115168 0.000121915 0.000128369 0.000134513 0.000140333 0.000145815 0.000150946 0.000155713 0.000160105 0.000164111 0.000167722 0.000170929 0.000173724 0.0001761 0.000178053 0.000179576 0.000180667 0.000181322 0.000181541 0.000181322 0.000180667 0.000179576 0.000178053 0.0001761 0.000173724 0.000170929 0.000167722 0.000164111 0.000160105 0.000155713 0.000150946 0.000145815 0.000140333 0.000134513 0.000128369 0.000121915 0.000115168 0.000108144 0.000100859 9.33306e-05 8.55777e-05 7.76187e-05 6.94726e-05 6.11592e-05 5.26985e-05 4.41108e-05 3.54168e-05 2.66376e-05 1.77941e-05 8.90778e-06 0 
0 8.69033e-06 1.73597e-05 2.59873e-05 3.45523e-05 4.3034e-05 5.1412e-05 5.96662e-05 6.77767e-05 7.57239e-05 8.34886e-05 9.10522e-05 9.83965e-05 0.000105504 0.000112357 0.000118939 0.000125235 0.000131229 0.000136907 0.000142255 0.000147261 0.000151911 0.000156196 0.000160105 0.000163627 0.000166756 0.000169483 0.000171801 0.000173706 0.000175192 0.000176256 0.000176896 0.000177109 0.000176896 0.000176256 0.000175192 0.000173706 0.000171801 0.000169483 0.000166756 0.000163627 0.000160105 0.000156196 0.000151911 0.000147261 0.000142255 0.000136907 0.000131229 0.000125235 0.000118939 0.000112357 0.000105504 9.83965e-05 9.10522e-05 8.34886e-05 7.57239e-05 6.77767e-05 5.96662e-05 5.1412e-05 4.3034e-05 3.45523e-05 2.59873e-05 1.73597e-05 8.69033e-06 0 
0 8.45194e-06 1.68835e-05 2.52744e-05 3.36044e-05 4.18535e-05 5.00017e-05 5.80295e-05 6.59175e-05 7.36466e-05 8.11984e-05 8.85545e-05 9.56973e-05 0.00010261 0.000109275 0.000115676 0.0001218 0.000127629 0.000133152 0.000138353 0.000143221 0.000147744 0.000151911 0.000155713 0.000159139 0.000162182 0.000164834 0.000167088 0.000168941 0.000170386 0.000171421 0.000172043 0.000172251 0.000172043 0.000171421 0.000170386 0.000168941 0.000167088 0.000164834 0.000162182 0.000159139 0.000155713 0.000151911 0.000147744 0.000143221 0.000138353 0.000133152 0.000127629 0.0001218 0.000115676 0.000109275 0.00010261 9.56973e-05 8.85545e-05 8.11984e-05 7.36466e-05 6.59175e-05 5.80295e-05 5.00017e-05 4.18535e-05 3.36044e-05 2.52744e-05 1.68835e-05 8.45194e-06 0 
0 8.19318e-06 1.63666e-05 2.45006e-05 3.25756e-05 4.05722e-05 4.84709e-05 5.62529e-05 6.38994e-05 7.1392e-05 7.87125e-05 8.58435e-05 9.27676e-05 9.94682e-05 0.000105929 0.000112135 0.000118071 0.000123722 0.000129075 0.000134117 0.000138836 0.000143221 0.000147261 0.000150946 0.000154267 0.000157216 0.000159787 0.000161973 0.000163769 0.00016517 0.000166173 0.000166776 0.000166977 0.000166776 0.000166173 0.00016517 0.000163769 0.000161973 0.000159787 0.000157216 0.000154267 0.000150946 0.000147261 0.000143221 0.000138836 0.000134117 0.000129075 0.000123722 0.000118071 0.000112135 0.000105929 9.94682e-05 9.27676e-05 8.58435e-05 7.87125e-05 7.1392e-05 6.38994e-05 5.62529e-05 4.84709e-05 4.05722e-05 3.25756e-05 2.45006e-05 1.63666e-05 8.19318e-06 0 
0 7.91469e-06 1.58103e-05 2.36679e-05 3.14684e-05 3.91931e-05 4.68234e-05 5.43409e-05 6.17274e-05 6.89653e-05 7.6037e-05 8.29256e-05 8.96144e-05 9.60872e-05 0.000102329 0.000108324 0.000114057 0.000119517 0.000124688 0.000129559 0.000134117 0.000138353 0.000142255 0.000145815 0.000149023 0.000151873 0.000154356 0.000156468 0.000158202 0.000159556 0.000160525 0.000161107 0.000161302 0.000161107 0.000160525 0.000159556 0.000158202 0.000156468 0.000154356 0.000151873 0.000149023 0.000145815 0.000142255 0.000138353 0.000134117 0.000129559 0.000124688 0.000119517 0.000114057 0.000108324 0.000102329 9.60872e-05 8.96144e-05 8.29256e-05 7.6037e-05 6.89653e-05 6.17274e-05 5.43409e-05 4.68234e-05 3.91931e-05 3.14684e-05 2.36679e-05 1.58103e-05 7.91469e-06 0 
0 7.61714e-06 1.52159e-05 2.27781e-05 3.02853e-05 3.77196e-05 4.5063e-05 5.22979e-05 5.94068e-05 6.63725e-05 7.31784e-05 7.9808e-05 8.62453e-05 9.24748e-05 9.84815e-05 0.000104251 0.000109769 0.000115023 0.00012 0.000124688 0.000129075 0.000133152 0.000136907 0.000140333 0.000143421 0.000146163 0.000148553 0.000150585 0.000152255 0.000153557 0.00015449 0.00015505 0.000155237 0.00015505 0.00015449 0.000153557 0.000152255 0.000150585 0.000148553 0.000146163 0.000143421 0.000140333 0.000136907 0.000133152 0.000129075 0.000124688 0.00012 0.000115023 0.000109769 0.000104251 9.84815e-05 9.24748e-05 8.62453e-05 7.9808e-05 7.31784e-05 6.63725e-05 5.94068e-05 5.22979e-05 4.5063e-05 3.77196e-05 3.02853e-05 2.27781e-05 1.52159e-05 7.61714e-06 0 
0 7.30123e-06 1.45849e-05 2.18334e-05 2.90293e-05 3.61552e-05 4.31941e-05 5.01289e-05 5.6943e-05 6.36198e-05 7.01434e-05 7.6498e-05 8.26684e-05 8.86395e-05 9.43972e-05 9.99274e-05 0.000105217 0.000110253 0.000115023 0.000119517 0.000123722 0.000127629 0.000131229 0.000134513 0.000137472 0.000140101 0.000142392 0.00014434 0.00014594 0.000147189 0.000148083 0.00014862 0.000148799 0.00014862 0.000148083 0.000147189 0.00014594 0.00014434 0.000142392 0.000140101 0.000137472 0.000134513 0.000131229 0.000127629 0.000123722 0.000119517 0.000115023 0.000110253 0.000105217 9.99274e-05 9.43972e-05 8.86395e-05 8.26684e-05 7.6498e-05 7.01434e-05 6.36198e-05 5.6943e-05 5.01289e-05 4.31941e-05 3.61552e-05 2.90293e-05 2.18334e-05 1.45849e-05 7.30123e-06 0 
0 6.96773e-06 1.39187e-05 2.08361e-05 2.77033e-05 3.45038e-05 4.12211e-05 4.78392e-05 5.4342e-05 6.07139e-05 6.69395e-05 7.30039e-05 7.88923e-05 8.45908e-05 9.00854e-05 9.5363e-05 0.000100411 0.000105217 0.000109769 0.000114057 0.000118071 0.0001218 0.000125235 0.000128369 0.000131193 0.000133702 0.000135888 0.000137747 0.000139274 0.000140466 0.000141319 0.000141831 0.000142002 0.000141831 0.000141319 0.000140466 0.000139274 0.000137747 0.000135888 0.000133702 0.000131193 0.000128369 0.000125235 0.0001218 0.000118071 0.000114057 0.000109769 0.000105217 0.000100411 9.5363e-05 9.00854e-05 8.45908e-05 7.88923e-05 7.30039e-05 6.69395e-05 6.07139e-05 5.4342e-05 4.78392e-05 4.12211e-05 3.45038e-05 2.77033e-05 2.08361e-05 1.39187e-05 6.96773e-06 0 
0 6.61745e-06 1.3219e-05 1.97886e-05 2.63106e-05 3.27692e-05 3.91489e-05 4.54342e-05 5.16101e-05 5.76617e-05 6.35743e-05 6.93338e-05 7.49262e-05 8.03382e-05 8.55566e-05 9.05689e-05 9.5363e-05 9.99274e-05 0.000104251 0.000108324 0.000112135 0.000115676 0.000118939 0.000121915 0.000124598 0.00012698 0.000129056 0.000130822 0.000132272 0.000133404 0.000134214 0.000134701 0.000134864 0.000134701 0.000134214 0.000133404 0.000132272 0.000130822 0.000129056 0.00012698 0.000124598 0.000121915 0.000118939 0.000115676 0.000112135 0.000108324 0.000104251 9.99274e-05 9.5363e-05 9.05689e-05 8.55566e-05 8.03382e-05 7.49262e-05 6.93338e-05 6.35743e-05 5.76617e-05 5.16101e-05 4.54342e-05 3.91489e-05 3.27692e-05 2.63106e-05 1.97886e-05 1.3219e-05 6.61745e-06 0 
0 6.25122e-06 1.24874e-05 1.86935e-05 2.48545e-05 3.09557e-05 3.69823e-05 4.29198e-05 4.87539e-05 5.44705e-05 6.00559e-05 6.54967e-05 7.07797e-05 7.58921e-05 8.08217e-05 8.55566e-05 9.00854e-05 9.43972e-05 9.84815e-05 0.000102329 0.000105929 0.000109275 0.000112357 0.000115168 0.000117702 0.000119953 0.000121914 0.000123582 0.000124952 0.000126021 0.000126787 0.000127247 0.0001274 0.000127247 0.000126787 0.000126021 0.000124952 0.000123582 0.000121914 0.000119953 0.000117702 0.000115168 0.000112357 0.000109275 0.000105929 0.000102329 9.84815e-05 9.43972e-05 9.00854e-05 8.55566e-05 8.08217e-05 7.58921e-05 7.07797e-05 6.54967e-05 6.00559e-05 5.44705e-05 4.87539e-05 4.29198e-05 3.69823e-05 3.09557e-05 2.48545e-05 1.86935e-05 1.24874e-05 6.25122e-06 0 
0 5.86994e-06 1.17257e-05 1.75533e-05 2.33385e-05 2.90676e-05 3.47266e-05 4.03019e-05 4.57802e-05 5.11482e-05 5.63929e-05 6.15018e-05 6.64625e-05 7.12632e-05 7.58921e-05 8.03382e-05 8.45908e-05 8.86395e-05 9.24748e-05 9.60872e-05 9.94682e-05 0.00010261 0.000105504 0.000108144 0.000110523 0.000112636 0.000114478 0.000116044 0.000117331 0.000118335 0.000119053 0.000119485 0.000119629 0.000119485 0.000119053 0.000118335 0.000117331 0.000116044 0.000114478 0.000112636 0.000110523 0.000108144 0.000105504 0.00010261 9.94682e-05 9.60872e-05 9.24748e-05 8.86395e-05 8.45908e-05 8.03382e-05 7.58921e-05 7.12632e-05 6.64625e-05 6.15018e-05 5.63929e-05 5.11482e-05 4.57802e-05 4.03019e-05 3.47266e-05 2.90676e-05 2.33385e-05 1.75533e-05 1.17257e-05 5.86994e-06 0 
0 5.47451e-06 1.09358e-05 1.63708e-05 2.17663e-05 2.71094e-05 3.23872e-05 3.7587e-05 4.26962e-05 4.77026e-05 5.2594e-05 5.73588e-05 6.19853e-05 6.64625e-05 7.07797e-05 7.49262e-05 7.88923e-05 8.26684e-05 8.62453e-05 8.96144e-05 9.27676e-05 9.56973e-05 9.83965e-05 0.000100859 0.000103078 0.000105049 0.000106766 0.000108227 0.000109427 0.000110363 0.000111033 0.000111436 0.000111571 0.000111436 0.000111033 0.000110363 0.000109427 0.000108227 0.000106766 0.000105049 0.000103078 0.000100859 9.83965e-05 9.56973e-05 9.27676e-05 8.96144e-05 8.62453e-05 8.26684e-05 7.88923e-05 7.49262e-05 7.07797e-05 6.64625e-05 6.19853e-05 5.73588e-05 5.2594e-05 4.77026e-05 4.26962e-05 3.7587e-05 3.23872e-05 2.71094e-05 2.17663e-05 1.63708e-05 1.09358e-05 5.47451e-06 0 
