0 3.05176e-05 0.000244141 0.000823975 0.00195312 0.0038147 0.0065918 0.0104675 0.015625 0.0222473 0.0305176 0.0406189 0.0527344 0.0670471 0.0837402 0.102997 0.125 0.149933 0.177979 0.20932 0.244141 0.282623 0.324951 0.371307 0.421875 0.476837 0.536377 0.600677 0.669922 0.744293 0.823975 0.909149 1 
3.05176e-05 0 0 0 0 0 0 0 0 0 0 0 0.0527143 0.0670279 0.083794 0.103105 0.125137 0.150079 0.178123 0.209457 0.244268 0.28274 0.325057 0.371403 0.421962 0.476915 0.536447 0.60074 0.669977 0.744342 0.824017 0.909186 1.00003 
0.000244141 0 0 0 0 0 0 0 0 0 0 0 0.0523578 0.0671195 0.0840493 0.103423 0.125475 0.150419 0.178457 0.209781 0.24458 0.28304 0.325346 0.371682 0.422231 0.477175 0.536699 0.600985 0.670215 0.744574 0.824243 0.909405 1.00024 
0.000823975 0 0 0 0 0 0 0 0 0 0 0 0.0527986 0.0677895 0.0847906 0.104175 0.126217 0.151145 0.179166 0.210474 0.245258 0.283705 0.326 0.372325 0.422864 0.477801 0.537317 0.601595 0.670819 0.745171 0.824834 0.909991 1.00082 
0.00195312 0 0 0 0 0 0 0 0 0 0 0 0.0545722 0.069379 0.0862613 0.105566 0.127552 0.152441 0.180433 0.211719 0.246485 0.284918 0.3272 0.373515 0.424045 0.478973 0.538481 0.602753 0.671971 0.746317 0.825974 0.911125 1.00195 
0.0038147 0 0 0 0 0 0 0 0 0 0 0 0.0577074 0.0720056 0.0886062 0.107752 0.129647 0.154479 0.182434 0.213694 0.248441 0.286859 0.329129 0.375433 0.425955 0.480875 0.540376 0.604642 0.673853 0.748194 0.827846 0.912992 1.00381 
0.0065918 0 0 0 0 0 0 0 0 0 0 0 0.0619997 0.0756258 0.0918843 0.110853 0.13265 0.157424 0.185341 0.216576 0.251305 0.289708 0.331967 0.378262 0.428775 0.483688 0.543184 0.607443 0.67665 0.750985 0.830632 0.915774 1.00659 
0.0104675 0 0 0 0 0 0 0 0 0 0 0 0.0671286 0.0800925 0.0961145 0.114971 0.136703 0.161436 0.189326 0.22054 0.255255 0.293647 0.335896 0.382183 0.432689 0.487596 0.547086 0.61134 0.680542 0.754873 0.834516 0.919653 1.01047 
0.015625 0 0 0 0 0 0 0 0 0 0 0.059584 0.0714581 0.0851631 0.101355 0.120241 0.141967 0.166687 0.194563 0.225766 0.260471 0.298855 0.341097 0.387378 0.437878 0.492781 0.552266 0.616516 0.685714 0.760041 0.839681 0.924814 1.01562 
0.0222473 0 0 0 0 0 0 0 0 0 0.0554378 0.0656595 0.0776188 0.0915916 0.107932 0.126882 0.148632 0.173359 0.201235 0.232434 0.267135 0.305514 0.347752 0.394029 0.444526 0.499424 0.558906 0.623153 0.692348 0.766672 0.846309 0.93144 1.02225 
0.0305176 0 0 0 0 0 0 0 0 0.0554378 0.0636331 0.0736596 0.0856112 0.099681 0.116109 0.135116 0.156899 0.181642 0.209526 0.240729 0.27543 0.313808 0.356044 0.402319 0.452814 0.50771 0.56719 0.631435 0.700627 0.774949 0.854583 0.939712 1.03052 
0.0406189 0 0 0 0 0 0 0 0.059584 0.0656595 0.0736596 0.0835796 0.0955138 0.109623 0.126103 0.145153 0.166966 0.191729 0.219625 0.250835 0.28554 0.32392 0.366157 0.412432 0.462927 0.517822 0.5773 0.641544 0.710735 0.785055 0.864688 0.949815 1.04062 
0.0527344 0.0527143 0.0523578 0.0527986 0.0545722 0.0577074 0.0619997 0.0671286 0.0714581 0.0776188 0.0856112 0.0955138 0.107453 0.121589 0.138104 0.157188 0.179027 0.20381 0.23172 0.26294 0.297651 0.336036 0.378275 0.424552 0.475047 0.529942 0.58942 0.653664 0.722854 0.797174 0.876805 0.961931 1.05273 
0.0670471 0.0670279 0.0671195 0.0677895 0.069379 0.0720056 0.0756258 0.0800925 0.0851631 0.0915916 0.099681 0.109623 0.121589 0.135753 0.152298 0.171409 0.193273 0.218074 0.245999 0.277229 0.311948 0.350338 0.392582 0.438861 0.489358 0.544255 0.603734 0.667977 0.737167 0.811487 0.891119 0.976244 1.06705 
0.0837402 0.083794 0.0840493 0.0847906 0.0862613 0.0886062 0.0918843 0.0961145 0.101355 0.107932 0.116109 0.126103 0.138104 0.152298 0.16887 0.188005 0.20989 0.234709 0.262647 0.293889 0.328616 0.367013 0.409262 0.455545 0.506044 0.560943 0.620423 0.684668 0.753859 0.828179 0.907811 0.992937 1.08374 
0.102997 0.103105 0.103423 0.104175 0.105566 0.107752 0.110853 0.114971 0.120241 0.126882 0.135116 0.145153 0.157188 0.171409 0.188005 0.207162 0.229065 0.253901 0.281852 0.313105 0.347841 0.386245 0.428499 0.474786 0.525289 0.580191 0.639673 0.70392 0.773112 0.847433 0.927066 1.01219 1.103 
0.125 0.125137 0.125475 0.126217 0.127552 0.129647 0.13265 0.136703 0.141967 0.148632 0.156899 0.166966 0.179027 0.193273 0.20989 0.229065 0.250985 0.275835 0.303799 0.335062 0.369807 0.408218 0.450478 0.49677 0.547277 0.602182 0.661667 0.725915 0.79511 0.869433 0.949067 1.0342 1.125 
0.149933 0.150079 0.150419 0.151145 0.152441 0.154479 0.157424 0.161436 0.166687 0.173359 0.181642 0.191729 0.20381 0.218074 0.234709 0.253901 0.275835 0.300698 0.328673 0.359946 0.394699 0.433117 0.475383 0.52168 0.572191 0.6271 0.686588 0.750839 0.820035 0.89436 0.973996 1.05913 1.14993 
0.177979 0.178123 0.178457 0.179166 0.180433 0.182434 0.185341 0.189326 0.194563 0.201235 0.209526 0.219625 0.23172 0.245999 0.262647 0.281852 0.303799 0.328673 0.356659 0.38794 0.422702 0.461126 0.503398 0.5497 0.600216 0.655128 0.71462 0.778873 0.848073 0.9224 1.00204 1.08717 1.17798 
0.20932 0.209457 0.209781 0.210474 0.211719 0.213694 0.216576 0.22054 0.225766 0.232434 0.240729 0.250835 0.26294 0.277229 0.293889 0.313105 0.335062 0.359946 0.38794 0.41923 0.453998 0.49243 0.534707 0.581014 0.631534 0.68645 0.745945 0.810202 0.879404 0.953734 1.03337 1.11851 1.20932 
0.244141 0.244268 0.24458 0.245258 0.246485 0.248441 0.251305 0.255255 0.260471 0.267135 0.27543 0.28554 0.297651 0.311948 0.328616 0.347841 0.369807 0.394699 0.422702 0.453998 0.488774 0.527211 0.569494 0.615806 0.66633 0.72125 0.780749 0.845009 0.914214 0.988547 1.06819 1.15333 1.24414 
0.282623 0.28274 0.28304 0.283705 0.284918 0.286859 0.289708 0.293647 0.298855 0.305514 0.313808 0.32392 0.336036 0.350338 0.367013 0.386245 0.408218 0.433117 0.461126 0.49243 0.527211 0.565654 0.607942 0.654259 0.704788 0.759711 0.819214 0.883477 0.952686 1.02702 1.10667 1.19181 1.28262 
0.324951 0.325057 0.325346 0.326 0.3272 0.329129 0.331967 0.335896 0.341097 0.347752 0.356044 0.366157 0.378275 0.392582 0.409262 0.428499 0.450478 0.475383 0.503398 0.534707 0.569494 0.607942 0.650235 0.696556 0.747089 0.802017 0.861523 0.92579 0.995002 1.06934 1.14899 1.23413 1.32495 
0.371307 0.371403 0.371682 0.372325 0.373515 0.375433 0.378262 0.382183 0.387378 0.394029 0.402319 0.412432 0.424552 0.438861 0.455545 0.474786 0.49677 0.52168 0.5497 0.581014 0.615806 0.654259 0.696556 0.742882 0.793419 0.84835 0.90786 0.972131 1.04135 1.11569 1.19534 1.28049 1.37131 
0.421875 0.421962 0.422231 0.422864 0.424045 0.425955 0.428775 0.432689 0.437878 0.444526 0.452814 0.462927 0.475047 0.489358 0.506044 0.525289 0.547277 0.572191 0.600216 0.631534 0.66633 0.704788 0.747089 0.793419 0.84396 0.898895 0.958408 1.02268 1.0919 1.16625 1.2459 1.33105 1.42188 
0.476837 0.476915 0.477175 0.477801 0.478973 0.480875 0.483688 0.487596 0.492781 0.499424 0.50771 0.517822 0.529942 0.544255 0.560943 0.580191 0.602182 0.6271 0.655128 0.68645 0.72125 0.759711 0.802017 0.84835 0.898895 0.953834 1.01335 1.07763 1.14685 1.2212 1.30086 1.38601 1.47684 
0.536377 0.536447 0.536699 0.537317 0.538481 0.540376 0.543184 0.547086 0.552266 0.558906 0.56719 0.5773 0.58942 0.603734 0.620423 0.639673 0.661667 0.686588 0.71462 0.745945 0.780749 0.819214 0.861523 0.90786 0.958408 1.01335 1.07287 1.13715 1.20638 1.28073 1.36039 1.44555 1.53638 
0.600677 0.60074 0.600985 0.601595 0.602753 0.604642 0.607443 0.61134 0.616516 0.623153 0.631435 0.641544 0.653664 0.667977 0.684668 0.70392 0.725915 0.750839 0.778873 0.810202 0.845009 0.883477 0.92579 0.972131 1.02268 1.07763 1.13715 1.20144 1.27066 1.34502 1.42468 1.50984 1.60068 
0.669922 0.669977 0.670215 0.670819 0.671971 0.673853 0.67665 0.680542 0.685714 0.692348 0.700627 0.710735 0.722854 0.737167 0.753859 0.773112 0.79511 0.820035 0.848073 0.879404 0.914214 0.952686 0.995002 1.04135 1.0919 1.14685 1.20638 1.27066 1.3399 1.41425 1.49392 1.57908 1.66992 
0.744293 0.744342 0.744574 0.745171 0.746317 0.748194 0.750985 0.754873 0.760041 0.766672 0.774949 0.785055 0.797174 0.811487 0.828179 0.847433 0.869433 0.89436 0.9224 0.953734 0.988547 1.02702 1.06934 1.11569 1.16625 1.2212 1.28073 1.34502 1.41425 1.48862 1.56829 1.65345 1.74429 
0.823975 0.824017 0.824243 0.824834 0.825974 0.827846 0.830632 0.834516 0.839681 0.846309 0.854583 0.864688 0.876805 0.891119 0.907811 0.927066 0.949067 0.973996 1.00204 1.03337 1.06819 1.10667 1.14899 1.19534 1.2459 1.30086 1.36039 1.42468 1.49392 1.56829 1.64796 1.73313 1.82397 
0.909149 0.909186 0.909405 0.909991 0.911125 0.912992 0.915774 0.919653 0.924814 0.93144 0.939712 0.949815 0.961931 0.976244 0.992937 1.01219 1.0342 1.05913 1.08717 1.11851 1.15333 1.19181 1.23413 1.28049 1.33105 1.38601 1.44555 1.50984 1.57908 1.65345 1.73313 1.8183 1.90915 
1 1.00003 1.00024 1.00082 1.00195 1.00381 1.00659 1.01047 1.01562 1.02225 1.03052 1.04062 1.05273 1.06705 1.08374 1.103 1.125 1.14993 1.17798 1.20932 1.24414 1.28262 1.32495 1.37131 1.42188 1.47684 1.53638 1.60068 1.66992 1.74429 1.82397 1.90915 2 
