0 1.31612e-14 2.28882e-05 9.15527e-05 0.000228882 0.000457764 0.000801086 0.00128174 0.00192261 0.00274658 0.00377655 0.0050354 0.00654602 0.0083313 0.0104141 0.0128174 0.015564 0.0186768 0.0221786 0.0260925 0.0304413 0.0352478 0.040535 0.0463257 0.0526428 0.0595093 0.0669479 0.0749817 0.0836334 0.092926 0.102882 0.113525 0.124878 0.136963 0.149803 0.163422 0.177841 0.193085 0.209175 0.226135 0.243988 0.262756 0.282463 0.303131 0.324783 0.347443 0.371132 0.395874 0.421692 0.448608 0.476646 0.505829 0.536179 0.567719 0.600471 0.63446 0.669708 0.706238 0.744072 0.783234 0.823746 0.865631 0.908913 0.953613 0.999756 
1.31591e-14 1.6756e-14 2.28882e-05 9.15527e-05 0.000228882 0.000457764 0.000801086 0.00128174 0.00192261 0.00274658 0.00377655 0.0050354 0.00654602 0.0083313 0.0104141 0.0128174 0.015564 0.0186768 0.0221786 0.0260925 0.0304413 0.0352478 0.040535 0.0463257 0.0526428 0.0595093 0.0669479 0.0749817 0.0836334 0.092926 0.102882 0.113525 0.124878 0.136963 0.149803 0.163422 0.177841 0.193085 0.209175 0.226135 0.243988 0.262756 0.282463 0.303131 0.324783 0.347443 0.371132 0.395874 0.421692 0.448608 0.476646 0.505829 0.536179 0.567719 0.600471 0.63446 0.669708 0.706238 0.744072 0.783234 0.823746 0.865631 0.908913 0.953613 0.999756 
2.28882e-05 2.28882e-05 4.57764e-05 0.000114441 0.00025177 0.000480652 0.000823975 0.00130463 0.0019455 0.00276947 0.00379944 0.00505829 0.00656891 0.00835419 0.010437 0.0128403 0.0155869 0.0186996 0.0222015 0.0261154 0.0304642 0.0352707 0.0405579 0.0463486 0.0526657 0.0595322 0.0669708 0.0750046 0.0836563 0.0929489 0.102905 0.113548 0.124901 0.136986 0.149826 0.163445 0.177864 0.193108 0.209198 0.226158 0.244011 0.262779 0.282486 0.303154 0.324806 0.347466 0.371155 0.395897 0.421715 0.448631 0.476669 0.505852 0.536201 0.567741 0.600494 0.634483 0.669731 0.706261 0.744095 0.783257 0.823769 0.865654 0.908936 0.953636 0.999779 
9.15527e-05 9.15527e-05 0.000114441 0.000183105 0.000320435 0.000549316 0.000892639 0.00137329 0.00201416 0.00283813 0.0038681 0.00512695 0.00663757 0.00842285 0.0105057 0.0129089 0.0156555 0.0187683 0.0222702 0.0261841 0.0305328 0.0353394 0.0406265 0.0464172 0.0527344 0.0596008 0.0670395 0.0750732 0.083725 0.0930176 0.102974 0.113617 0.124969 0.137054 0.149895 0.163513 0.177933 0.193176 0.209267 0.226227 0.24408 0.262848 0.282555 0.303223 0.324875 0.347534 0.371223 0.395966 0.421783 0.4487 0.476738 0.50592 0.53627 0.56781 0.600563 0.634552 0.6698 0.706329 0.744164 0.783325 0.823837 0.865723 0.909004 0.953705 0.999847 
0.000228882 0.000228882 0.00025177 0.000320435 0.000457764 0.000686646 0.00102997 0.00151062 0.00215149 0.00297546 0.00400543 0.00526428 0.0067749 0.00856018 0.010643 0.0130463 0.0157928 0.0189056 0.0224075 0.0263214 0.0306702 0.0354767 0.0407639 0.0465546 0.0528717 0.0597382 0.0671768 0.0752106 0.0838623 0.0931549 0.103111 0.113754 0.125107 0.137192 0.150032 0.163651 0.17807 0.193314 0.209404 0.226364 0.244217 0.262985 0.282692 0.30336 0.325012 0.347672 0.371361 0.396103 0.421921 0.448837 0.476875 0.506058 0.536407 0.567947 0.6007 0.634689 0.669937 0.706467 0.744301 0.783463 0.823975 0.86586 0.909142 0.953842 0.999985 
0.000457764 0.000457764 0.000480652 0.000549316 0.000686646 0.000915527 0.00125885 0.0017395 0.00238037 0.00320435 0.00423431 0.00549316 0.00700378 0.00878906 0.0108719 0.0132751 0.0160217 0.0191345 0.0226364 0.0265503 0.030899 0.0357056 0.0409927 0.0467834 0.0531006 0.059967 0.0674057 0.0754395 0.0840912 0.0933838 0.10334 0.113983 0.125336 0.137421 0.150261 0.163879 0.178299 0.193542 0.209633 0.226593 0.244446 0.263214 0.282921 0.303589 0.325241 0.3479 0.37159 0.396332 0.42215 0.449066 0.477104 0.506287 0.536636 0.568176 0.600929 0.634918 0.670166 0.706696 0.74453 0.783691 0.824203 0.866089 0.90937 0.954071 1.00021 
0.000801086 0.000801086 0.000823975 0.000892639 0.00102997 0.00125885 0.00160217 0.00208282 0.00272369 0.00354767 0.00457764 0.00583649 0.00734711 0.00913239 0.0112152 0.0136185 0.0163651 0.0194778 0.0229797 0.0268936 0.0312424 0.0360489 0.0413361 0.0471268 0.0534439 0.0603104 0.067749 0.0757828 0.0844345 0.0937271 0.103683 0.114326 0.125679 0.137764 0.150604 0.164223 0.178642 0.193886 0.209976 0.226936 0.244789 0.263557 0.283264 0.303932 0.325584 0.348244 0.371933 0.396675 0.422493 0.449409 0.477448 0.50663 0.53698 0.56852 0.601273 0.635262 0.670509 0.707039 0.744873 0.784035 0.824547 0.866432 0.909714 0.954414 1.00056 
0.00128174 0.00128174 0.00130463 0.00137329 0.00151062 0.0017395 0.00208282 0.00256348 0.00320435 0.00402832 0.00505829 0.00631714 0.00782776 0.00961304 0.0116959 0.0140991 0.0168457 0.0199585 0.0234604 0.0273743 0.031723 0.0365295 0.0418167 0.0476074 0.0539246 0.060791 0.0682297 0.0762634 0.0849152 0.0942078 0.104164 0.114807 0.12616 0.138245 0.151085 0.164703 0.179123 0.194366 0.210457 0.227417 0.24527 0.264038 0.283745 0.304413 0.326065 0.348724 0.372414 0.397156 0.422974 0.44989 0.477928 0.507111 0.53746 0.569 0.601753 0.635742 0.67099 0.70752 0.745354 0.784515 0.825027 0.866913 0.910194 0.954895 1.00104 
0.00192261 0.00192261 0.0019455 0.00201416 0.00215149 0.00238037 0.00272369 0.00320435 0.00384521 0.00466919 0.00569916 0.00695801 0.00846863 0.0102539 0.0123367 0.01474 0.0174866 0.0205994 0.0241013 0.0280151 0.0323639 0.0371704 0.0424576 0.0482483 0.0545654 0.0614319 0.0688705 0.0769043 0.085556 0.0948486 0.104805 0.115448 0.126801 0.138885 0.151726 0.165344 0.179764 0.195007 0.211098 0.228058 0.245911 0.264679 0.284386 0.305054 0.326706 0.349365 0.373055 0.397797 0.423615 0.450531 0.478569 0.507751 0.538101 0.569641 0.602394 0.636383 0.671631 0.70816 0.745995 0.785156 0.825668 0.867554 0.910835 0.955536 1.00168 
0.00274658 0.00274658 0.00276947 0.00283813 0.00297546 0.00320435 0.00354767 0.00402832 0.00466919 0.00549316 0.00652313 0.00778198 0.0092926 0.0110779 0.0131607 0.015564 0.0183105 0.0214233 0.0249252 0.0288391 0.0331879 0.0379944 0.0432816 0.0490723 0.0553894 0.0622559 0.0696945 0.0777283 0.08638 0.0956726 0.105629 0.116272 0.127625 0.139709 0.15255 0.166168 0.180588 0.195831 0.211922 0.228882 0.246735 0.265503 0.28521 0.305878 0.32753 0.350189 0.373878 0.398621 0.424438 0.451355 0.479393 0.508575 0.538925 0.570465 0.603218 0.637207 0.672455 0.708984 0.746819 0.78598 0.826492 0.868378 0.911659 0.95636 1.0025 
0.00377655 0.00377655 0.00379944 0.0038681 0.00400543 0.00423431 0.00457764 0.00505829 0.00569916 0.00652313 0.0075531 0.00881195 0.0103226 0.0121078 0.0141907 0.0165939 0.0193405 0.0224533 0.0259552 0.0298691 0.0342178 0.0390244 0.0443115 0.0501022 0.0564194 0.0632858 0.0707245 0.0787582 0.08741 0.0967026 0.106659 0.117302 0.128654 0.140739 0.15358 0.167198 0.181618 0.196861 0.212952 0.229912 0.247765 0.266533 0.28624 0.306908 0.32856 0.351219 0.374908 0.399651 0.425468 0.452385 0.480423 0.509605 0.539955 0.571495 0.604248 0.638237 0.673485 0.710014 0.747849 0.78701 0.827522 0.869408 0.912689 0.95739 1.00353 
0.0050354 0.0050354 0.00505829 0.00512695 0.00526428 0.00549316 0.00583649 0.00631714 0.00695801 0.00778198 0.00881195 0.0100708 0.0115814 0.0133667 0.0154495 0.0178528 0.0205994 0.0237122 0.0272141 0.0311279 0.0354767 0.0402832 0.0455704 0.0513611 0.0576782 0.0645447 0.0719833 0.0800171 0.0886688 0.0979614 0.107918 0.118561 0.129913 0.141998 0.154839 0.168457 0.182877 0.19812 0.214211 0.231171 0.249023 0.267792 0.287498 0.308167 0.329819 0.352478 0.376167 0.400909 0.426727 0.453644 0.481682 0.510864 0.541214 0.572754 0.605507 0.639496 0.674744 0.711273 0.749107 0.788269 0.828781 0.870667 0.913948 0.958649 1.00479 
0.00654602 0.00654602 0.00656891 0.00663757 0.0067749 0.00700378 0.00734711 0.00782776 0.00846863 0.0092926 0.0103226 0.0115814 0.013092 0.0148773 0.0169601 0.0193634 0.02211 0.0252228 0.0287247 0.0326385 0.0369873 0.0417938 0.047081 0.0528717 0.0591888 0.0660553 0.073494 0.0815277 0.0901794 0.099472 0.109428 0.120071 0.131424 0.143509 0.156349 0.169968 0.184387 0.199631 0.215721 0.232681 0.250534 0.269302 0.289009 0.309677 0.331329 0.353989 0.377678 0.40242 0.428238 0.455154 0.483192 0.512375 0.542725 0.574265 0.607018 0.641006 0.676254 0.712784 0.750618 0.78978 0.830292 0.872177 0.915459 0.960159 1.0063 
0.0083313 0.0083313 0.00835419 0.00842285 0.00856018 0.00878906 0.00913239 0.00961304 0.0102539 0.0110779 0.0121078 0.0133667 0.0148773 0.0166626 0.0187454 0.0211487 0.0238953 0.0270081 0.0305099 0.0344238 0.0387726 0.0435791 0.0488663 0.054657 0.0609741 0.0678406 0.0752792 0.083313 0.0919647 0.101257 0.111214 0.121857 0.133209 0.145294 0.158134 0.171753 0.186172 0.201416 0.217506 0.234467 0.252319 0.271088 0.290794 0.311462 0.333115 0.355774 0.379463 0.404205 0.430023 0.45694 0.484978 0.51416 0.54451 0.57605 0.608803 0.642792 0.67804 0.714569 0.752403 0.791565 0.832077 0.873962 0.917244 0.961945 1.00809 
0.0104141 0.0104141 0.010437 0.0105057 0.010643 0.0108719 0.0112152 0.0116959 0.0123367 0.0131607 0.0141907 0.0154495 0.0169601 0.0187454 0.0208282 0.0232315 0.0259781 0.0290909 0.0325928 0.0365067 0.0408554 0.0456619 0.0509491 0.0567398 0.0630569 0.0699234 0.0773621 0.0853958 0.0940475 0.10334 0.113297 0.12394 0.135292 0.147377 0.160217 0.173836 0.188255 0.203499 0.219589 0.236549 0.254402 0.27317 0.292877 0.313545 0.335197 0.357857 0.381546 0.406288 0.432106 0.459023 0.487061 0.516243 0.546593 0.578133 0.610886 0.644875 0.680122 0.716652 0.754486 0.793648 0.83416 0.876045 0.919327 0.964027 1.01017 
0.0128174 0.0128174 0.0128403 0.0129089 0.0130463 0.0132751 0.0136185 0.0140991 0.01474 0.015564 0.0165939 0.0178528 0.0193634 0.0211487 0.0232315 0.0256348 0.0283813 0.0314941 0.034996 0.0389099 0.0432587 0.0480652 0.0533524 0.0591431 0.0654602 0.0723267 0.0797653 0.0877991 0.0964508 0.105743 0.1157 0.126343 0.137695 0.14978 0.162621 0.176239 0.190659 0.205902 0.221992 0.238953 0.256805 0.275574 0.29528 0.315948 0.337601 0.36026 0.383949 0.408691 0.434509 0.461426 0.489464 0.518646 0.548996 0.580536 0.613289 0.647278 0.682526 0.719055 0.756889 0.796051 0.836563 0.878448 0.92173 0.966431 1.01257 
0.015564 0.015564 0.0155869 0.0156555 0.0157928 0.0160217 0.0163651 0.0168457 0.0174866 0.0183105 0.0193405 0.0205994 0.02211 0.0238953 0.0259781 0.0283813 0.0311279 0.0342407 0.0377426 0.0416565 0.0460052 0.0508118 0.0560989 0.0618896 0.0682068 0.0750732 0.0825119 0.0905457 0.0991974 0.10849 0.118446 0.129089 0.140442 0.152527 0.165367 0.178986 0.193405 0.208649 0.224739 0.241699 0.259552 0.27832 0.298027 0.318695 0.340347 0.363007 0.386696 0.411438 0.437256 0.464172 0.49221 0.521393 0.551743 0.583282 0.616035 0.650024 0.685272 0.721802 0.759636 0.798798 0.83931 0.881195 0.924477 0.969177 1.01532 
0.0186768 0.0186768 0.0186996 0.0187683 0.0189056 0.0191345 0.0194778 0.0199585 0.0205994 0.0214233 0.0224533 0.0237122 0.0252228 0.0270081 0.0290909 0.0314941 0.0342407 0.0373535 0.0408554 0.0447693 0.049118 0.0539246 0.0592117 0.0650024 0.0713196 0.078186 0.0856247 0.0936584 0.10231 0.111603 0.121559 0.132202 0.143555 0.15564 0.16848 0.182098 0.196518 0.211761 0.227852 0.244812 0.262665 0.281433 0.30114 0.321808 0.34346 0.366119 0.389809 0.414551 0.440369 0.467285 0.495323 0.524506 0.554855 0.586395 0.619148 0.653137 0.688385 0.724915 0.762749 0.80191 0.842422 0.884308 0.927589 0.97229 1.01843 
0.0221786 0.0221786 0.0222015 0.0222702 0.0224075 0.0226364 0.0229797 0.0234604 0.0241013 0.0249252 0.0259552 0.0272141 0.0287247 0.0305099 0.0325928 0.034996 0.0377426 0.0408554 0.0443573 0.0482712 0.0526199 0.0574265 0.0627136 0.0685043 0.0748215 0.0816879 0.0891266 0.0971603 0.105812 0.115105 0.125061 0.135704 0.147057 0.159142 0.171982 0.1856 0.20002 0.215263 0.231354 0.248314 0.266167 0.284935 0.304642 0.32531 0.346962 0.369621 0.393311 0.418053 0.443871 0.470787 0.498825 0.528008 0.558357 0.589897 0.62265 0.656639 0.691887 0.728416 0.766251 0.805412 0.845924 0.88781 0.931091 0.975792 1.02193 
0.0260925 0.0260925 0.0261154 0.0261841 0.0263214 0.0265503 0.0268936 0.0273743 0.0280151 0.0288391 0.0298691 0.0311279 0.0326385 0.0344238 0.0365067 0.0389099 0.0416565 0.0447693 0.0482712 0.0521851 0.0565338 0.0613403 0.0666275 0.0724182 0.0787354 0.0856018 0.0930405 0.101074 0.109726 0.119019 0.128975 0.139618 0.15097 0.163055 0.175896 0.189514 0.203934 0.219177 0.235268 0.252228 0.270081 0.288849 0.308556 0.329224 0.350876 0.373535 0.397224 0.421967 0.447784 0.474701 0.502739 0.531921 0.562271 0.593811 0.626564 0.660553 0.695801 0.73233 0.770164 0.809326 0.849838 0.891724 0.935005 0.979706 1.02585 
0.0304413 0.0304413 0.0304642 0.0305328 0.0306702 0.030899 0.0312424 0.031723 0.0323639 0.0331879 0.0342178 0.0354767 0.0369873 0.0387726 0.0408554 0.0432587 0.0460052 0.049118 0.0526199 0.0565338 0.0608826 0.0656891 0.0709763 0.076767 0.0830841 0.0899506 0.0973892 0.105423 0.114075 0.123367 0.133324 0.143967 0.155319 0.167404 0.180244 0.193863 0.208282 0.223526 0.239616 0.256577 0.274429 0.293198 0.312904 0.333572 0.355225 0.377884 0.401573 0.426315 0.452133 0.47905 0.507088 0.53627 0.56662 0.59816 0.630913 0.664902 0.70015 0.736679 0.774513 0.813675 0.854187 0.896072 0.939354 0.984055 1.0302 
0.0352478 0.0352478 0.0352707 0.0353394 0.0354767 0.0357056 0.0360489 0.0365295 0.0371704 0.0379944 0.0390244 0.0402832 0.0417938 0.0435791 0.0456619 0.0480652 0.0508118 0.0539246 0.0574265 0.0613403 0.0656891 0.0704956 0.0757828 0.0815735 0.0878906 0.0947571 0.102196 0.110229 0.118881 0.128174 0.13813 0.148773 0.160126 0.172211 0.185051 0.198669 0.213089 0.228333 0.244423 0.261383 0.279236 0.298004 0.317711 0.338379 0.360031 0.38269 0.40638 0.431122 0.45694 0.483856 0.511894 0.541077 0.571426 0.602966 0.635719 0.669708 0.704956 0.741486 0.77932 0.818481 0.858994 0.900879 0.94416 0.988861 1.035 
0.040535 0.040535 0.0405579 0.0406265 0.0407639 0.0409927 0.0413361 0.0418167 0.0424576 0.0432816 0.0443115 0.0455704 0.047081 0.0488663 0.0509491 0.0533524 0.0560989 0.0592117 0.0627136 0.0666275 0.0709763 0.0757828 0.0810699 0.0868607 0.0931778 0.100044 0.107483 0.115517 0.124168 0.133461 0.143417 0.15406 0.165413 0.177498 0.190338 0.203957 0.218376 0.23362 0.24971 0.26667 0.284523 0.303291 0.322998 0.343666 0.365318 0.387978 0.411667 0.436409 0.462227 0.489143 0.517181 0.546364 0.576714 0.608253 0.641006 0.674995 0.710243 0.746773 0.784607 0.823769 0.864281 0.906166 0.949448 0.994148 1.04029 
0.0463257 0.0463257 0.0463486 0.0464172 0.0465546 0.0467834 0.0471268 0.0476074 0.0482483 0.0490723 0.0501022 0.0513611 0.0528717 0.054657 0.0567398 0.0591431 0.0618896 0.0650024 0.0685043 0.0724182 0.076767 0.0815735 0.0868607 0.0926514 0.0989685 0.105835 0.113274 0.121307 0.129959 0.139252 0.149208 0.159851 0.171204 0.183289 0.196129 0.209747 0.224167 0.23941 0.255501 0.272461 0.290314 0.309082 0.328789 0.349457 0.371109 0.393768 0.417458 0.4422 0.468018 0.494934 0.522972 0.552155 0.582504 0.614044 0.646797 0.680786 0.716034 0.752563 0.790398 0.829559 0.870071 0.911957 0.955238 0.999939 1.04608 
0.0526428 0.0526428 0.0526657 0.0527344 0.0528717 0.0531006 0.0534439 0.0539246 0.0545654 0.0553894 0.0564194 0.0576782 0.0591888 0.0609741 0.0630569 0.0654602 0.0682068 0.0713196 0.0748215 0.0787354 0.0830841 0.0878906 0.0931778 0.0989685 0.105286 0.112152 0.119591 0.127625 0.136276 0.145569 0.155525 0.166168 0.177521 0.189606 0.202446 0.216064 0.230484 0.245728 0.261818 0.278778 0.296631 0.315399 0.335106 0.355774 0.377426 0.400085 0.423775 0.448517 0.474335 0.501251 0.529289 0.558472 0.588821 0.620361 0.653114 0.687103 0.722351 0.758881 0.796715 0.835876 0.876389 0.918274 0.961555 1.00626 1.0524 
0.0595093 0.0595093 0.0595322 0.0596008 0.0597382 0.059967 0.0603104 0.060791 0.0614319 0.0622559 0.0632858 0.0645447 0.0660553 0.0678406 0.0699234 0.0723267 0.0750732 0.078186 0.0816879 0.0856018 0.0899506 0.0947571 0.100044 0.105835 0.112152 0.119019 0.126457 0.134491 0.143143 0.152435 0.162392 0.173035 0.184387 0.196472 0.209312 0.222931 0.23735 0.252594 0.268684 0.285645 0.303497 0.322266 0.341972 0.36264 0.384293 0.406952 0.430641 0.455383 0.481201 0.508118 0.536156 0.565338 0.595688 0.627228 0.659981 0.69397 0.729218 0.765747 0.803581 0.842743 0.883255 0.92514 0.968422 1.01312 1.05927 
0.0669479 0.0669479 0.0669708 0.0670395 0.0671768 0.0674057 0.067749 0.0682297 0.0688705 0.0696945 0.0707245 0.0719833 0.073494 0.0752792 0.0773621 0.0797653 0.0825119 0.0856247 0.0891266 0.0930405 0.0973892 0.102196 0.107483 0.113274 0.119591 0.126457 0.133896 0.14193 0.150581 0.159874 0.16983 0.180473 0.191826 0.203911 0.216751 0.23037 0.244789 0.260033 0.276123 0.293083 0.310936 0.329704 0.349411 0.370079 0.391731 0.414391 0.43808 0.462822 0.48864 0.515556 0.543594 0.572777 0.603127 0.634666 0.667419 0.701408 0.736656 0.773186 0.81102 0.850182 0.890694 0.932579 0.975861 1.02056 1.0667 
0.0749817 0.0749817 0.0750046 0.0750732 0.0752106 0.0754395 0.0757828 0.0762634 0.0769043 0.0777283 0.0787582 0.0800171 0.0815277 0.083313 0.0853958 0.0877991 0.0905457 0.0936584 0.0971603 0.101074 0.105423 0.110229 0.115517 0.121307 0.127625 0.134491 0.14193 0.149963 0.158615 0.167908 0.177864 0.188507 0.19986 0.211945 0.224785 0.238403 0.252823 0.268066 0.284157 0.301117 0.31897 0.337738 0.357445 0.378113 0.399765 0.422424 0.446114 0.470856 0.496674 0.52359 0.551628 0.580811 0.61116 0.6427 0.675453 0.709442 0.74469 0.781219 0.819054 0.858215 0.898727 0.940613 0.983894 1.02859 1.07474 
0.0836334 0.0836334 0.0836563 0.083725 0.0838623 0.0840912 0.0844345 0.0849152 0.085556 0.08638 0.08741 0.0886688 0.0901794 0.0919647 0.0940475 0.0964508 0.0991974 0.10231 0.105812 0.109726 0.114075 0.118881 0.124168 0.129959 0.136276 0.143143 0.150581 0.158615 0.167267 0.176559 0.186516 0.197159 0.208511 0.220596 0.233437 0.247055 0.261475 0.276718 0.292809 0.309769 0.327621 0.34639 0.366096 0.386765 0.408417 0.431076 0.454765 0.479507 0.505325 0.532242 0.56028 0.589462 0.619812 0.651352 0.684105 0.718094 0.753342 0.789871 0.827705 0.866867 0.907379 0.949265 0.992546 1.03725 1.08339 
0.092926 0.092926 0.0929489 0.0930176 0.0931549 0.0933838 0.0937271 0.0942078 0.0948486 0.0956726 0.0967026 0.0979614 0.099472 0.101257 0.10334 0.105743 0.10849 0.111603 0.115105 0.119019 0.123367 0.128174 0.133461 0.139252 0.145569 0.152435 0.159874 0.167908 0.176559 0.185852 0.195808 0.206451 0.217804 0.229889 0.242729 0.256348 0.270767 0.286011 0.302101 0.319061 0.336914 0.355682 0.375389 0.396057 0.417709 0.440369 0.464058 0.4888 0.514618 0.541534 0.569572 0.598755 0.629105 0.660645 0.693398 0.727386 0.762634 0.799164 0.836998 0.87616 0.916672 0.958557 1.00184 1.04654 1.09268 
0.102882 0.102882 0.102905 0.102974 0.103111 0.10334 0.103683 0.104164 0.104805 0.105629 0.106659 0.107918 0.109428 0.111214 0.113297 0.1157 0.118446 0.121559 0.125061 0.128975 0.133324 0.13813 0.143417 0.149208 0.155525 0.162392 0.16983 0.177864 0.186516 0.195808 0.205765 0.216408 0.22776 0.239845 0.252686 0.266304 0.280724 0.295967 0.312057 0.329018 0.34687 0.365639 0.385345 0.406013 0.427666 0.450325 0.474014 0.498756 0.524574 0.551491 0.579529 0.608711 0.639061 0.670601 0.703354 0.737343 0.772591 0.80912 0.846954 0.886116 0.926628 0.968513 1.0118 1.0565 1.10264 
0.113525 0.113525 0.113548 0.113617 0.113754 0.113983 0.114326 0.114807 0.115448 0.116272 0.117302 0.118561 0.120071 0.121857 0.12394 0.126343 0.129089 0.132202 0.135704 0.139618 0.143967 0.148773 0.15406 0.159851 0.166168 0.173035 0.180473 0.188507 0.197159 0.206451 0.216408 0.227051 0.238403 0.250488 0.263329 0.276947 0.291367 0.30661 0.322701 0.339661 0.357513 0.376282 0.395988 0.416656 0.438309 0.460968 0.484657 0.509399 0.535217 0.562134 0.590172 0.619354 0.649704 0.681244 0.713997 0.747986 0.783234 0.819763 0.857597 0.896759 0.937271 0.979156 1.02244 1.06714 1.11328 
0.124878 0.124878 0.124901 0.124969 0.125107 0.125336 0.125679 0.12616 0.126801 0.127625 0.128654 0.129913 0.131424 0.133209 0.135292 0.137695 0.140442 0.143555 0.147057 0.15097 0.155319 0.160126 0.165413 0.171204 0.177521 0.184387 0.191826 0.19986 0.208511 0.217804 0.22776 0.238403 0.249756 0.261841 0.274681 0.2883 0.302719 0.317963 0.334053 0.351013 0.368866 0.387634 0.407341 0.428009 0.449661 0.472321 0.49601 0.520752 0.54657 0.573486 0.601524 0.630707 0.661057 0.692596 0.725349 0.759338 0.794586 0.831116 0.86895 0.908112 0.948624 0.990509 1.03379 1.07849 1.12463 
0.136963 0.136963 0.136986 0.137054 0.137192 0.137421 0.137764 0.138245 0.138885 0.139709 0.140739 0.141998 0.143509 0.145294 0.147377 0.14978 0.152527 0.15564 0.159142 0.163055 0.167404 0.172211 0.177498 0.183289 0.189606 0.196472 0.203911 0.211945 0.220596 0.229889 0.239845 0.250488 0.261841 0.273926 0.286766 0.300385 0.314804 0.330048 0.346138 0.363098 0.380951 0.399719 0.419426 0.440094 0.461746 0.484406 0.508095 0.532837 0.558655 0.585571 0.613609 0.642792 0.673141 0.704681 0.737434 0.771423 0.806671 0.843201 0.881035 0.920197 0.960709 1.00259 1.04588 1.09058 1.13672 
0.149803 0.149803 0.149826 0.149895 0.150032 0.150261 0.150604 0.151085 0.151726 0.15255 0.15358 0.154839 0.156349 0.158134 0.160217 0.162621 0.165367 0.16848 0.171982 0.175896 0.180244 0.185051 0.190338 0.196129 0.202446 0.209312 0.216751 0.224785 0.233437 0.242729 0.252686 0.263329 0.274681 0.286766 0.299606 0.313225 0.327644 0.342888 0.358978 0.375938 0.393791 0.41256 0.432266 0.452934 0.474586 0.497246 0.520935 0.545677 0.571495 0.598412 0.62645 0.655632 0.685982 0.717522 0.750275 0.784264 0.819511 0.856041 0.893875 0.933037 0.973549 1.01543 1.05872 1.10342 1.14956 
0.163422 0.163422 0.163445 0.163513 0.163651 0.163879 0.164223 0.164703 0.165344 0.166168 0.167198 0.168457 0.169968 0.171753 0.173836 0.176239 0.178986 0.182098 0.1856 0.189514 0.193863 0.198669 0.203957 0.209747 0.216064 0.222931 0.23037 0.238403 0.247055 0.256348 0.266304 0.276947 0.2883 0.300385 0.313225 0.326843 0.341263 0.356506 0.372597 0.389557 0.40741 0.426178 0.445885 0.466553 0.488205 0.510864 0.534554 0.559296 0.585114 0.61203 0.640068 0.66925 0.6996 0.73114 0.763893 0.797882 0.83313 0.869659 0.907494 0.946655 0.987167 1.02905 1.07233 1.11703 1.16318 
0.177841 0.177841 0.177864 0.177933 0.17807 0.178299 0.178642 0.179123 0.179764 0.180588 0.181618 0.182877 0.184387 0.186172 0.188255 0.190659 0.193405 0.196518 0.20002 0.203934 0.208282 0.213089 0.218376 0.224167 0.230484 0.23735 0.244789 0.252823 0.261475 0.270767 0.280724 0.291367 0.302719 0.314804 0.327644 0.341263 0.355682 0.370926 0.387016 0.403976 0.421829 0.440598 0.460304 0.480972 0.502625 0.525284 0.548973 0.573715 0.599533 0.62645 0.654488 0.68367 0.71402 0.74556 0.778313 0.812302 0.847549 0.884079 0.921913 0.961075 1.00159 1.04347 1.08675 1.13145 1.1776 
0.193085 0.193085 0.193108 0.193176 0.193314 0.193542 0.193886 0.194366 0.195007 0.195831 0.196861 0.19812 0.199631 0.201416 0.203499 0.205902 0.208649 0.211761 0.215263 0.219177 0.223526 0.228333 0.23362 0.23941 0.245728 0.252594 0.260033 0.268066 0.276718 0.286011 0.295967 0.30661 0.317963 0.330048 0.342888 0.356506 0.370926 0.386169 0.40226 0.41922 0.437073 0.455841 0.475548 0.496216 0.517868 0.540527 0.564217 0.588959 0.614777 0.641693 0.669731 0.698914 0.729263 0.760803 0.793556 0.827545 0.862793 0.899323 0.937157 0.976318 1.01683 1.05872 1.102 1.1467 1.19284 
0.209175 0.209175 0.209198 0.209267 0.209404 0.209633 0.209976 0.210457 0.211098 0.211922 0.212952 0.214211 0.215721 0.217506 0.219589 0.221992 0.224739 0.227852 0.231354 0.235268 0.239616 0.244423 0.24971 0.255501 0.261818 0.268684 0.276123 0.284157 0.292809 0.302101 0.312057 0.322701 0.334053 0.346138 0.358978 0.372597 0.387016 0.40226 0.41835 0.43531 0.453163 0.471931 0.491638 0.512306 0.533958 0.556618 0.580307 0.605049 0.630867 0.657784 0.685822 0.715004 0.745354 0.776894 0.809647 0.843636 0.878883 0.915413 0.953247 0.992409 1.03292 1.07481 1.11809 1.16279 1.20893 
0.226135 0.226135 0.226158 0.226227 0.226364 0.226593 0.226936 0.227417 0.228058 0.228882 0.229912 0.231171 0.232681 0.234467 0.236549 0.238953 0.241699 0.244812 0.248314 0.252228 0.256577 0.261383 0.26667 0.272461 0.278778 0.285645 0.293083 0.301117 0.309769 0.319061 0.329018 0.339661 0.351013 0.363098 0.375938 0.389557 0.403976 0.41922 0.43531 0.452271 0.470123 0.488892 0.508598 0.529266 0.550919 0.573578 0.597267 0.622009 0.647827 0.674744 0.702782 0.731964 0.762314 0.793854 0.826607 0.860596 0.895844 0.932373 0.970207 1.00937 1.04988 1.09177 1.13505 1.17975 1.22589 
0.243988 0.243988 0.244011 0.24408 0.244217 0.244446 0.244789 0.24527 0.245911 0.246735 0.247765 0.249023 0.250534 0.252319 0.254402 0.256805 0.259552 0.262665 0.266167 0.270081 0.274429 0.279236 0.284523 0.290314 0.296631 0.303497 0.310936 0.31897 0.327621 0.336914 0.34687 0.357513 0.368866 0.380951 0.393791 0.40741 0.421829 0.437073 0.453163 0.470123 0.487976 0.506744 0.526451 0.547119 0.568771 0.591431 0.61512 0.639862 0.66568 0.692596 0.720634 0.749817 0.780167 0.811707 0.84446 0.878448 0.913696 0.950226 0.98806 1.02722 1.06773 1.10962 1.1529 1.1976 1.24374 
0.262756 0.262756 0.262779 0.262848 0.262985 0.263214 0.263557 0.264038 0.264679 0.265503 0.266533 0.267792 0.269302 0.271088 0.27317 0.275574 0.27832 0.281433 0.284935 0.288849 0.293198 0.298004 0.303291 0.309082 0.315399 0.322266 0.329704 0.337738 0.34639 0.355682 0.365639 0.376282 0.387634 0.399719 0.41256 0.426178 0.440598 0.455841 0.471931 0.488892 0.506744 0.525513 0.545219 0.565887 0.58754 0.610199 0.633888 0.65863 0.684448 0.711365 0.739403 0.768585 0.798935 0.830475 0.863228 0.897217 0.932465 0.968994 1.00683 1.04599 1.0865 1.12839 1.17167 1.21637 1.26251 
0.282463 0.282463 0.282486 0.282555 0.282692 0.282921 0.283264 0.283745 0.284386 0.28521 0.28624 0.287498 0.289009 0.290794 0.292877 0.29528 0.298027 0.30114 0.304642 0.308556 0.312904 0.317711 0.322998 0.328789 0.335106 0.341972 0.349411 0.357445 0.366096 0.375389 0.385345 0.395988 0.407341 0.419426 0.432266 0.445885 0.460304 0.475548 0.491638 0.508598 0.526451 0.545219 0.564926 0.585594 0.607246 0.629906 0.653595 0.678337 0.704155 0.731071 0.759109 0.788292 0.818642 0.850182 0.882935 0.916924 0.952171 0.988701 1.02654 1.0657 1.10621 1.14809 1.19138 1.23608 1.28222 
0.303131 0.303131 0.303154 0.303223 0.30336 0.303589 0.303932 0.304413 0.305054 0.305878 0.306908 0.308167 0.309677 0.311462 0.313545 0.315948 0.318695 0.321808 0.32531 0.329224 0.333572 0.338379 0.343666 0.349457 0.355774 0.36264 0.370079 0.378113 0.386765 0.396057 0.406013 0.416656 0.428009 0.440094 0.452934 0.466553 0.480972 0.496216 0.512306 0.529266 0.547119 0.565887 0.585594 0.606262 0.627914 0.650574 0.674263 0.699005 0.724823 0.75174 0.779778 0.80896 0.83931 0.87085 0.903603 0.937592 0.972839 1.00937 1.0472 1.08636 1.12688 1.16876 1.21204 1.25674 1.30289 
0.324783 0.324783 0.324806 0.324875 0.325012 0.325241 0.325584 0.326065 0.326706 0.32753 0.32856 0.329819 0.331329 0.333115 0.335197 0.337601 0.340347 0.34346 0.346962 0.350876 0.355225 0.360031 0.365318 0.371109 0.377426 0.384293 0.391731 0.399765 0.408417 0.417709 0.427666 0.438309 0.449661 0.461746 0.474586 0.488205 0.502625 0.517868 0.533958 0.550919 0.568771 0.58754 0.607246 0.627914 0.649567 0.672226 0.695915 0.720657 0.746475 0.773392 0.80143 0.830612 0.860962 0.892502 0.925255 0.959244 0.994492 1.03102 1.06886 1.10802 1.14853 1.19041 1.2337 1.2784 1.32454 
0.347443 0.347443 0.347466 0.347534 0.347672 0.3479 0.348244 0.348724 0.349365 0.350189 0.351219 0.352478 0.353989 0.355774 0.357857 0.36026 0.363007 0.366119 0.369621 0.373535 0.377884 0.38269 0.387978 0.393768 0.400085 0.406952 0.414391 0.422424 0.431076 0.440369 0.450325 0.460968 0.472321 0.484406 0.497246 0.510864 0.525284 0.540527 0.556618 0.573578 0.591431 0.610199 0.629906 0.650574 0.672226 0.694885 0.718575 0.743317 0.769135 0.796051 0.824089 0.853271 0.883621 0.915161 0.947914 0.981903 1.01715 1.05368 1.09151 1.13068 1.17119 1.21307 1.25636 1.30106 1.3472 
0.371132 0.371132 0.371155 0.371223 0.371361 0.37159 0.371933 0.372414 0.373055 0.373878 0.374908 0.376167 0.377678 0.379463 0.381546 0.383949 0.386696 0.389809 0.393311 0.397224 0.401573 0.40638 0.411667 0.417458 0.423775 0.430641 0.43808 0.446114 0.454765 0.464058 0.474014 0.484657 0.49601 0.508095 0.520935 0.534554 0.548973 0.564217 0.580307 0.597267 0.61512 0.633888 0.653595 0.674263 0.695915 0.718575 0.742264 0.767006 0.792824 0.81974 0.847778 0.876961 0.90731 0.93885 0.971603 1.00559 1.04084 1.07737 1.1152 1.15437 1.19488 1.23676 1.28004 1.32475 1.37089 
0.395874 0.395874 0.395897 0.395966 0.396103 0.396332 0.396675 0.397156 0.397797 0.398621 0.399651 0.400909 0.40242 0.404205 0.406288 0.408691 0.411438 0.414551 0.418053 0.421967 0.426315 0.431122 0.436409 0.4422 0.448517 0.455383 0.462822 0.470856 0.479507 0.4888 0.498756 0.509399 0.520752 0.532837 0.545677 0.559296 0.573715 0.588959 0.605049 0.622009 0.639862 0.65863 0.678337 0.699005 0.720657 0.743317 0.767006 0.791748 0.817566 0.844482 0.87252 0.901703 0.932053 0.963593 0.996346 1.03033 1.06558 1.10211 1.13995 1.17911 1.21962 1.26151 1.30479 1.34949 1.39563 
0.421692 0.421692 0.421715 0.421783 0.421921 0.42215 0.422493 0.422974 0.423615 0.424438 0.425468 0.426727 0.428238 0.430023 0.432106 0.434509 0.437256 0.440369 0.443871 0.447784 0.452133 0.45694 0.462227 0.468018 0.474335 0.481201 0.48864 0.496674 0.505325 0.514618 0.524574 0.535217 0.54657 0.558655 0.571495 0.585114 0.599533 0.614777 0.630867 0.647827 0.66568 0.684448 0.704155 0.724823 0.746475 0.769135 0.792824 0.817566 0.843384 0.8703 0.898338 0.927521 0.95787 0.98941 1.02216 1.05615 1.0914 1.12793 1.16576 1.20493 1.24544 1.28732 1.3306 1.37531 1.42145 
0.448608 0.448608 0.448631 0.4487 0.448837 0.449066 0.449409 0.44989 0.450531 0.451355 0.452385 0.453644 0.455154 0.45694 0.459023 0.461426 0.464172 0.467285 0.470787 0.474701 0.47905 0.483856 0.489143 0.494934 0.501251 0.508118 0.515556 0.52359 0.532242 0.541534 0.551491 0.562134 0.573486 0.585571 0.598412 0.61203 0.62645 0.641693 0.657784 0.674744 0.692596 0.711365 0.731071 0.75174 0.773392 0.796051 0.81974 0.844482 0.8703 0.897217 0.925255 0.954437 0.984787 1.01633 1.04908 1.08307 1.11832 1.15485 1.19268 1.23184 1.27235 1.31424 1.35752 1.40222 1.44836 
0.476646 0.476646 0.476669 0.476738 0.476875 0.477104 0.477448 0.477928 0.478569 0.479393 0.480423 0.481682 0.483192 0.484978 0.487061 0.489464 0.49221 0.495323 0.498825 0.502739 0.507088 0.511894 0.517181 0.522972 0.529289 0.536156 0.543594 0.551628 0.56028 0.569572 0.579529 0.590172 0.601524 0.613609 0.62645 0.640068 0.654488 0.669731 0.685822 0.702782 0.720634 0.739403 0.759109 0.779778 0.80143 0.824089 0.847778 0.87252 0.898338 0.925255 0.953293 0.982475 1.01283 1.04436 1.07712 1.11111 1.14635 1.18288 1.22072 1.25988 1.30039 1.34228 1.38556 1.43026 1.4764 
0.505829 0.505829 0.505852 0.50592 0.506058 0.506287 0.50663 0.507111 0.507751 0.508575 0.509605 0.510864 0.512375 0.51416 0.516243 0.518646 0.521393 0.524506 0.528008 0.531921 0.53627 0.541077 0.546364 0.552155 0.558472 0.565338 0.572777 0.580811 0.589462 0.598755 0.608711 0.619354 0.630707 0.642792 0.655632 0.66925 0.68367 0.698914 0.715004 0.731964 0.749817 0.768585 0.788292 0.80896 0.830612 0.853271 0.876961 0.901703 0.927521 0.954437 0.982475 1.01166 1.04201 1.07355 1.1063 1.14029 1.17554 1.21207 1.2499 1.28906 1.32957 1.37146 1.41474 1.45944 1.50558 
0.536179 0.536179 0.536201 0.53627 0.536407 0.536636 0.53698 0.53746 0.538101 0.538925 0.539955 0.541214 0.542725 0.54451 0.546593 0.548996 0.551743 0.554855 0.558357 0.562271 0.56662 0.571426 0.576714 0.582504 0.588821 0.595688 0.603127 0.61116 0.619812 0.629105 0.639061 0.649704 0.661057 0.673141 0.685982 0.6996 0.71402 0.729263 0.745354 0.762314 0.780167 0.798935 0.818642 0.83931 0.860962 0.883621 0.90731 0.932053 0.95787 0.984787 1.01283 1.04201 1.07236 1.1039 1.13665 1.17064 1.20589 1.24242 1.28025 1.31941 1.35992 1.40181 1.44509 1.48979 1.53593 
0.567719 0.567719 0.567741 0.56781 0.567947 0.568176 0.56852 0.569 0.569641 0.570465 0.571495 0.572754 0.574265 0.57605 0.578133 0.580536 0.583282 0.586395 0.589897 0.593811 0.59816 0.602966 0.608253 0.614044 0.620361 0.627228 0.634666 0.6427 0.651352 0.660645 0.670601 0.681244 0.692596 0.704681 0.717522 0.73114 0.74556 0.760803 0.776894 0.793854 0.811707 0.830475 0.850182 0.87085 0.892502 0.915161 0.93885 0.963593 0.98941 1.01633 1.04436 1.07355 1.1039 1.13544 1.16819 1.20218 1.23743 1.27396 1.31179 1.35095 1.39146 1.43335 1.47663 1.52133 1.56747 
0.600471 0.600471 0.600494 0.600563 0.6007 0.600929 0.601273 0.601753 0.602394 0.603218 0.604248 0.605507 0.607018 0.608803 0.610886 0.613289 0.616035 0.619148 0.62265 0.626564 0.630913 0.635719 0.641006 0.646797 0.653114 0.659981 0.667419 0.675453 0.684105 0.693398 0.703354 0.713997 0.725349 0.737434 0.750275 0.763893 0.778313 0.793556 0.809647 0.826607 0.84446 0.863228 0.882935 0.903603 0.925255 0.947914 0.971603 0.996346 1.02216 1.04908 1.07712 1.1063 1.13665 1.16819 1.20094 1.23493 1.27018 1.30671 1.34454 1.38371 1.42422 1.4661 1.50938 1.55408 1.60023 
0.63446 0.63446 0.634483 0.634552 0.634689 0.634918 0.635262 0.635742 0.636383 0.637207 0.638237 0.639496 0.641006 0.642792 0.644875 0.647278 0.650024 0.653137 0.656639 0.660553 0.664902 0.669708 0.674995 0.680786 0.687103 0.69397 0.701408 0.709442 0.718094 0.727386 0.737343 0.747986 0.759338 0.771423 0.784264 0.797882 0.812302 0.827545 0.843636 0.860596 0.878448 0.897217 0.916924 0.937592 0.959244 0.981903 1.00559 1.03033 1.05615 1.08307 1.11111 1.14029 1.17064 1.20218 1.23493 1.26892 1.30417 1.3407 1.37853 1.41769 1.45821 1.50009 1.54337 1.58807 1.63422 
0.669708 0.669708 0.669731 0.6698 0.669937 0.670166 0.670509 0.67099 0.671631 0.672455 0.673485 0.674744 0.676254 0.67804 0.680122 0.682526 0.685272 0.688385 0.691887 0.695801 0.70015 0.704956 0.710243 0.716034 0.722351 0.729218 0.736656 0.74469 0.753342 0.762634 0.772591 0.783234 0.794586 0.806671 0.819511 0.83313 0.847549 0.862793 0.878883 0.895844 0.913696 0.932465 0.952171 0.972839 0.994492 1.01715 1.04084 1.06558 1.0914 1.11832 1.14635 1.17554 1.20589 1.23743 1.27018 1.30417 1.33942 1.37595 1.41378 1.45294 1.49345 1.53534 1.57862 1.62332 1.66946 
0.706238 0.706238 0.706261 0.706329 0.706467 0.706696 0.707039 0.70752 0.70816 0.708984 0.710014 0.711273 0.712784 0.714569 0.716652 0.719055 0.721802 0.724915 0.728416 0.73233 0.736679 0.741486 0.746773 0.752563 0.758881 0.765747 0.773186 0.781219 0.789871 0.799164 0.80912 0.819763 0.831116 0.843201 0.856041 0.869659 0.884079 0.899323 0.915413 0.932373 0.950226 0.968994 0.988701 1.00937 1.03102 1.05368 1.07737 1.10211 1.12793 1.15485 1.18288 1.21207 1.24242 1.27396 1.30671 1.3407 1.37595 1.41248 1.45031 1.48947 1.52998 1.57187 1.61515 1.65985 1.70599 
0.744072 0.744072 0.744095 0.744164 0.744301 0.74453 0.744873 0.745354 0.745995 0.746819 0.747849 0.749107 0.750618 0.752403 0.754486 0.756889 0.759636 0.762749 0.766251 0.770164 0.774513 0.77932 0.784607 0.790398 0.796715 0.803581 0.81102 0.819054 0.827705 0.836998 0.846954 0.857597 0.86895 0.881035 0.893875 0.907494 0.921913 0.937157 0.953247 0.970207 0.98806 1.00683 1.02654 1.0472 1.06886 1.09151 1.1152 1.13995 1.16576 1.19268 1.22072 1.2499 1.28025 1.31179 1.34454 1.37853 1.41378 1.45031 1.48814 1.52731 1.56782 1.6097 1.65298 1.69769 1.74383 
0.783234 0.783234 0.783257 0.783325 0.783463 0.783691 0.784035 0.784515 0.785156 0.78598 0.78701 0.788269 0.78978 0.791565 0.793648 0.796051 0.798798 0.80191 0.805412 0.809326 0.813675 0.818481 0.823769 0.829559 0.835876 0.842743 0.850182 0.858215 0.866867 0.87616 0.886116 0.896759 0.908112 0.920197 0.933037 0.946655 0.961075 0.976318 0.992409 1.00937 1.02722 1.04599 1.0657 1.08636 1.10802 1.13068 1.15437 1.17911 1.20493 1.23184 1.25988 1.28906 1.31941 1.35095 1.38371 1.41769 1.45294 1.48947 1.52731 1.56647 1.60698 1.64886 1.69215 1.73685 1.78299 
0.823746 0.823746 0.823769 0.823837 0.823975 0.824203 0.824547 0.825027 0.825668 0.826492 0.827522 0.828781 0.830292 0.832077 0.83416 0.836563 0.83931 0.842422 0.845924 0.849838 0.854187 0.858994 0.864281 0.870071 0.876389 0.883255 0.890694 0.898727 0.907379 0.916672 0.926628 0.937271 0.948624 0.960709 0.973549 0.987167 1.00159 1.01683 1.03292 1.04988 1.06773 1.0865 1.10621 1.12688 1.14853 1.17119 1.19488 1.21962 1.24544 1.27235 1.30039 1.32957 1.35992 1.39146 1.42422 1.45821 1.49345 1.52998 1.56782 1.60698 1.64749 1.68938 1.73266 1.77736 1.8235 
0.865631 0.865631 0.865654 0.865723 0.86586 0.866089 0.866432 0.866913 0.867554 0.868378 0.869408 0.870667 0.872177 0.873962 0.876045 0.878448 0.881195 0.884308 0.88781 0.891724 0.896072 0.900879 0.906166 0.911957 0.918274 0.92514 0.932579 0.940613 0.949265 0.958557 0.968513 0.979156 0.990509 1.00259 1.01543 1.02905 1.04347 1.05872 1.07481 1.09177 1.10962 1.12839 1.14809 1.16876 1.19041 1.21307 1.23676 1.26151 1.28732 1.31424 1.34228 1.37146 1.40181 1.43335 1.4661 1.50009 1.53534 1.57187 1.6097 1.64886 1.68938 1.73126 1.77454 1.81924 1.86539 
0.908913 0.908913 0.908936 0.909004 0.909142 0.90937 0.909714 0.910194 0.910835 0.911659 0.912689 0.913948 0.915459 0.917244 0.919327 0.92173 0.924477 0.927589 0.931091 0.935005 0.939354 0.94416 0.949448 0.955238 0.961555 0.968422 0.975861 0.983894 0.992546 1.00184 1.0118 1.02244 1.03379 1.04588 1.05872 1.07233 1.08675 1.102 1.11809 1.13505 1.1529 1.17167 1.19138 1.21204 1.2337 1.25636 1.28004 1.30479 1.3306 1.35752 1.38556 1.41474 1.44509 1.47663 1.50938 1.54337 1.57862 1.61515 1.65298 1.69215 1.73266 1.77454 1.81783 1.86253 1.90867 
0.953613 0.953613 0.953636 0.953705 0.953842 0.954071 0.954414 0.954895 0.955536 0.95636 0.95739 0.958649 0.960159 0.961945 0.964027 0.966431 0.969177 0.97229 0.975792 0.979706 0.984055 0.988861 0.994148 0.999939 1.00626 1.01312 1.02056 1.02859 1.03725 1.04654 1.0565 1.06714 1.07849 1.09058 1.10342 1.11703 1.13145 1.1467 1.16279 1.17975 1.1976 1.21637 1.23608 1.25674 1.2784 1.30106 1.32475 1.34949 1.37531 1.40222 1.43026 1.45944 1.48979 1.52133 1.55408 1.58807 1.62332 1.65985 1.69769 1.73685 1.77736 1.81924 1.86253 1.90723 1.95337 
0.999756 0.999756 0.999779 0.999847 0.999985 1.00021 1.00056 1.00104 1.00168 1.0025 1.00353 1.00479 1.0063 1.00809 1.01017 1.01257 1.01532 1.01843 1.02193 1.02585 1.0302 1.035 1.04029 1.04608 1.0524 1.05927 1.0667 1.07474 1.08339 1.09268 1.10264 1.11328 1.12463 1.13672 1.14956 1.16318 1.1776 1.19284 1.20893 1.22589 1.24374 1.26251 1.28222 1.30289 1.32454 1.3472 1.37089 1.39563 1.42145 1.44836 1.4764 1.50558 1.53593 1.56747 1.60023 1.63422 1.66946 1.70599 1.74383 1.78299 1.8235 1.86539 1.90867 1.95337 1.99951 
