0 -0.101746 -0.147515 -0.173463 -0.189856 -0.200305 -0.20653 -0.209661 -0.21055 
-0.101746 0.020546 0.120254 0.184566 0.19987 0.16039 0.0696038 -0.0605035 -0.211438 
-0.147515 0.120254 0.339959 0.482558 0.526353 0.463347 0.301599 0.0643135 -0.213636 
-0.173463 0.184566 0.482558 0.677866 0.741546 0.663557 0.454919 0.146336 -0.216374 
-0.189856 0.19987 0.526353 0.741546 0.813459 0.73116 0.506695 0.173439 -0.218916 
-0.200305 0.16039 0.463347 0.663557 0.73116 0.655982 0.449174 0.141611 -0.220771 
-0.20653 0.0696038 0.301599 0.454919 0.506695 0.449174 0.29092 0.0555589 -0.221778 
-0.209661 -0.0605035 0.0643135 0.146336 0.173439 0.141611 0.0555589 -0.0719771 -0.222097 
-0.21055 -0.211438 -0.213636 -0.216374 -0.218916 -0.220771 -0.221778 -0.222097 -0.222097 
